Linux 4.9.253-tegra (nano-desktop) 	08/16/2023 	_aarch64_	(4 CPU)

07:18:12 PM     CPU      %usr     %nice      %sys   %iowait    %steal      %irq     %soft    %guest    %gnice     %idle
07:18:13 PM     all      0.25      0.00     14.90     17.42      0.00      0.51      0.25      0.00      0.00     66.67
07:18:14 PM     all      0.25      0.00      2.53     17.93      0.00      0.00      0.25      0.00      0.00     79.04
07:18:15 PM     all      0.00      0.00      5.00     17.00      0.00      0.25      0.00      0.00      0.00     77.75
07:18:16 PM     all      0.25      0.00      4.52     20.35      0.00      0.25      0.25      0.00      0.00     74.37
07:18:17 PM     all      0.25      0.00      3.52     20.60      0.00      0.25      0.00      0.00      0.00     75.38
07:18:18 PM     all      0.00      0.00      3.78     19.90      0.00      0.25      0.25      0.00      0.00     75.82
07:18:19 PM     all      0.50      0.00      4.51     18.80      0.00      0.25      0.25      0.00      0.00     75.69
07:18:20 PM     all      0.00      0.00      5.01     18.30      0.00      0.00      0.00      0.00      0.00     76.69
07:18:21 PM     all      0.00      0.00      4.75     20.00      0.00      0.25      0.25      0.00      0.00     74.75
07:18:22 PM     all      0.25      0.00      4.52     16.83      0.00      0.25      0.00      0.00      0.00     78.14
07:18:23 PM     all      0.25      0.00      3.78     17.63      0.00      0.25      0.25      0.00      0.00     77.83
07:18:24 PM     all      0.25      0.00      4.27     17.09      0.00      0.00      0.25      0.00      0.00     78.14
07:18:25 PM     all      0.25      0.00      4.76     17.29      0.00      0.25      0.00      0.00      0.00     77.44
07:18:26 PM     all      0.25      0.00      3.79     18.94      0.00      0.25      0.25      0.00      0.00     76.52
07:18:27 PM     all      0.00      0.00      4.56     18.99      0.00      0.25      0.00      0.00      0.00     76.20
07:18:28 PM     all      0.25      0.00      5.04     17.38      0.00      0.00      0.25      0.00      0.00     77.08
07:18:29 PM     all      0.25      0.00      5.26     17.29      0.00      0.25      0.25      0.00      0.00     76.69
07:18:30 PM     all      0.25      0.00     13.35      9.32      0.00      0.25      0.25      0.00      0.00     76.57
07:18:31 PM     all      0.00      0.00      3.78     16.88      0.00      0.25      0.00      0.00      0.00     79.09
07:18:32 PM     all      0.00      0.00      3.79     16.92      0.00      0.25      0.25      0.00      0.00     78.79
07:18:33 PM     all      0.25      0.00      4.52     16.33      0.00      0.25      0.00      0.00      0.00     78.64
07:18:34 PM     all      0.00      0.00      4.52     17.34      0.00      0.00      0.25      0.00      0.00     77.89
07:18:35 PM     all      0.25      0.00      4.28     15.62      0.00      0.25      0.00      0.00      0.00     79.60
07:18:36 PM     all      0.00      0.00      3.76     17.54      0.00      0.25      0.25      0.00      0.00     78.20
07:18:37 PM     all      0.00      0.00      3.54     14.94      0.00      0.25      0.25      0.00      0.00     81.01
07:18:38 PM     all      0.25      0.00      5.00     15.50      0.00      0.25      0.00      0.00      0.00     79.00
07:18:39 PM     all      0.25      0.00      4.51     16.79      0.00      0.00      0.25      0.00      0.00     78.20
07:18:40 PM     all      0.00      0.00      4.53     18.14      0.00      0.25      0.00      0.00      0.00     77.08
07:18:41 PM     all      0.25      0.00      4.00     15.00      0.00      0.25      0.25      0.00      0.00     80.25
07:18:42 PM     all      0.00      0.00      4.53     17.38      0.00      0.25      0.25      0.00      0.00     77.58
07:18:43 PM     all      0.00      0.00      4.52     16.33      0.00      0.25      0.00      0.00      0.00     78.89
07:18:44 PM     all      0.25      0.00      4.27     16.83      0.00      0.00      0.25      0.00      0.00     78.39
07:18:45 PM     all      0.00      0.00      5.29     15.37      0.00      0.25      0.00      0.00      0.00     79.09
07:18:46 PM     all      0.25      0.00      4.27     17.59      0.00      0.25      0.25      0.00      0.00     77.39
07:18:47 PM     all      0.00      0.00      4.76     19.55      0.00      0.25      0.25      0.00      0.00     75.19
07:18:48 PM     all     30.63      0.00     19.24      7.09      0.00      0.51      0.25      0.00      0.00     42.28
07:18:49 PM     all     45.20      0.00      4.55     19.44      0.00      0.51      0.25      0.00      0.00     30.05
07:18:50 PM     all     49.62      0.00      5.79     19.90      0.00      0.50      0.50      0.00      0.00     23.68
07:18:51 PM     all     48.11      0.00      4.79     20.15      0.00      0.50      0.25      0.00      0.00     26.20
07:18:52 PM     all     50.63      0.00      4.53     18.39      0.00      0.50      0.25      0.00      0.00     25.69
07:18:53 PM     all     41.31      0.00      4.53     18.64      0.00      0.50      0.50      0.00      0.00     34.51
07:18:54 PM     all     40.25      0.00      4.56     18.73      0.00      0.51      0.25      0.00      0.00     35.70
07:18:55 PM     all     44.33      0.00      4.53     20.40      0.00      0.50      0.25      0.00      0.00     29.97
07:18:56 PM     all     51.26      0.00      5.28     20.10      0.00      0.50      0.50      0.00      0.00     22.36
07:18:57 PM     all     40.66      0.00      5.05     19.19      0.00      0.51      0.25      0.00      0.00     34.34
07:18:58 PM     all     60.30      0.00      5.28     17.59      0.00      0.50      0.50      0.00      0.00     15.83
07:18:59 PM     all     64.14      0.00      5.30     16.41      0.00      0.76      0.25      0.00      0.00     13.13
07:19:00 PM     all     65.58      0.00      6.53     17.09      0.00      0.50      0.50      0.00      0.00      9.80
07:19:01 PM     all     63.57      0.00      5.28     18.09      0.00      0.75      0.25      0.00      0.00     12.06
07:19:02 PM     all     61.56      0.00      6.28     17.34      0.00      0.50      0.50      0.00      0.00     13.82
07:19:03 PM     all     56.57      0.00      5.56     18.94      0.00      0.51      0.25      0.00      0.00     18.18
07:19:04 PM     all     53.54      0.00      6.31     19.19      0.00      0.51      0.51      0.00      0.00     19.95
07:19:05 PM     all     49.87      0.00      7.34     18.73      0.00      0.76      0.25      0.00      0.00     23.04
07:19:06 PM     all     51.26      0.00     12.56     11.81      0.00      0.50      0.50      0.00      0.00     23.37
07:19:07 PM     all     47.49      0.00      5.53     19.85      0.00      0.50      0.25      0.00      0.00     26.38
07:19:08 PM     all     54.27      0.00      4.77     19.60      0.00      0.50      0.25      0.00      0.00     20.60
07:19:09 PM     all     56.25      0.00      5.00     18.25      0.00      0.50      0.50      0.00      0.00     19.50
07:19:10 PM     all     42.46      0.00      4.77     18.84      0.00      0.50      0.25      0.00      0.00     33.17
07:19:11 PM     all     38.94      0.00      4.77     19.35      0.00      0.50      0.25      0.00      0.00     36.18
07:19:12 PM     all     47.00      0.00      5.00     19.50      0.00      0.50      0.25      0.00      0.00     27.75
07:19:13 PM     all     50.51      0.00      5.81     17.93      0.00      0.51      0.51      0.00      0.00     24.75
07:19:14 PM     all     42.71      0.00      4.27     19.60      0.00      0.50      0.25      0.00      0.00     32.66
07:19:15 PM     all     61.62      0.00      5.05     18.18      0.00      0.76      0.25      0.00      0.00     14.14
07:19:16 PM     all     61.77      0.00      4.81     19.24      0.00      0.51      0.51      0.00      0.00     13.16
07:19:17 PM     all     55.30      0.00      5.30     19.44      0.00      0.51      0.25      0.00      0.00     19.19
07:19:18 PM     all     20.85      0.00      5.03     14.57      0.00      0.50      0.25      0.00      0.00     58.79
07:19:19 PM     all      0.00      0.00      4.29     11.62      0.00      0.00      0.25      0.00      0.00     83.84
07:19:20 PM     all      0.25      0.00      4.26     13.53      0.00      0.25      0.00      0.00      0.00     81.70
07:19:21 PM     all      0.25      0.00      5.01     14.29      0.00      0.25      0.25      0.00      0.00     79.95
07:19:22 PM     all      0.00      0.00      5.03     17.34      0.00      0.25      0.25      0.00      0.00     77.14
07:19:23 PM     all      0.25      0.00      9.05     16.83      0.00      0.25      0.00      0.00      0.00     73.62
07:19:24 PM     all      0.25      0.00     10.05     13.82      0.00      0.25      0.25      0.00      0.00     75.38
07:19:25 PM     all      0.00      0.00      3.55     16.24      0.00      0.00      0.25      0.00      0.00     79.95
07:19:26 PM     all      0.25      0.00      3.78     19.90      0.00      0.25      0.00      0.00      0.00     75.82
07:19:27 PM     all      0.00      0.00      4.53     17.38      0.00      0.25      0.25      0.00      0.00     77.58
07:19:28 PM     all      0.00      0.00      5.45     16.83      0.00      0.25      0.25      0.00      0.00     77.23
07:19:29 PM     all      0.25      0.00      3.80     17.72      0.00      0.00      0.00      0.00      0.00     78.23
07:19:30 PM     all      0.00      0.00      5.00     15.75      0.00      0.25      0.25      0.00      0.00     78.75
07:19:31 PM     all      0.00      0.00      4.29     16.92      0.00      0.25      0.00      0.00      0.00     78.54
07:19:32 PM     all      0.50      0.00      4.02     18.09      0.00      0.25      0.25      0.00      0.00     76.88
07:19:33 PM     all      0.00      0.00      4.05     18.99      0.00      0.00      0.25      0.00      0.00     76.71
07:19:34 PM     all      0.00      0.00      4.28     14.36      0.00      0.25      0.00      0.00      0.00     81.11
07:19:35 PM     all      0.25      0.00      4.26     16.04      0.00      0.25      0.25      0.00      0.00     78.95
07:19:36 PM     all      0.00      0.00      4.76     15.54      0.00      0.25      0.25      0.00      0.00     79.20
07:19:37 PM     all      0.25      0.00      4.51     13.03      0.00      0.25      0.00      0.00      0.00     81.95
07:19:38 PM     all      0.25      0.00      4.53     15.62      0.00      0.25      0.25      0.00      0.00     79.09
07:19:39 PM     all      0.00      0.00      5.78     17.09      0.00      0.00      0.00      0.00      0.00     77.14
07:19:40 PM     all      0.25      0.00      5.26     18.55      0.00      0.25      0.25      0.00      0.00     75.44
07:19:41 PM     all      0.75      0.00     12.81      9.80      0.00      0.25      0.25      0.00      0.00     76.13
07:19:42 PM     all      0.00      0.00      4.26     15.29      0.00      0.25      0.25      0.00      0.00     79.95
07:19:43 PM     all      0.25      0.00      3.80     15.44      0.00      0.25      0.00      0.00      0.00     80.25
07:19:44 PM     all      0.50      0.00      4.26     17.54      0.00      0.25      0.25      0.00      0.00     77.19
07:19:45 PM     all      0.25      0.00      4.04     18.43      0.00      0.00      0.00      0.00      0.00     77.27
07:19:46 PM     all      0.00      0.00      3.26     20.80      0.00      0.25      0.25      0.00      0.00     75.44
07:19:47 PM     all      0.25      0.00      4.99     16.96      0.00      0.25      0.25      0.00      0.00     77.31
07:19:48 PM     all      0.00      0.00      5.01     16.04      0.00      0.25      0.00      0.00      0.00     78.70
07:19:49 PM     all      0.00      0.00      4.74     17.96      0.00      0.25      0.25      0.00      0.00     76.81
07:19:50 PM     all      0.25      0.00      4.30     17.97      0.00      0.00      0.00      0.00      0.00     77.47
07:19:51 PM     all      0.25      0.00      4.75     16.75      0.00      0.25      0.25      0.00      0.00     77.75
07:19:52 PM     all      0.25      0.00      4.49     16.96      0.00      0.25      0.25      0.00      0.00     77.81
07:19:53 PM     all      0.00      0.00      4.52     14.57      0.00      0.25      0.00      0.00      0.00     80.65
07:19:54 PM     all      0.25      0.00      3.03     18.18      0.00      0.25      0.25      0.00      0.00     78.03
07:19:55 PM     all      0.51      0.00      3.54     18.94      0.00      0.00      0.00      0.00      0.00     77.02
07:19:56 PM     all      0.00      0.00      4.28     19.65      0.00      0.25      0.25      0.00      0.00     75.57
07:19:57 PM     all      0.00      0.00      5.78     18.09      0.00      0.25      0.00      0.00      0.00     75.88
07:19:58 PM     all      0.25      0.00      5.75     18.25      0.00      0.25      0.25      0.00      0.00     75.25
07:19:59 PM     all     27.53      0.00     18.43      7.32      0.00      0.51      0.51      0.00      0.00     45.71
07:20:00 PM     all     51.51      0.00      6.28     18.84      0.00      0.50      0.25      0.00      0.00     22.61
07:20:01 PM     all     55.16      0.00      5.54     19.90      0.00      0.50      0.25      0.00      0.00     18.64
07:20:02 PM     all     53.15      0.00      5.79     18.64      0.00      0.50      0.50      0.00      0.00     21.41
07:20:03 PM     all     57.25      0.00      5.75     18.00      0.00      0.75      0.25      0.00      0.00     18.00
07:20:04 PM     all     56.42      0.00      4.03     18.89      0.00      0.50      0.50      0.00      0.00     19.65
07:20:05 PM     all     44.05      0.00      4.30     17.97      0.00      0.51      0.25      0.00      0.00     32.91
07:20:06 PM     all     58.79      0.00      6.03     17.84      0.00      0.50      0.50      0.00      0.00     16.33
07:20:07 PM     all     59.45      0.00      6.05     17.13      0.00      0.50      0.25      0.00      0.00     16.62
07:20:08 PM     all     55.56      0.00      5.05     19.44      0.00      0.76      0.51      0.00      0.00     18.69
07:20:09 PM     all     43.43      0.00      5.05     18.69      0.00      0.51      0.25      0.00      0.00     32.07
07:20:10 PM     all     55.64      0.00      5.51     18.30      0.00      0.50      0.25      0.00      0.00     19.80
07:20:11 PM     all     49.87      0.00      5.04     19.65      0.00      0.50      0.50      0.00      0.00     24.43
07:20:12 PM     all     59.60      0.00      5.30     18.18      0.00      0.76      0.25      0.00      0.00     15.91
07:20:13 PM     all     60.86      0.00      5.81     17.68      0.00      0.51      0.51      0.00      0.00     14.65
07:20:14 PM     all     59.40      0.00      6.77     18.05      0.00      0.75      0.50      0.00      0.00     14.54
07:20:15 PM     all     42.68      0.00      6.82     19.19      0.00      0.25      0.25      0.00      0.00     30.81
07:20:16 PM     all     45.25      0.00      6.25     18.75      0.00      0.75      0.25      0.00      0.00     28.75
07:20:17 PM     all     32.32      0.00     13.38      8.33      0.00      0.51      0.51      0.00      0.00     44.95
07:20:18 PM     all     32.74      0.00      5.08     19.29      0.00      0.51      0.25      0.00      0.00     42.13
07:20:19 PM     all     46.72      0.00      6.06     19.95      0.00      0.25      0.25      0.00      0.00     26.77
07:20:20 PM     all     54.27      0.00      4.52     16.58      0.00      0.75      0.50      0.00      0.00     23.37
07:20:21 PM     all     47.10      0.00      4.79     19.40      0.00      0.50      0.25      0.00      0.00     27.96
07:20:22 PM     all     47.49      0.00      5.78     19.10      0.00      0.50      0.50      0.00      0.00     26.63
07:20:23 PM     all     38.38      0.00      5.05     18.18      0.00      0.51      0.25      0.00      0.00     37.63
07:20:24 PM     all     41.96      0.00      5.28     18.09      0.00      0.50      0.25      0.00      0.00     33.92
07:20:25 PM     all     47.74      0.00      4.52     16.08      0.00      0.50      0.50      0.00      0.00     30.65
07:20:26 PM     all     41.79      0.00      4.98     18.16      0.00      0.50      0.25      0.00      0.00     34.33
07:20:27 PM     all     58.44      0.00      5.54     15.87      0.00      0.50      0.50      0.00      0.00     19.14
07:20:28 PM     all     61.81      0.00      6.03     16.83      0.00      0.50      0.25      0.00      0.00     14.57
07:20:29 PM     all     21.75      0.00      5.75     16.00      0.00      0.50      0.25      0.00      0.00     55.75
07:20:30 PM     all      0.00      0.00      4.76     15.54      0.00      0.25      0.25      0.00      0.00     79.20
07:20:31 PM     all      0.25      0.00      4.03     16.88      0.00      0.00      0.00      0.00      0.00     78.84
07:20:32 PM     all      0.50      0.00      4.53     19.90      0.00      0.25      0.25      0.00      0.00     74.56
07:20:33 PM     all      0.00      0.00      4.79     16.88      0.00      0.25      0.25      0.00      0.00     77.83
07:20:34 PM     all      0.25      0.00      5.53     18.34      0.00      0.25      0.00      0.00      0.00     75.63
07:20:35 PM     all      0.25      0.00     13.60     11.08      0.00      0.25      0.25      0.00      0.00     74.56
07:20:36 PM     all      0.00      0.00      2.77     18.39      0.00      0.25      0.25      0.00      0.00     78.34
07:20:37 PM     all      0.25      0.00      3.75     21.25      0.00      0.00      0.00      0.00      0.00     74.75
07:20:38 PM     all      0.00      0.00      2.53     19.49      0.00      0.25      0.25      0.00      0.00     77.47
07:20:39 PM     all      0.25      0.00      4.98     19.40      0.00      0.25      0.00      0.00      0.00     75.12
07:20:40 PM     all      0.25      0.00      2.51     20.10      0.00      0.00      0.25      0.00      0.00     76.88
07:20:41 PM     all      0.00      0.00      4.51     18.80      0.00      0.25      0.00      0.00      0.00     76.44
07:20:42 PM     all      0.00      0.00      2.76     22.11      0.00      0.25      0.25      0.00      0.00     74.62
07:20:43 PM     all      0.25      0.00      2.27     21.41      0.00      0.00      0.00      0.00      0.00     76.07
07:20:44 PM     all      0.00      0.00      2.76     19.55      0.00      0.25      0.25      0.00      0.00     77.19
07:20:45 PM     all      0.25      0.00      3.27     19.85      0.00      0.25      0.00      0.00      0.00     76.38
07:20:46 PM     all      0.25      0.00      2.76     21.80      0.00      0.25      0.25      0.00      0.00     74.69
07:20:47 PM     all      0.25      0.00      1.76     21.91      0.00      0.00      0.00      0.00      0.00     76.07
07:20:48 PM     all      0.50      0.00      3.25     19.50      0.00      0.25      0.25      0.00      0.00     76.25
07:20:49 PM     all      0.00      0.00      2.52     19.90      0.00      0.00      0.00      0.00      0.00     77.58
07:20:50 PM     all      1.00      0.00      4.51     21.30      0.00      0.25      0.00      0.00      0.00     72.93
07:20:51 PM     all      0.00      0.00      2.75     20.25      0.00      0.25      0.25      0.00      0.00     76.50
07:20:52 PM     all      0.25      0.00      3.27     18.09      0.00      0.25      0.00      0.00      0.00     78.14
07:20:53 PM     all      0.00      0.00      2.28     23.04      0.00      0.00      0.25      0.00      0.00     74.43
07:20:54 PM     all      0.50      0.00      2.25     23.50      0.00      0.25      0.00      0.00      0.00     73.50
07:20:55 PM     all      0.25      0.00      3.75     16.50      0.00      0.25      0.25      0.00      0.00     79.00
07:20:56 PM     all      0.76      0.00      4.03     20.15      0.00      0.00      0.25      0.00      0.00     74.81
07:20:57 PM     all      0.25      0.00      4.02     20.10      0.00      0.25      0.00      0.00      0.00     75.38
07:20:58 PM     all      0.00      0.00      4.76     21.05      0.00      0.25      0.25      0.00      0.00     73.68
07:20:59 PM     all      0.00      0.00      3.78     21.66      0.00      0.00      0.00      0.00      0.00     74.56
07:21:00 PM     all      1.50      0.00     11.25     13.25      0.00      0.50      0.25      0.00      0.00     73.25
07:21:01 PM     all      0.00      0.00      6.08     17.97      0.00      0.00      0.25      0.00      0.00     75.70
07:21:02 PM     all      0.25      0.00      4.49     16.46      0.00      0.25      0.00      0.00      0.00     78.55
07:21:03 PM     all      0.00      0.00      3.50     19.75      0.00      0.25      0.25      0.00      0.00     76.25
07:21:04 PM     all      0.25      0.00      3.78     18.14      0.00      0.25      0.00      0.00      0.00     77.58
07:21:05 PM     all      0.25      0.00      2.52     17.13      0.00      0.00      0.25      0.00      0.00     79.85
07:21:06 PM     all      0.25      0.00      3.00     16.75      0.00      0.25      0.00      0.00      0.00     79.75
07:21:07 PM     all      0.00      0.00      3.99     21.20      0.00      0.00      0.25      0.00      0.00     74.56
07:21:08 PM     all      0.25      0.00      4.26     18.05      0.00      0.25      0.00      0.00      0.00     77.19
07:21:09 PM     all      0.00      0.00      3.49     17.21      0.00      0.25      0.25      0.00      0.00     78.80
07:21:10 PM     all      0.25      0.00      4.75     18.75      0.00      0.25      0.00      0.00      0.00     76.00
07:21:11 PM     all      0.00      0.00      3.50     19.50      0.00      0.00      0.25      0.00      0.00     76.75
07:21:12 PM     all      0.00      0.00      4.50     17.25      0.00      0.25      0.00      0.00      0.00     78.00
07:21:13 PM     all      1.00      0.00      3.99     14.46      0.00      0.25      0.25      0.00      0.00     80.05
07:21:14 PM     all      0.25      0.00      3.99     19.20      0.00      0.25      0.25      0.00      0.00     76.06
07:21:15 PM     all      0.25      0.00      4.98     14.18      0.00      0.00      0.00      0.00      0.00     80.60
07:21:16 PM     all      0.00      0.00      3.50     16.25      0.00      0.25      0.25      0.00      0.00     79.75
07:21:17 PM     all      0.00      0.00      4.27     16.58      0.00      0.25      0.00      0.00      0.00     78.89
07:21:18 PM     all      0.25      0.00      4.44     18.52      0.00      0.25      0.25      0.00      0.00     76.30
07:21:19 PM     all      0.00      0.00      5.71     18.36      0.00      0.00      0.00      0.00      0.00     75.93
07:21:20 PM     all      0.25      0.00      4.22     16.38      0.00      0.25      0.25      0.00      0.00     78.66
07:21:21 PM     all      0.00      0.00      4.24     19.45      0.00      0.00      0.00      0.00      0.00     76.31
07:21:22 PM     all      0.25      0.00      6.45     19.60      0.00      0.25      0.25      0.00      0.00     73.20
07:21:23 PM     all     17.66      0.00     17.16      8.46      0.00      0.50      0.25      0.00      0.00     55.97
07:21:24 PM     all     44.39      0.00      9.98     15.21      0.00      0.50      0.50      0.00      0.00     29.43
07:21:25 PM     all     44.91      0.00      6.70     17.62      0.00      0.50      0.25      0.00      0.00     30.02
07:21:26 PM     all     43.69      0.00      6.82     19.95      0.00      0.51      0.25      0.00      0.00     28.79
07:21:27 PM     all     43.39      0.00      5.49     17.71      0.00      0.50      0.25      0.00      0.00     32.67
07:21:28 PM     all     45.41      0.00      6.95     17.87      0.00      0.50      0.50      0.00      0.00     28.78
07:21:29 PM     all     55.64      0.00      6.02     16.04      0.00      0.50      0.25      0.00      0.00     21.55
07:21:30 PM     all     42.04      0.00      6.47     18.91      0.00      0.75      0.50      0.00      0.00     31.34
07:21:31 PM     all     50.00      0.00      6.53     18.59      0.00      0.50      0.25      0.00      0.00     24.12
07:21:32 PM     all     47.87      0.00      6.77     19.55      0.00      0.50      0.25      0.00      0.00     25.06
07:21:33 PM     all     49.38      0.00      6.98     17.71      0.00      0.50      0.50      0.00      0.00     24.94
07:21:34 PM     all     42.50      0.00      6.00     19.50      0.00      0.50      0.25      0.00      0.00     31.25
07:21:36 PM     all     46.52      0.00      7.21     17.66      0.00      0.50      0.50      0.00      0.00     27.61
07:21:37 PM     all     50.00      0.00      7.25     18.75      0.00      0.50      0.25      0.00      0.00     23.25
07:21:38 PM     all     50.13      0.00      6.02     17.54      0.00      0.50      0.50      0.00      0.00     25.31
07:21:39 PM     all     53.12      0.00      7.23     17.96      0.00      0.75      0.25      0.00      0.00     20.70
07:21:40 PM     all     45.75      0.00      7.75     18.25      0.00      0.50      0.50      0.00      0.00     27.25
07:21:41 PM     all     44.11      0.00      7.02     18.80      0.00      0.50      0.25      0.00      0.00     29.32
07:21:42 PM     all     43.64      0.00     11.22     15.21      0.00      0.50      0.25      0.00      0.00     29.18
07:21:43 PM     all     43.89      0.00     11.47     13.47      0.00      0.50      0.50      0.00      0.00     30.17
07:21:44 PM     all     34.42      0.00      5.78     18.84      0.00      0.50      0.25      0.00      0.00     40.20
07:21:45 PM     all     46.63      0.00      6.23     16.46      0.00      0.50      0.50      0.00      0.00     29.68
07:21:46 PM     all     36.14      0.00      6.19     18.32      0.00      0.50      0.25      0.00      0.00     38.61
07:21:47 PM     all     55.92      0.00      6.55     18.89      0.00      0.50      0.50      0.00      0.00     17.63
07:21:48 PM     all     52.88      0.00      6.02     19.05      0.00      0.50      0.25      0.00      0.00     21.30
07:21:49 PM     all     40.25      0.00      6.25     19.50      0.00      0.50      0.25      0.00      0.00     33.25
07:21:50 PM     all     50.38      0.00      5.76     18.80      0.00      0.50      0.50      0.00      0.00     24.06
07:21:51 PM     all     45.39      0.00      6.23     18.20      0.00      0.50      0.25      0.00      0.00     29.43
07:21:52 PM     all     40.55      0.00      5.72     18.16      0.00      0.50      0.50      0.00      0.00     34.58
07:21:53 PM     all     40.15      0.00      5.99     19.70      0.00      0.50      0.25      0.00      0.00     33.42
07:21:54 PM     all     44.58      0.00      5.54     17.88      0.00      0.50      0.25      0.00      0.00     31.23
07:21:55 PM     all      0.25      0.00      4.98     17.41      0.00      0.25      0.25      0.00      0.00     76.87
07:21:56 PM     all      0.00      0.00      5.97     18.41      0.00      0.25      0.00      0.00      0.00     75.37
07:21:57 PM     all      0.74      0.00      5.45     15.84      0.00      0.25      0.25      0.00      0.00     77.48
07:21:58 PM     all      0.00      0.00      5.99     15.46      0.00      0.25      0.25      0.00      0.00     78.05
07:21:59 PM     all      0.50      0.00      5.26     15.54      0.00      0.00      0.00      0.00      0.00     78.70
07:22:00 PM     all      1.00      0.00     14.18      8.46      0.00      0.50      0.25      0.00      0.00     75.62
07:22:01 PM     all      1.24      0.00      5.72     17.16      0.00      0.00      0.25      0.00      0.00     75.62
07:22:02 PM     all      0.50      0.00      5.22     14.68      0.00      0.25      0.25      0.00      0.00     79.10
07:22:03 PM     all      0.74      0.00      3.97     19.85      0.00      0.25      0.00      0.00      0.00     75.19
07:22:04 PM     all      0.50      0.00      4.71     15.38      0.00      0.25      0.25      0.00      0.00     78.91
07:22:05 PM     all      0.50      0.00      4.28     17.13      0.00      0.00      0.00      0.00      0.00     78.09
07:22:06 PM     all      1.00      0.00      3.76     18.30      0.00      0.25      0.25      0.00      0.00     76.44
07:22:07 PM     all      0.50      0.00      3.75     16.25      0.00      0.25      0.00      0.00      0.00     79.25
07:22:08 PM     all      0.50      0.00      4.51     13.53      0.00      0.25      0.25      0.00      0.00     80.95
07:22:09 PM     all      0.25      0.00      4.99     16.96      0.00      0.00      0.25      0.00      0.00     77.56
07:22:10 PM     all      0.25      0.00      4.51     15.04      0.00      0.25      0.00      0.00      0.00     79.95
07:22:11 PM     all      0.00      0.00      4.28     15.87      0.00      0.25      0.25      0.00      0.00     79.35
07:22:12 PM     all      0.25      0.00      4.76     16.04      0.00      0.25      0.00      0.00      0.00     78.70
07:22:13 PM     all      0.25      0.00      3.76     14.04      0.00      0.25      0.25      0.00      0.00     81.45
07:22:14 PM     all      0.25      0.00      4.99     15.21      0.00      0.25      0.25      0.00      0.00     79.05
07:22:15 PM     all      0.25      0.00      4.31     15.23      0.00      0.00      0.00      0.00      0.00     80.20
07:22:16 PM     all      0.00      0.00      3.74     16.21      0.00      0.25      0.25      0.00      0.00     79.55
07:22:17 PM     all      0.25      0.00      4.76     15.79      0.00      0.25      0.00      0.00      0.00     78.95
07:22:18 PM     all      0.25      0.00     10.00     11.00      0.00      0.25      0.25      0.00      0.00     78.25
07:22:19 PM     all      0.00      0.00      8.35     14.43      0.00      0.25      0.25      0.00      0.00     76.71
07:22:20 PM     all      0.00      0.00      4.52     17.09      0.00      0.25      0.00      0.00      0.00     78.14
07:22:21 PM     all      0.25      0.00      4.28     16.88      0.00      0.00      0.25      0.00      0.00     78.34
07:22:22 PM     all      0.25      0.00      3.27     16.12      0.00      0.25      0.25      0.00      0.00     79.85
07:22:23 PM     all      0.00      0.00      3.79     15.66      0.00      0.25      0.00      0.00      0.00     80.30
07:22:24 PM     all      0.00      0.00      3.77     18.59      0.00      0.25      0.25      0.00      0.00     77.14
07:22:25 PM     all      0.25      0.00      4.29     18.43      0.00      0.00      0.00      0.00      0.00     77.02
07:22:26 PM     all      0.25      0.00      4.27     15.83      0.00      0.25      0.25      0.00      0.00     79.15
07:22:27 PM     all      0.25      0.00      4.75     15.25      0.00      0.25      0.25      0.00      0.00     79.25
07:22:28 PM     all      0.00      0.00      4.52     14.57      0.00      0.25      0.00      0.00      0.00     80.65
07:22:29 PM     all      0.25      0.00      4.27     20.35      0.00      0.00      0.25      0.00      0.00     74.87
07:22:30 PM     all      0.00      0.00      5.03     16.58      0.00      0.25      0.00      0.00      0.00     78.14
07:22:31 PM     all      0.00      0.00      4.02     15.58      0.00      0.25      0.25      0.00      0.00     79.90
07:22:32 PM     all      0.25      0.00      4.98     16.17      0.00      0.25      0.25      0.00      0.00     78.11
07:22:33 PM     all      0.25      0.00      4.53     16.12      0.00      0.25      0.00      0.00      0.00     78.84
07:22:34 PM     all      0.25      0.00      5.50     17.00      0.00      0.25      0.25      0.00      0.00     76.75
07:22:35 PM     all      0.25      0.00      5.05     16.41      0.00      0.00      0.00      0.00      0.00     78.28
07:22:36 PM     all     22.11      0.00     19.60      6.53      0.00      0.50      0.50      0.00      0.00     50.75
07:22:37 PM     all     48.36      0.00      5.29     17.88      0.00      0.50      0.25      0.00      0.00     27.71
07:22:38 PM     all     46.23      0.00      5.03     17.59      0.00      0.50      0.25      0.00      0.00     30.40
07:22:39 PM     all     49.62      0.00      5.01     18.55      0.00      0.50      0.50      0.00      0.00     25.81
07:22:40 PM     all     55.30      0.00      4.80     20.45      0.00      0.76      0.25      0.00      0.00     18.43
07:22:41 PM     all     50.38      0.00      5.76     16.79      0.00      0.50      0.50      0.00      0.00     26.07
07:22:42 PM     all     48.61      0.00      5.04     18.39      0.00      0.50      0.25      0.00      0.00     27.20
07:22:43 PM     all     52.76      0.00      5.78     18.09      0.00      0.50      0.25      0.00      0.00     22.61
07:22:44 PM     all     47.24      0.00      5.78     19.10      0.00      0.50      0.50      0.00      0.00     26.88
07:22:45 PM     all     50.51      0.00      5.81     17.68      0.00      0.76      0.51      0.00      0.00     24.75
07:22:46 PM     all     60.96      0.00      5.04     17.63      0.00      0.50      0.25      0.00      0.00     15.62
07:22:47 PM     all     52.26      0.00      4.27     19.10      0.00      0.50      0.50      0.00      0.00     23.37
07:22:48 PM     all     42.42      0.00      5.05     18.43      0.00      0.51      0.25      0.00      0.00     33.33
07:22:49 PM     all     48.49      0.00      5.03     17.84      0.00      0.50      0.50      0.00      0.00     27.64
07:22:50 PM     all     44.81      0.00      4.81     17.72      0.00      0.76      0.25      0.00      0.00     31.65
07:22:51 PM     all     47.37      0.00      5.01     19.05      0.00      0.50      0.50      0.00      0.00     27.57
07:22:52 PM     all     48.00      0.00      7.00     17.50      0.00      0.50      0.25      0.00      0.00     26.75
07:22:53 PM     all     40.95      0.00      6.28     18.84      0.00      0.50      0.50      0.00      0.00     32.91
07:22:54 PM     all     35.70      0.00     13.92     10.63      0.00      0.51      0.25      0.00      0.00     38.99
07:22:55 PM     all     37.44      0.00      4.77     18.59      0.00      0.50      0.25      0.00      0.00     38.44
07:22:56 PM     all     49.50      0.00      4.77     17.34      0.00      0.50      0.50      0.00      0.00     27.39
07:22:57 PM     all     40.30      0.00      4.79     18.64      0.00      0.50      0.25      0.00      0.00     35.52
07:22:58 PM     all     52.51      0.00      5.03     18.34      0.00      0.50      0.50      0.00      0.00     23.12
07:22:59 PM     all     55.67      0.00      4.53     18.14      0.00      0.50      0.25      0.00      0.00     20.91
07:23:00 PM     all     61.85      0.00      5.74     16.71      0.00      0.75      0.50      0.00      0.00     14.46
07:23:01 PM     all     59.45      0.00      5.79     17.38      0.00      0.50      0.25      0.00      0.00     16.62
07:23:02 PM     all     54.77      0.00      5.53     18.59      0.00      0.50      0.50      0.00      0.00     20.10
07:23:03 PM     all     63.25      0.00      6.00     16.75      0.00      0.75      0.25      0.00      0.00     13.00
07:23:04 PM     all     60.10      0.00      5.05     18.18      0.00      0.51      0.51      0.00      0.00     15.66
07:23:05 PM     all     55.78      0.00      5.28     16.83      0.00      0.50      0.25      0.00      0.00     21.36
07:23:06 PM     all     27.82      0.00      5.26     18.30      0.00      0.50      0.25      0.00      0.00     47.87
07:23:07 PM     all      0.25      0.00      4.99     19.45      0.00      0.25      0.25      0.00      0.00     74.81
07:23:08 PM     all      0.25      0.00      3.79     16.41      0.00      0.25      0.25      0.00      0.00     79.04
07:23:09 PM     all      0.00      0.00      4.56     16.71      0.00      0.00      0.00      0.00      0.00     78.73
07:23:10 PM     all      0.25      0.00      5.50     13.50      0.00      0.25      0.25      0.00      0.00     80.25
07:23:11 PM     all      0.00      0.00      6.22     15.17      0.00      0.25      0.25      0.00      0.00     78.11
07:23:12 PM     all      0.25      0.00     14.68      8.96      0.00      0.25      0.25      0.00      0.00     75.62
07:23:13 PM     all      0.00      0.00      4.29     16.92      0.00      0.25      0.00      0.00      0.00     78.54
07:23:14 PM     all      0.00      0.00      4.27     17.34      0.00      0.25      0.25      0.00      0.00     77.89
07:23:15 PM     all      0.25      0.00      4.75     15.75      0.00      0.00      0.00      0.00      0.00     79.25
07:23:16 PM     all      0.25      0.00      4.27     16.08      0.00      0.25      0.25      0.00      0.00     78.89
07:23:17 PM     all      0.00      0.00      4.74     21.20      0.00      0.25      0.25      0.00      0.00     73.57
07:23:18 PM     all      1.00      0.00      5.01     15.79      0.00      0.25      0.00      0.00      0.00     77.94
07:23:19 PM     all      0.00      0.00      4.02     17.34      0.00      0.25      0.25      0.00      0.00     78.14
07:23:20 PM     all      0.25      0.00      5.00     16.50      0.00      0.25      0.00      0.00      0.00     78.00
07:23:21 PM     all      0.75      0.00      5.28     15.83      0.00      0.00      0.25      0.00      0.00     77.89
07:23:22 PM     all      0.25      0.00      4.26     15.79      0.00      0.25      0.25      0.00      0.00     79.20
07:23:23 PM     all      0.25      0.00      4.51     13.53      0.00      0.25      0.00      0.00      0.00     81.45
07:23:24 PM     all      0.00      0.00      4.27     17.09      0.00      0.25      0.25      0.00      0.00     78.14
07:23:25 PM     all      0.00      0.00      4.29     14.65      0.00      0.25      0.00      0.00      0.00     80.81
07:23:26 PM     all      0.25      0.00      4.27     15.83      0.00      0.00      0.25      0.00      0.00     79.40
07:23:27 PM     all      1.00      0.00      5.51     15.04      0.00      0.25      0.25      0.00      0.00     77.94
07:23:28 PM     all      0.25      0.00      4.80     15.15      0.00      0.25      0.00      0.00      0.00     79.55
07:23:29 PM     all      0.00      0.00      6.28     16.58      0.00      0.25      0.25      0.00      0.00     76.63
07:23:30 PM     all      0.00      0.00     12.15     10.63      0.00      0.25      0.25      0.00      0.00     76.71
07:23:31 PM     all      0.25      0.00      4.51     16.79      0.00      0.25      0.00      0.00      0.00     78.20
07:23:32 PM     all      0.00      0.00      3.54     19.24      0.00      0.25      0.25      0.00      0.00     76.71
07:23:33 PM     all      0.25      0.00      4.76     15.54      0.00      0.00      0.25      0.00      0.00     79.20
07:23:34 PM     all      0.00      0.00      4.05     16.71      0.00      0.25      0.00      0.00      0.00     78.99
07:23:35 PM     all      0.00      0.00      4.99     16.96      0.00      0.25      0.25      0.00      0.00     77.56
07:23:36 PM     all      0.00      0.00      4.52     13.07      0.00      0.25      0.00      0.00      0.00     82.16
07:23:37 PM     all      0.00      0.00      4.53     19.40      0.00      0.00      0.25      0.00      0.00     75.82
07:23:38 PM     all      0.00      0.00      4.52     18.59      0.00      0.25      0.25      0.00      0.00     76.38
07:23:39 PM     all      0.00      0.00      4.53     19.14      0.00      0.25      0.00      0.00      0.00     76.07
07:23:40 PM     all      0.25      0.00      4.51     17.04      0.00      0.25      0.25      0.00      0.00     77.69
07:23:41 PM     all      0.00      0.00      4.52     16.83      0.00      0.00      0.00      0.00      0.00     78.64
07:23:42 PM     all      0.25      0.00      4.52     17.09      0.00      0.25      0.25      0.00      0.00     77.64
07:23:43 PM     all      0.00      0.00      4.26     17.29      0.00      0.25      0.25      0.00      0.00     77.94
07:23:44 PM     all      0.00      0.00      4.81     12.91      0.00      0.25      0.00      0.00      0.00     82.03
07:23:45 PM     all      0.25      0.00      5.25     14.75      0.00      0.25      0.25      0.00      0.00     79.25
07:23:46 PM     all      0.25      0.00      4.80     16.67      0.00      0.25      0.00      0.00      0.00     78.03
07:23:47 PM     all     30.58      0.00     14.79      3.01      0.00      0.50      0.50      0.00      0.00     50.63
07:23:48 PM     all     61.62      0.00      9.34     12.63      0.00      0.51      0.25      0.00      0.00     15.66
07:23:49 PM     all     58.40      0.00      4.51     16.54      0.00      0.50      0.25      0.00      0.00     19.80
07:23:50 PM     all     66.08      0.00      4.56     14.18      0.00      0.76      0.51      0.00      0.00     13.92
07:23:51 PM     all     53.92      0.00      5.82     17.72      0.00      0.51      0.25      0.00      0.00     21.77
07:23:52 PM     all     62.50      0.00      6.00     18.50      0.00      0.50      0.25      0.00      0.00     12.25
07:23:53 PM     all     63.22      0.00      5.54     17.38      0.00      0.76      0.50      0.00      0.00     12.59
07:23:54 PM     all     58.94      0.00      5.79     17.88      0.00      0.50      0.25      0.00      0.00     16.62
07:23:55 PM     all     61.62      0.00      5.05     18.94      0.00      0.51      0.51      0.00      0.00     13.38
07:23:56 PM     all     57.93      0.00      5.04     18.64      0.00      0.50      0.25      0.00      0.00     17.63
07:23:57 PM     all     59.90      0.00      5.01     18.30      0.00      0.75      0.50      0.00      0.00     15.54
07:23:58 PM     all     67.09      0.00      6.28     16.08      0.00      0.50      0.25      0.00      0.00      9.80
07:23:59 PM     all     58.00      0.00      5.00     17.50      0.00      0.75      0.50      0.00      0.00     18.25
07:24:00 PM     all     52.64      0.00      5.04     17.38      0.00      0.50      0.25      0.00      0.00     24.18
07:24:01 PM     all     59.40      0.00      7.02     17.04      0.00      0.50      0.50      0.00      0.00     15.54
07:24:02 PM     all     42.68      0.00      4.29     19.70      0.00      0.51      0.25      0.00      0.00     32.58
07:24:03 PM     all     42.89      0.00      6.09     19.80      0.00      0.51      0.25      0.00      0.00     30.46
07:24:04 PM     all     36.27      0.00      5.79     18.14      0.00      0.50      0.25      0.00      0.00     39.04
07:24:05 PM     all     38.69      0.00      8.79     16.58      0.00      0.50      0.50      0.00      0.00     34.92
07:24:06 PM     all     38.23      0.00     11.14     11.39      0.00      0.51      0.25      0.00      0.00     38.48
07:24:07 PM     all     46.21      0.00      5.05     19.70      0.00      0.51      0.51      0.00      0.00     28.03
07:24:08 PM     all     54.18      0.00      4.56     17.97      0.00      0.51      0.25      0.00      0.00     22.53
07:24:09 PM     all     46.08      0.00      4.81     19.75      0.00      0.76      0.25      0.00      0.00     28.35
07:24:10 PM     all     45.84      0.00      5.04     19.65      0.00      0.25      0.50      0.00      0.00     28.72
07:24:11 PM     all     47.86      0.00      4.79     19.90      0.00      0.76      0.25      0.00      0.00     26.45
07:24:12 PM     all     53.13      0.00      5.76     18.30      0.00      0.50      0.50      0.00      0.00     21.80
07:24:13 PM     all     49.62      0.00      6.27     17.79      0.00      0.50      0.25      0.00      0.00     25.56
07:24:14 PM     all     37.94      0.00      4.77     17.84      0.00      0.50      0.25      0.00      0.00     38.69
07:24:15 PM     all     43.86      0.00      5.51     19.30      0.00      0.50      0.50      0.00      0.00     30.33
07:24:16 PM     all     43.43      0.00      4.55     18.94      0.00      0.51      0.25      0.00      0.00     32.32
07:24:17 PM     all     32.41      0.00      5.06     17.72      0.00      0.51      0.25      0.00      0.00     44.05
07:24:18 PM     all      0.25      0.00      4.03     15.62      0.00      0.00      0.25      0.00      0.00     79.85
07:24:19 PM     all      0.25      0.00      3.80     16.71      0.00      0.25      0.25      0.00      0.00     78.73
07:24:20 PM     all      0.25      0.00      4.98     16.92      0.00      0.25      0.00      0.00      0.00     77.61
07:24:21 PM     all      0.25      0.00      5.28     16.08      0.00      0.25      0.25      0.00      0.00     77.89
07:24:22 PM     all      0.00      0.00      6.00     17.00      0.00      0.25      0.00      0.00      0.00     76.75
07:24:23 PM     all      0.75      0.00     13.53      9.02      0.00      0.25      0.25      0.00      0.00     76.19
07:24:24 PM     all      0.25      0.00      4.50     17.00      0.00      0.25      0.25      0.00      0.00     77.75
07:24:25 PM     all      0.00      0.00      4.03     16.37      0.00      0.25      0.00      0.00      0.00     79.35
07:24:26 PM     all      0.25      0.00      3.27     16.62      0.00      0.00      0.25      0.00      0.00     79.60
07:24:27 PM     all      0.00      0.00      3.79     18.69      0.00      0.25      0.25      0.00      0.00     77.02
07:24:28 PM     all      0.25      0.00      4.03     16.12      0.00      0.25      0.00      0.00      0.00     79.35
07:24:29 PM     all      0.25      0.00      3.78     14.86      0.00      0.25      0.25      0.00      0.00     80.60
07:24:30 PM     all      0.00      0.00      4.29     16.16      0.00      0.00      0.00      0.00      0.00     79.55
07:24:31 PM     all      0.00      0.00      4.76     17.04      0.00      0.25      0.25      0.00      0.00     77.69
07:24:32 PM     all      0.25      0.00      3.54     18.69      0.00      0.25      0.25      0.00      0.00     77.02
07:24:33 PM     all      0.25      0.00      5.01     15.04      0.00      0.25      0.00      0.00      0.00     79.45
07:24:34 PM     all      0.25      0.00      3.78     17.88      0.00      0.25      0.25      0.00      0.00     77.58
07:24:35 PM     all      0.00      0.00      4.76     16.04      0.00      0.00      0.25      0.00      0.00     78.95
07:24:36 PM     all      0.50      0.00      4.03     17.88      0.00      0.25      0.00      0.00      0.00     77.33
07:24:37 PM     all      0.00      0.00      4.51     16.29      0.00      0.25      0.25      0.00      0.00     78.70
07:24:38 PM     all      0.25      0.00      3.27     20.10      0.00      0.25      0.00      0.00      0.00     76.13
07:24:39 PM     all      0.00      0.00      4.77     18.59      0.00      0.25      0.25      0.00      0.00     76.13
07:24:40 PM     all      0.00      0.00      5.32     17.72      0.00      0.00      0.00      0.00      0.00     76.96
07:24:41 PM     all      0.00      0.00     13.78      9.27      0.00      0.25      0.25      0.00      0.00     76.44
07:24:42 PM     all      0.00      0.00      3.80     16.96      0.00      0.25      0.25      0.00      0.00     78.73
07:24:43 PM     all      0.25      0.00      4.27     13.32      0.00      0.25      0.25      0.00      0.00     81.66
07:24:44 PM     all      0.00      0.00      3.55     11.68      0.00      0.25      0.00      0.00      0.00     84.52
07:24:45 PM     all      0.25      0.00      4.26     16.29      0.00      0.25      0.25      0.00      0.00     78.70
07:24:46 PM     all      0.00      0.00      4.30     15.44      0.00      0.00      0.00      0.00      0.00     80.25
07:24:47 PM     all      0.00      0.00      4.03     17.63      0.00      0.25      0.25      0.00      0.00     77.83
07:24:48 PM     all      0.00      0.00      4.51     19.05      0.00      0.25      0.25      0.00      0.00     75.94
07:24:49 PM     all      0.25      0.00      4.27     15.58      0.00      0.25      0.00      0.00      0.00     79.65
07:24:50 PM     all      0.25      0.00      4.27     16.58      0.00      0.25      0.25      0.00      0.00     78.39
07:24:51 PM     all      0.00      0.00      4.29     17.17      0.00      0.25      0.00      0.00      0.00     78.28
07:24:52 PM     all      0.25      0.00      4.03     15.37      0.00      0.00      0.25      0.00      0.00     80.10
07:24:53 PM     all      0.00      0.00      5.00     15.75      0.00      0.25      0.25      0.00      0.00     78.75
07:24:54 PM     all      0.00      0.00      4.77     16.33      0.00      0.25      0.00      0.00      0.00     78.64
07:24:55 PM     all      0.25      0.00      5.45     15.10      0.00      0.25      0.25      0.00      0.00     78.71
07:24:56 PM     all      0.00      0.00      4.53     15.62      0.00      0.25      0.00      0.00      0.00     79.60
07:24:57 PM     all      0.25      0.00      5.99     17.46      0.00      0.00      0.25      0.00      0.00     76.06
07:24:58 PM     all      0.50      0.00      7.52     16.04      0.00      0.25      0.25      0.00      0.00     75.44
07:24:59 PM     all     35.19      0.00     16.20      9.87      0.00      0.76      0.25      0.00      0.00     37.72
07:25:00 PM     all     46.60      0.00      5.04     17.63      0.00      0.25      0.50      0.00      0.00     29.97
07:25:01 PM     all     52.27      0.00      6.82     17.93      0.00      0.76      0.25      0.00      0.00     21.97
07:25:02 PM     all     41.90      0.00      5.74     20.95      0.00      0.50      0.50      0.00      0.00     30.42
07:25:03 PM     all     51.77      0.00      4.80     19.19      0.00      0.51      0.25      0.00      0.00     23.48
07:25:04 PM     all     44.08      0.00      4.53     18.64      0.00      0.50      0.25      0.00      0.00     31.99
07:25:05 PM     all     48.12      0.00      4.01     16.79      0.00      0.50      0.50      0.00      0.00     30.08
07:25:06 PM     all     48.12      0.00      5.26     19.30      0.00      0.50      0.25      0.00      0.00     26.57
07:25:07 PM     all     59.55      0.00      6.03     17.59      0.00      0.50      0.25      0.00      0.00     16.08
07:25:08 PM     all     38.69      0.00      4.52     19.35      0.00      0.50      0.50      0.00      0.00     36.43
07:25:09 PM     all     39.09      0.00      5.08     18.78      0.00      0.51      0.25      0.00      0.00     36.29
07:25:10 PM     all     41.92      0.00      4.04     20.45      0.00      0.51      0.25      0.00      0.00     32.83
07:25:11 PM     all     42.71      0.00      5.28     19.60      0.00      0.50      0.50      0.00      0.00     31.41
07:25:12 PM     all     55.03      0.00      5.78     17.84      0.00      0.50      0.25      0.00      0.00     20.60
07:25:13 PM     all     47.37      0.00      5.01     18.55      0.00      0.75      0.50      0.00      0.00     27.82
07:25:14 PM     all     41.81      0.00      6.05     19.65      0.00      0.50      0.25      0.00      0.00     31.74
07:25:15 PM     all     48.61      0.00      6.05     19.40      0.00      0.50      0.50      0.00      0.00     24.94
07:25:16 PM     all     39.85      0.00      6.27     20.55      0.00      0.50      0.25      0.00      0.00     32.58
07:25:17 PM     all     37.28      0.00     14.36     10.08      0.00      0.50      0.50      0.00      0.00     37.28
07:25:18 PM     all     47.74      0.00      4.52     18.84      0.00      0.50      0.25      0.00      0.00     28.14
07:25:19 PM     all     50.75      0.00      5.78     17.84      0.00      0.50      0.25      0.00      0.00     24.87
07:25:20 PM     all     54.77      0.00      4.77     17.34      0.00      0.50      0.50      0.00      0.00     22.11
07:25:21 PM     all     55.50      0.00      7.75     17.50      0.00      0.75      0.25      0.00      0.00     18.25
07:25:22 PM     all     53.79      0.00      4.29     16.92      0.00      0.51      0.25      0.00      0.00     24.24
07:25:23 PM     all     53.65      0.00      6.30     16.88      0.00      0.50      0.50      0.00      0.00     22.17
07:25:24 PM     all     55.00      0.00      5.50     15.25      0.00      0.50      0.25      0.00      0.00     23.50
07:25:25 PM     all     50.89      0.00      6.33     18.73      0.00      0.51      0.25      0.00      0.00     23.29
07:25:26 PM     all     57.50      0.00      7.00     17.00      0.00      0.75      0.50      0.00      0.00     17.25
07:25:27 PM     all     56.89      0.00      8.02     17.04      0.00      0.50      0.25      0.00      0.00     17.29
07:25:28 PM     all     53.50      0.00      6.75     18.00      0.00      0.50      0.50      0.00      0.00     20.75
07:25:29 PM     all      4.52      0.00      5.53     17.84      0.00      0.25      0.00      0.00      0.00     71.86
07:25:30 PM     all      0.50      0.00      4.98     14.93      0.00      0.25      0.25      0.00      0.00     79.10
07:25:31 PM     all      0.00      0.00      4.27     16.58      0.00      0.25      0.25      0.00      0.00     78.64
07:25:32 PM     all      0.25      0.00      4.51     19.30      0.00      0.00      0.00      0.00      0.00     75.94
07:25:33 PM     all      0.00      0.00      3.99     20.20      0.00      0.25      0.25      0.00      0.00     75.31
07:25:34 PM     all      0.25      0.00      7.14     15.52      0.00      0.25      0.00      0.00      0.00     76.85
07:25:35 PM     all      0.00      0.00      6.47     16.17      0.00      0.25      0.25      0.00      0.00     76.87
07:25:36 PM     all      0.50      0.00     13.97      8.98      0.00      0.25      0.25      0.00      0.00     76.06
07:25:37 PM     all      0.00      0.00      5.69     18.56      0.00      0.25      0.25      0.00      0.00     75.25
07:25:38 PM     all      0.25      0.00      5.47     17.66      0.00      0.25      0.00      0.00      0.00     76.37
07:25:39 PM     all      0.00      0.00      5.19     20.00      0.00      0.00      0.25      0.00      0.00     74.57
07:25:40 PM     all      0.25      0.00      5.45     19.80      0.00      0.25      0.00      0.00      0.00     74.26
07:25:41 PM     all      0.24      0.00      6.60     15.40      0.00      0.24      0.24      0.00      0.00     77.26
07:25:42 PM     all      0.00      0.00      5.65     16.22      0.00      0.25      0.25      0.00      0.00     77.64
07:25:43 PM     all      0.00      0.00      5.74     17.21      0.00      0.25      0.00      0.00      0.00     76.81
07:25:44 PM     all      0.25      0.00      5.71     16.38      0.00      0.00      0.25      0.00      0.00     77.42
07:25:45 PM     all      0.25      0.00      4.69     20.25      0.00      0.25      0.00      0.00      0.00     74.57
07:25:46 PM     all      0.24      0.00      6.60     15.40      0.00      0.24      0.24      0.00      0.00     77.26
07:25:47 PM     all      0.00      0.00      5.47     17.16      0.00      0.25      0.25      0.00      0.00     76.87
07:25:48 PM     all      0.25      0.00      5.69     15.10      0.00      0.25      0.00      0.00      0.00     78.71
07:25:49 PM     all      0.00      0.00      6.40     17.24      0.00      0.25      0.25      0.00      0.00     75.86
07:25:50 PM     all      0.00      0.00      5.00     16.00      0.00      0.00      0.25      0.00      0.00     78.75
07:25:51 PM     all      0.74      0.00      6.45     18.61      0.00      0.25      0.00      0.00      0.00     73.95
07:25:52 PM     all      0.25      0.00      6.42     16.05      0.00      0.25      0.25      0.00      0.00     76.79
07:25:53 PM     all      0.25      0.00      6.67     16.54      0.00      0.25      0.25      0.00      0.00     76.05
07:25:54 PM     all      0.25      0.00     12.25     13.00      0.00      0.25      0.00      0.00      0.00     74.25
07:25:55 PM     all      0.00      0.00      7.00     16.25      0.00      0.25      0.25      0.00      0.00     76.25
07:25:56 PM     all      0.25      0.00      4.95     18.32      0.00      0.00      0.25      0.00      0.00     76.24
07:25:57 PM     all      0.49      0.00      5.93     17.53      0.00      0.25      0.00      0.00      0.00     75.80
07:25:58 PM     all      0.50      0.00      5.71     18.36      0.00      0.25      0.25      0.00      0.00     74.94
07:25:59 PM     all      0.49      0.00      4.94     19.26      0.00      0.00      0.00      0.00      0.00     75.31
07:26:00 PM     all      0.50      0.00      4.22     20.10      0.00      0.25      0.25      0.00      0.00     74.69
07:26:01 PM     all      1.23      0.00      6.42     19.51      0.00      0.25      0.00      0.00      0.00     72.59
07:26:02 PM     all      0.00      0.00      6.17     19.01      0.00      0.25      0.25      0.00      0.00     74.32
07:26:03 PM     all      0.25      0.00      6.16     15.76      0.00      0.25      0.00      0.00      0.00     77.59
07:26:04 PM     all      0.00      0.00      6.16     14.53      0.00      0.25      0.25      0.00      0.00     78.82
07:26:05 PM     all      0.50      0.00      5.22     17.41      0.00      0.00      0.25      0.00      0.00     76.62
07:26:06 PM     all      0.00      0.00      6.19     17.82      0.00      0.25      0.00      0.00      0.00     75.74
07:26:07 PM     all      0.25      0.00      5.64     19.85      0.00      0.25      0.25      0.00      0.00     73.77
07:26:08 PM     all      0.00      0.00      5.24     18.70      0.00      0.25      0.00      0.00      0.00     75.81
07:26:09 PM     all      1.23      0.00      6.40     20.20      0.00      0.00      0.25      0.00      0.00     71.92
07:26:10 PM     all      0.25      0.00      6.65     18.72      0.00      0.25      0.25      0.00      0.00     73.89
07:26:11 PM     all      0.25      0.00      7.37     19.41      0.00      0.25      0.00      0.00      0.00     72.73
07:26:12 PM     all      0.25      0.00      6.90     19.46      0.00      0.25      0.25      0.00      0.00     72.91
07:26:13 PM     all     31.75      0.00     20.00      7.75      0.00      0.50      0.25      0.00      0.00     39.75
07:26:14 PM     all     32.01      0.00      6.20     17.87      0.00      0.50      0.50      0.00      0.00     42.93
07:26:15 PM     all     44.25      0.00      7.00     19.25      0.00      0.50      0.25      0.00      0.00     28.75
07:26:16 PM     all     59.10      0.00      5.74     18.20      0.00      0.75      0.50      0.00      0.00     15.71
07:26:17 PM     all     62.94      0.00      5.47     16.67      0.00      0.50      0.25      0.00      0.00     14.18
07:26:18 PM     all     58.40      0.00      4.51     19.55      0.00      0.50      0.25      0.00      0.00     16.79
07:26:19 PM     all     59.70      0.00      5.47     15.92      0.00      0.50      0.25      0.00      0.00     18.16
07:26:20 PM     all     62.78      0.00      5.96     18.36      0.00      0.74      0.50      0.00      0.00     11.66
07:26:21 PM     all     61.54      0.00      7.20     17.12      0.00      0.50      0.25      0.00      0.00     13.40
07:26:22 PM     all     62.75      0.00      6.25     17.25      0.00      0.75      0.50      0.00      0.00     12.50
07:26:23 PM     all     57.07      0.00      6.45     18.36      0.00      0.50      0.25      0.00      0.00     17.37
07:26:24 PM     all     59.45      0.00      6.72     17.91      0.00      0.75      0.25      0.00      0.00     14.93
07:26:25 PM     all     60.20      0.00      5.72     18.91      0.00      0.50      0.50      0.00      0.00     14.18
07:26:26 PM     all     57.64      0.00      6.02     17.79      0.00      0.50      0.25      0.00      0.00     17.79
07:26:27 PM     all     58.56      0.00      5.71     19.60      0.00      0.50      0.25      0.00      0.00     15.38
07:26:28 PM     all     58.65      0.00      5.76     18.55      0.00      0.75      0.50      0.00      0.00     15.79
07:26:29 PM     all     62.81      0.00      7.04     16.58      0.00      0.50      0.25      0.00      0.00     12.81
07:26:30 PM     all     60.00      0.00      6.50     17.75      0.00      0.75      0.50      0.00      0.00     14.50
07:26:31 PM     all     63.91      0.00      8.77     15.54      0.00      0.50      0.25      0.00      0.00     11.03
07:26:32 PM     all     64.32      0.00     13.82     11.81      0.00      0.75      0.25      0.00      0.00      9.05
07:26:33 PM     all     75.75      0.00      6.25     11.50      0.00      0.50      0.50      0.00      0.00      5.50
07:26:34 PM     all     68.08      0.00      5.24     17.21      0.00      0.75      0.25      0.00      0.00      8.48
07:26:35 PM     all     69.75      0.00      5.00     15.00      0.00      0.50      0.50      0.00      0.00      9.25
07:26:36 PM     all     73.00      0.00      6.50     13.75      0.00      0.75      0.25      0.00      0.00      5.75
07:26:37 PM     all     67.25      0.00      4.75     17.25      0.00      0.50      0.50      0.00      0.00      9.75
07:26:38 PM     all     58.35      0.00      4.24     19.70      0.00      0.50      0.25      0.00      0.00     16.96
07:26:39 PM     all     49.63      0.00      4.49     18.95      0.00      0.50      0.25      0.00      0.00     26.18
07:26:40 PM     all     55.61      0.00      5.74     17.21      0.00      0.75      0.50      0.00      0.00     20.20
07:26:41 PM     all     54.75      0.00      5.75     17.50      0.00      0.50      0.25      0.00      0.00     21.25
07:26:42 PM     all     43.94      0.00      5.30     20.20      0.00      0.51      0.25      0.00      0.00     29.80
07:26:43 PM     all     13.75      0.00      5.25     20.50      0.00      0.25      0.25      0.00      0.00     60.00
07:26:44 PM     all      0.00      0.00      4.52     17.84      0.00      0.25      0.25      0.00      0.00     77.14
07:26:45 PM     all      0.00      0.00      4.27     18.34      0.00      0.25      0.25      0.00      0.00     76.88
07:26:46 PM     all      0.25      0.00      3.78     18.39      0.00      0.25      0.00      0.00      0.00     77.33
07:26:47 PM     all      0.00      0.00      4.25     19.00      0.00      0.00      0.25      0.00      0.00     76.50
07:26:48 PM     all      0.00      0.00      4.28     18.39      0.00      0.25      0.00      0.00      0.00     77.08
07:26:49 PM     all      0.50      0.00      5.74     17.71      0.00      0.25      0.25      0.00      0.00     75.56
07:26:50 PM     all      0.25      0.00      5.28     17.59      0.00      0.25      0.00      0.00      0.00     76.63
07:26:51 PM     all      1.01      0.00     14.14     11.62      0.00      0.25      0.25      0.00      0.00     72.73
07:26:52 PM     all      0.00      0.00      4.27     16.33      0.00      0.25      0.25      0.00      0.00     78.89
07:26:53 PM     all      0.00      0.00      4.55     14.39      0.00      0.00      0.00      0.00      0.00     81.06
07:26:54 PM     all      0.00      0.00      2.27     21.41      0.00      0.25      0.25      0.00      0.00     75.82
07:26:55 PM     all      0.00      0.00      4.52     19.85      0.00      0.25      0.00      0.00      0.00     75.38
07:26:56 PM     all      0.00      0.00      3.53     20.40      0.00      0.25      0.25      0.00      0.00     75.57
07:26:57 PM     all      0.76      0.00      4.53     19.65      0.00      0.00      0.25      0.00      0.00     74.81
07:26:58 PM     all      0.50      0.00      4.75     17.00      0.00      0.25      0.00      0.00      0.00     77.50
07:26:59 PM     all      0.00      0.00      4.50     17.50      0.00      0.25      0.25      0.00      0.00     77.50
07:27:00 PM     all      0.50      0.00      4.03     16.62      0.00      0.25      0.00      0.00      0.00     78.59
07:27:01 PM     all      1.01      0.00      4.80     15.66      0.00      0.25      0.25      0.00      0.00     78.03
07:27:02 PM     all      0.00      0.00      4.53     19.14      0.00      0.25      0.00      0.00      0.00     76.07
07:27:03 PM     all      0.25      0.00      4.75     17.50      0.00      0.00      0.25      0.00      0.00     77.25
07:27:04 PM     all      0.00      0.00      4.04     16.41      0.00      0.25      0.25      0.00      0.00     79.04
07:27:05 PM     all      0.25      0.00      4.51     17.54      0.00      0.25      0.00      0.00      0.00     77.44
07:27:06 PM     all      0.25      0.00      5.01     17.79      0.00      0.25      0.25      0.00      0.00     76.44
07:27:07 PM     all      0.25      0.00      5.05     17.68      0.00      0.00      0.00      0.00      0.00     77.02
07:27:08 PM     all      0.25      0.00      5.50     17.50      0.00      0.25      0.25      0.00      0.00     76.25
07:27:09 PM     all      0.75      0.00     13.00     10.25      0.00      0.25      0.25      0.00      0.00     75.50
07:27:10 PM     all      0.25      0.00      3.27     18.64      0.00      0.25      0.00      0.00      0.00     77.58
07:27:11 PM     all      0.00      0.00      4.75     16.50      0.00      0.25      0.25      0.00      0.00     78.25
07:27:12 PM     all      0.25      0.00      2.78     17.93      0.00      0.25      0.00      0.00      0.00     78.79
07:27:13 PM     all      0.25      0.00      4.02     17.09      0.00      0.00      0.25      0.00      0.00     78.39
07:27:14 PM     all      0.00      0.00      4.51     17.04      0.00      0.25      0.25      0.00      0.00     77.94
07:27:15 PM     all      0.50      0.00      3.02     18.59      0.00      0.25      0.00      0.00      0.00     77.64
07:27:16 PM     all      0.00      0.00      4.03     15.11      0.00      0.25      0.25      0.00      0.00     80.35
07:27:17 PM     all      0.25      0.00      4.76     15.79      0.00      0.25      0.00      0.00      0.00     78.95
07:27:18 PM     all      0.25      0.00      3.79     18.69      0.00      0.00      0.25      0.00      0.00     77.02
07:27:19 PM     all      0.00      0.00      3.55     17.51      0.00      0.25      0.25      0.00      0.00     78.43
07:27:20 PM     all      0.00      0.00      4.55     19.19      0.00      0.25      0.00      0.00      0.00     76.01
07:27:21 PM     all      1.00      0.00      3.51     18.30      0.00      0.25      0.25      0.00      0.00     76.69
07:27:22 PM     all      0.00      0.00      3.81     18.27      0.00      0.25      0.00      0.00      0.00     77.66
07:27:23 PM     all      0.25      0.00      4.52     16.33      0.00      0.00      0.25      0.00      0.00     78.64
07:27:24 PM     all      0.00      0.00      3.75     15.50      0.00      0.25      0.00      0.00      0.00     80.50
07:27:25 PM     all      0.00      0.00      5.01     13.78      0.00      0.25      0.25      0.00      0.00     80.70
07:27:26 PM     all      0.00      0.00      5.54     16.88      0.00      0.25      0.25      0.00      0.00     77.08
07:27:27 PM     all      1.01      0.00      9.32     16.12      0.00      0.25      0.00      0.00      0.00     73.30
07:27:28 PM     all     55.56      0.00     15.91     11.11      0.00      0.51      0.51      0.00      0.00     16.41
07:27:29 PM     all     57.14      0.00      5.76     18.80      0.00      0.50      0.25      0.00      0.00     17.54
07:27:30 PM     all     55.39      0.00      5.26     18.55      0.00      0.75      0.50      0.00      0.00     19.55
07:27:31 PM     all     58.25      0.00      5.50     18.50      0.00      0.50      0.25      0.00      0.00     17.00
07:27:32 PM     all     55.42      0.00      3.27     18.14      0.00      0.50      0.25      0.00      0.00     22.42
07:27:33 PM     all     53.63      0.00      3.76     17.54      0.00      0.50      0.50      0.00      0.00     24.06
07:27:34 PM     all     52.64      0.00      4.03     18.89      0.00      0.76      0.25      0.00      0.00     23.43
07:27:35 PM     all     56.25      0.00      6.25     18.50      0.00      0.50      0.25      0.00      0.00     18.25
07:27:36 PM     all     62.81      0.00      6.28     17.84      0.00      0.50      0.25      0.00      0.00     12.31
07:27:37 PM     all     59.65      0.00      6.02     18.05      0.00      0.50      0.50      0.00      0.00     15.29
07:27:38 PM     all     52.26      0.00      5.53     19.10      0.00      0.75      0.25      0.00      0.00     22.11
07:27:39 PM     all     51.88      0.00      6.52     18.55      0.00      0.50      0.25      0.00      0.00     22.31
07:27:40 PM     all     51.13      0.00      5.79     19.14      0.00      0.50      0.50      0.00      0.00     22.92
07:27:41 PM     all     55.92      0.00      4.79     17.63      0.00      0.50      0.25      0.00      0.00     20.91
07:27:42 PM     all     60.30      0.00      5.53     19.35      0.00      0.75      0.50      0.00      0.00     13.57
07:27:43 PM     all     55.89      0.00      6.52     18.05      0.00      0.50      0.25      0.00      0.00     18.80
07:27:44 PM     all     58.19      0.00      6.05     18.64      0.00      0.76      0.25      0.00      0.00     16.12
07:27:45 PM     all     62.09      0.00      7.98     16.96      0.00      0.75      0.50      0.00      0.00     11.72
07:27:46 PM     all     57.32      0.00     12.12     13.64      0.00      0.51      0.51      0.00      0.00     15.91
07:27:47 PM     all     52.13      0.00      9.52     15.54      0.00      0.50      0.25      0.00      0.00     22.06
07:27:48 PM     all     52.90      0.00      4.53     19.14      0.00      0.76      0.25      0.00      0.00     22.42
07:27:49 PM     all     55.30      0.00      3.28     19.19      0.00      0.51      0.51      0.00      0.00     21.21
07:27:50 PM     all     56.31      0.00      5.81     18.43      0.00      0.76      0.25      0.00      0.00     18.43
07:27:51 PM     all     63.50      0.00      3.00     13.25      0.00      0.50      0.50      0.00      0.00     19.25
07:27:52 PM     all     58.38      0.00      5.33     18.27      0.00      0.51      0.25      0.00      0.00     17.26
07:27:53 PM     all     65.58      0.00      5.53     15.33      0.00      0.75      0.25      0.00      0.00     12.56
07:27:54 PM     all     69.52      0.00      5.79     16.12      0.00      0.50      0.50      0.00      0.00      7.56
07:27:55 PM     all     67.59      0.00      5.28     17.59      0.00      0.75      0.25      0.00      0.00      8.54
07:27:56 PM     all     55.56      0.00      6.06     17.93      0.00      0.51      0.51      0.00      0.00     19.44
07:27:57 PM     all     49.50      0.00      6.28     19.35      0.00      0.50      0.25      0.00      0.00     24.12
07:27:58 PM     all      1.25      0.00      4.51     20.05      0.00      0.25      0.25      0.00      0.00     73.68
07:27:59 PM     all      0.51      0.00      3.55     18.53      0.00      0.00      0.00      0.00      0.00     77.41
07:28:00 PM     all      0.25      0.00      4.75     16.25      0.00      0.25      0.25      0.00      0.00     78.25
07:28:01 PM     all      1.01      0.00      4.79     17.13      0.00      0.25      0.25      0.00      0.00     76.57
07:28:02 PM     all      0.25      0.00      4.04     14.90      0.00      0.25      0.00      0.00      0.00     80.56
07:28:03 PM     all      0.00      0.00      5.29     16.88      0.00      0.25      0.25      0.00      0.00     77.33
07:28:04 PM     all      0.00      0.00      5.28     15.83      0.00      0.25      0.25      0.00      0.00     78.39
07:28:05 PM     all      0.51      0.00     11.39     12.66      0.00      0.25      0.00      0.00      0.00     75.19
07:28:06 PM     all      0.00      0.00      6.03     16.08      0.00      0.25      0.25      0.00      0.00     77.39
07:28:07 PM     all      0.25      0.00      4.04     13.89      0.00      0.00      0.25      0.00      0.00     81.57
07:28:08 PM     all      0.00      0.00      4.53     11.08      0.00      0.25      0.00      0.00      0.00     84.13
07:28:09 PM     all      0.25      0.00      4.51     15.04      0.00      0.25      0.25      0.00      0.00     79.70
07:28:10 PM     all      0.25      0.00      3.78     16.62      0.00      0.25      0.00      0.00      0.00     79.09
07:28:11 PM     all      0.00      0.00      3.05     19.08      0.00      0.00      0.25      0.00      0.00     77.61
07:28:12 PM     all      0.25      0.00      4.25     16.25      0.00      0.25      0.00      0.00      0.00     79.00
07:28:13 PM     all      0.00      0.00      4.76     16.29      0.00      0.25      0.25      0.00      0.00     78.45
07:28:14 PM     all      0.25      0.00      4.27     18.09      0.00      0.25      0.25      0.00      0.00     76.88
07:28:15 PM     all      0.25      0.00      4.76     15.54      0.00      0.25      0.00      0.00      0.00     79.20
07:28:16 PM     all      0.25      0.00      4.51     13.03      0.00      0.00      0.25      0.00      0.00     81.95
07:28:17 PM     all      0.25      0.00      4.03     19.90      0.00      0.25      0.25      0.00      0.00     75.31
07:28:18 PM     all      0.50      0.00      4.74     13.47      0.00      0.25      0.00      0.00      0.00     81.05
07:28:19 PM     all      0.00      0.00      5.25     11.50      0.00      0.25      0.25      0.00      0.00     82.75
07:28:20 PM     all      0.25      0.00      4.01     14.54      0.00      0.25      0.00      0.00      0.00     80.95
07:28:21 PM     all      0.25      0.00      5.54     17.88      0.00      0.25      0.25      0.00      0.00     75.82
07:28:22 PM     all      0.00      0.00      5.04     15.87      0.00      0.00      0.25      0.00      0.00     78.84
07:28:23 PM     all      0.25      0.00     13.13      9.09      0.00      0.25      0.25      0.00      0.00     77.02
07:28:24 PM     all      0.25      0.00      4.50     18.75      0.00      0.25      0.00      0.00      0.00     76.25
07:28:25 PM     all      0.00      0.00      3.01     16.29      0.00      0.25      0.25      0.00      0.00     80.20
07:28:26 PM     all      0.00      0.00      4.25     19.25      0.00      0.25      0.00      0.00      0.00     76.25
07:28:27 PM     all      0.00      0.00      4.03     18.39      0.00      0.00      0.25      0.00      0.00     77.33
07:28:28 PM     all      0.25      0.00      3.77     18.34      0.00      0.25      0.00      0.00      0.00     77.39
07:28:29 PM     all      0.25      0.00      4.50     16.50      0.00      0.25      0.25      0.00      0.00     78.25
07:28:30 PM     all      0.00      0.00      4.04     16.67      0.00      0.25      0.25      0.00      0.00     78.79
07:28:31 PM     all      0.00      0.00      4.52     17.34      0.00      0.00      0.00      0.00      0.00     78.14
07:28:32 PM     all      0.25      0.00      4.27     15.33      0.00      0.25      0.25      0.00      0.00     79.65
07:28:33 PM     all      0.25      0.00      4.52     16.08      0.00      0.25      0.00      0.00      0.00     78.89
07:28:34 PM     all      0.00      0.00      5.47     16.17      0.00      0.25      0.25      0.00      0.00     77.86
07:28:35 PM     all      0.00      0.00      4.03     14.86      0.00      0.25      0.25      0.00      0.00     80.60
07:28:36 PM     all      0.00      0.00      4.30     17.47      0.00      0.00      0.00      0.00      0.00     78.23
07:28:37 PM     all      0.25      0.00      4.51     17.79      0.00      0.25      0.25      0.00      0.00     76.94
07:28:38 PM     all      0.25      0.00      2.77     20.15      0.00      0.25      0.00      0.00      0.00     76.57
07:28:39 PM     all      0.00      0.00      4.77     15.83      0.00      0.25      0.25      0.00      0.00     78.89
07:28:40 PM     all      0.00      0.00      4.60     19.18      0.00      0.00      0.00      0.00      0.00     76.21
07:28:41 PM     all      9.00      0.00     11.25     11.50      0.00      0.50      0.25      0.00      0.00     67.50
07:28:42 PM     all     35.18      0.00     13.07     11.56      0.00      0.50      0.50      0.00      0.00     39.20
07:28:43 PM     all     45.43      0.00      5.08     17.51      0.00      0.51      0.25      0.00      0.00     31.22
07:28:44 PM     all     36.71      0.00      4.56     18.48      0.00      0.51      0.25      0.00      0.00     39.49
07:28:45 PM     all     42.21      0.00      5.28     19.60      0.00      0.50      0.50      0.00      0.00     31.91
07:28:46 PM     all     43.07      0.00      4.53     19.65      0.00      0.50      0.25      0.00      0.00     31.99
07:28:47 PM     all     50.13      0.00      4.03     17.88      0.00      0.50      0.50      0.00      0.00     26.95
07:28:48 PM     all     36.78      0.00      4.28     18.89      0.00      0.50      0.25      0.00      0.00     39.29
07:28:49 PM     all     49.75      0.00      5.05     17.93      0.00      0.51      0.25      0.00      0.00     26.52
07:28:50 PM     all     54.14      0.00      5.76     19.80      0.00      0.50      0.50      0.00      0.00     19.30
07:28:51 PM     all     45.71      0.00      5.56     17.93      0.00      0.51      0.25      0.00      0.00     30.05
07:28:52 PM     all     46.85      0.00      5.04     17.13      0.00      0.50      0.25      0.00      0.00     30.23
07:28:53 PM     all     41.21      0.00      5.78     18.09      0.00      0.50      0.50      0.00      0.00     33.92
Average:        all     20.43      0.00      5.50     17.18      0.00      0.34      0.23      0.00      0.00     56.33
