Linux 4.9.253-tegra (nano-desktop) 	08/16/2023 	_aarch64_	(4 CPU)

06:11:18 PM     CPU      %usr     %nice      %sys   %iowait    %steal      %irq     %soft    %guest    %gnice     %idle
06:11:19 PM     all      0.25      0.00     15.40     17.42      0.00      0.25      0.25      0.00      0.00     66.41
06:11:20 PM     all      0.00      0.00      4.76     17.29      0.00      0.25      0.25      0.00      0.00     77.44
06:11:21 PM     all      0.00      0.00      4.51     18.05      0.00      0.25      0.25      0.00      0.00     76.94
06:11:22 PM     all      0.50      0.00      4.02     18.84      0.00      0.00      0.00      0.00      0.00     76.63
06:11:23 PM     all      0.25      0.00      4.76     17.29      0.00      0.25      0.25      0.00      0.00     77.19
06:11:24 PM     all      0.00      0.00      4.52     17.59      0.00      0.25      0.00      0.00      0.00     77.64
06:11:25 PM     all      0.25      0.00      4.04     18.94      0.00      0.25      0.25      0.00      0.00     76.26
06:11:26 PM     all      0.00      0.00      4.76     19.30      0.00      0.00      0.25      0.00      0.00     75.69
06:11:27 PM     all      0.00      0.00      4.52     18.84      0.00      0.25      0.00      0.00      0.00     76.38
06:11:28 PM     all      0.00      0.00      4.51     19.30      0.00      0.25      0.25      0.00      0.00     75.69
06:11:29 PM     all      0.00      0.00      4.55     17.93      0.00      0.25      0.00      0.00      0.00     77.27
06:11:30 PM     all      0.50      0.00      5.25     19.50      0.00      0.25      0.25      0.00      0.00     74.25
06:11:31 PM     all      0.00      0.00      5.78     18.34      0.00      0.25      0.25      0.00      0.00     75.38
06:11:32 PM     all      0.25      0.00      4.81     19.24      0.00      0.00      0.00      0.00      0.00     75.70
06:11:33 PM     all      0.25      0.00      5.54     17.38      0.00      0.25      0.25      0.00      0.00     76.32
06:11:34 PM     all      0.25      0.00      5.75     18.25      0.00      0.25      0.25      0.00      0.00     75.25
06:11:35 PM     all      0.25      0.00     12.85      9.07      0.00      0.25      0.00      0.00      0.00     77.58
06:11:36 PM     all      0.25      0.00      4.26     18.30      0.00      0.25      0.25      0.00      0.00     76.69
06:11:37 PM     all      0.00      0.00      4.28     19.40      0.00      0.25      0.25      0.00      0.00     75.82
06:11:38 PM     all      0.25      0.00      4.28     19.90      0.00      0.00      0.00      0.00      0.00     75.57
06:11:39 PM     all      0.00      0.00      4.52     17.84      0.00      0.25      0.25      0.00      0.00     77.14
06:11:40 PM     all      0.25      0.00      3.80     17.22      0.00      0.25      0.00      0.00      0.00     78.48
06:11:41 PM     all      0.00      0.00      4.29     18.43      0.00      0.25      0.25      0.00      0.00     76.77
06:11:42 PM     all      0.25      0.00      4.25     17.75      0.00      0.25      0.25      0.00      0.00     77.25
06:11:43 PM     all      0.00      0.00      4.29     15.40      0.00      0.25      0.00      0.00      0.00     80.05
06:11:44 PM     all      0.25      0.00      4.52     14.82      0.00      0.00      0.25      0.00      0.00     80.15
06:11:45 PM     all      0.25      0.00      4.52     16.83      0.00      0.25      0.00      0.00      0.00     78.14
06:11:46 PM     all      0.00      0.00      4.27     18.09      0.00      0.25      0.25      0.00      0.00     77.14
06:11:47 PM     all      0.25      0.00      4.77     19.10      0.00      0.25      0.25      0.00      0.00     75.38
06:11:48 PM     all      0.00      0.00      4.81     18.73      0.00      0.00      0.00      0.00      0.00     76.46
06:11:49 PM     all      0.00      0.00      5.78     17.59      0.00      0.25      0.25      0.00      0.00     76.13
06:11:50 PM     all      0.25      0.00      5.53     17.84      0.00      0.25      0.25      0.00      0.00     75.88
06:11:51 PM     all      0.00      0.00      5.05     18.94      0.00      0.25      0.00      0.00      0.00     75.76
06:11:52 PM     all     37.53      0.00     11.84      6.30      0.00      0.25      0.25      0.00      0.00     43.83
06:11:53 PM     all     90.75      0.00      8.75      0.00      0.00      0.50      0.00      0.00      0.00      0.00
06:11:54 PM     all     75.00      0.00      4.50      4.25      0.00      0.50      0.25      0.00      0.00     15.50
06:11:55 PM     all     95.50      0.00      4.00      0.00      0.00      0.25      0.25      0.00      0.00      0.00
06:11:56 PM     all     79.75      0.00      4.25      7.00      0.00      0.50      0.00      0.00      0.00      8.50
06:11:57 PM     all     85.00      0.00      4.00      3.50      0.00      0.25      0.25      0.00      0.00      7.00
06:11:58 PM     all     91.75      0.00      4.25      3.50      0.00      0.25      0.00      0.00      0.00      0.25
06:11:59 PM     all     79.20      0.00      4.51      8.52      0.00      0.50      0.25      0.00      0.00      7.02
06:12:00 PM     all     94.25      0.00      5.25      0.00      0.00      0.50      0.00      0.00      0.00      0.00
06:12:01 PM     all     79.25      0.00      4.75     10.75      0.00      0.25      0.25      0.00      0.00      4.75
06:12:02 PM     all     89.00      0.00      4.00      5.25      0.00      0.50      0.00      0.00      0.00      1.25
06:12:03 PM     all     87.44      0.00      4.02      6.78      0.00      0.25      0.25      0.00      0.00      1.26
06:12:04 PM     all     83.33      0.00      4.73      9.95      0.00      0.25      0.25      0.00      0.00      1.49
06:12:05 PM     all     89.20      0.00      5.03      5.28      0.00      0.50      0.00      0.00      0.00      0.00
06:12:06 PM     all     85.21      0.00      5.26      8.27      0.00      0.25      0.25      0.00      0.00      0.75
06:12:07 PM     all     86.47      0.00      5.76      6.52      0.00      0.50      0.00      0.00      0.00      0.75
06:12:08 PM     all     81.70      0.00      5.26      9.27      0.00      0.25      0.25      0.00      0.00      3.26
06:12:09 PM     all     87.78      0.00      6.98      4.49      0.00      0.50      0.25      0.00      0.00      0.00
06:12:10 PM     all     81.75      0.00     10.50      6.75      0.00      0.50      0.00      0.00      0.00      0.50
06:12:11 PM     all     87.28      0.00      4.74      7.23      0.00      0.25      0.25      0.00      0.00      0.25
06:12:12 PM     all     86.40      0.00      4.79      8.06      0.00      0.25      0.00      0.00      0.00      0.50
06:12:13 PM     all     85.32      0.00      4.23      8.71      0.00      0.50      0.25      0.00      0.00      1.00
06:12:14 PM     all     86.85      0.00      5.46      6.95      0.00      0.25      0.25      0.00      0.00      0.25
06:12:15 PM     all     87.19      0.00      4.77      7.29      0.00      0.50      0.00      0.00      0.00      0.25
06:12:16 PM     all     85.21      0.00      4.51      8.02      0.00      0.25      0.25      0.00      0.00      1.75
06:12:17 PM     all     86.22      0.00      5.51      6.52      0.00      0.50      0.00      0.00      0.00      1.25
06:12:18 PM     all     84.00      0.00      4.25      8.75      0.00      0.25      0.25      0.00      0.00      2.50
06:12:19 PM     all     88.00      0.00      4.00      4.25      0.00      0.50      0.00      0.00      0.00      3.25
06:12:20 PM     all     87.25      0.00      5.00      6.50      0.00      0.25      0.25      0.00      0.00      0.75
06:12:21 PM     all     85.79      0.00      3.99      3.99      0.00      0.50      0.00      0.00      0.00      5.74
06:12:22 PM     all     60.20      0.00      6.05     12.85      0.00      0.25      0.25      0.00      0.00     20.40
06:12:23 PM     all      0.25      0.00      4.28     17.88      0.00      0.25      0.25      0.00      0.00     77.08
06:12:24 PM     all      0.00      0.00      6.03     18.34      0.00      0.25      0.00      0.00      0.00     75.38
06:12:25 PM     all      0.00      0.00      5.04     17.88      0.00      0.00      0.25      0.00      0.00     76.83
06:12:26 PM     all      0.50      0.00      6.05     16.88      0.00      0.50      0.25      0.00      0.00     75.82
06:12:27 PM     all      0.50      0.00     12.06      9.30      0.00      0.00      0.25      0.00      0.00     77.89
06:12:28 PM     all      0.00      0.00      4.29     17.42      0.00      0.25      0.00      0.00      0.00     78.03
06:12:29 PM     all      0.25      0.00      4.27     16.83      0.00      0.25      0.25      0.00      0.00     78.14
06:12:30 PM     all      0.25      0.00      4.02     16.33      0.00      0.25      0.25      0.00      0.00     78.89
06:12:31 PM     all      0.00      0.00      4.04     16.92      0.00      0.25      0.00      0.00      0.00     78.79
06:12:32 PM     all      0.50      0.00      4.52     15.33      0.00      0.25      0.25      0.00      0.00     79.15
06:12:33 PM     all      0.75      0.00      5.28     15.58      0.00      0.00      0.00      0.00      0.00     78.39
06:12:34 PM     all      0.25      0.00      4.03     15.11      0.00      0.25      0.25      0.00      0.00     80.10
06:12:35 PM     all      0.25      0.00      3.54     16.16      0.00      0.25      0.25      0.00      0.00     79.55
06:12:36 PM     all      0.00      0.00      4.29     14.65      0.00      0.25      0.00      0.00      0.00     80.81
06:12:37 PM     all      0.25      0.00      4.51     13.03      0.00      0.00      0.25      0.00      0.00     81.95
06:12:38 PM     all      0.00      0.00      4.53     16.37      0.00      0.25      0.00      0.00      0.00     78.84
06:12:39 PM     all      0.00      0.00      5.26     14.79      0.00      0.25      0.25      0.00      0.00     79.45
06:12:40 PM     all      0.25      0.00      5.28     15.83      0.00      0.25      0.25      0.00      0.00     78.14
06:12:41 PM     all      0.25      0.00      5.99     16.96      0.00      0.25      0.00      0.00      0.00     76.56
06:12:42 PM     all      0.00      0.00      6.48     16.21      0.00      0.25      0.25      0.00      0.00     76.81
06:12:43 PM     all      0.25      0.00      6.22     17.16      0.00      0.25      0.25      0.00      0.00     75.87
06:12:44 PM     all      0.25      0.00     12.85     10.33      0.00      0.25      0.25      0.00      0.00     76.07
06:12:45 PM     all      0.25      0.00      4.03     15.87      0.00      0.25      0.00      0.00      0.00     79.60
06:12:46 PM     all      0.25      0.00      4.51     17.04      0.00      0.25      0.25      0.00      0.00     77.69
06:12:47 PM     all      0.00      0.00      4.76     14.29      0.00      0.00      0.25      0.00      0.00     80.70
06:12:48 PM     all      0.50      0.00      4.99     15.71      0.00      0.25      0.00      0.00      0.00     78.55
06:12:49 PM     all      0.00      0.00      4.28     14.61      0.00      0.50      0.25      0.00      0.00     80.35
06:12:50 PM     all      0.75      0.00      5.99     14.71      0.00      0.25      0.25      0.00      0.00     78.05
06:12:51 PM     all      0.25      0.00      4.52     17.59      0.00      0.00      0.00      0.00      0.00     77.64
06:12:52 PM     all      0.00      0.00      4.28     16.88      0.00      0.25      0.25      0.00      0.00     78.34
06:12:53 PM     all      0.00      0.00      4.52     16.08      0.00      0.25      0.25      0.00      0.00     78.89
06:12:54 PM     all      0.25      0.00      4.28     16.12      0.00      0.25      0.00      0.00      0.00     79.09
06:12:55 PM     all      0.00      0.00      4.27     13.07      0.00      0.25      0.25      0.00      0.00     82.16
06:12:56 PM     all      0.76      0.00      4.82     16.50      0.00      0.25      0.00      0.00      0.00     77.66
06:12:57 PM     all      0.25      0.00      5.29     16.12      0.00      0.00      0.25      0.00      0.00     78.09
06:12:58 PM     all      0.25      0.00      5.03     16.08      0.00      0.25      0.25      0.00      0.00     78.14
06:12:59 PM     all      0.00      0.00      5.79     17.13      0.00      0.25      0.00      0.00      0.00     76.83
06:13:00 PM     all      1.01      0.00      5.79     16.62      0.00      0.25      0.25      0.00      0.00     76.07
06:13:01 PM     all     39.04      0.00     15.11      5.54      0.00      0.25      0.25      0.00      0.00     39.80
06:13:02 PM     all     94.75      0.00      4.75      0.00      0.00      0.50      0.00      0.00      0.00      0.00
06:13:03 PM     all     78.09      0.00      4.03      5.79      0.00      0.25      0.25      0.00      0.00     11.59
06:13:04 PM     all     91.77      0.00      4.49      2.24      0.00      0.50      0.00      0.00      0.00      1.00
06:13:05 PM     all     82.46      0.00      4.26      5.26      0.00      0.25      0.25      0.00      0.00      7.52
06:13:06 PM     all     80.25      0.00      4.75      9.50      0.00      0.50      0.25      0.00      0.00      4.75
06:13:07 PM     all     95.25      0.00      4.50      0.00      0.00      0.25      0.00      0.00      0.00      0.00
06:13:08 PM     all     80.30      0.00      4.24     11.97      0.00      0.50      0.25      0.00      0.00      2.74
06:13:09 PM     all     89.50      0.00      4.25      4.50      0.00      0.25      0.00      0.00      0.00      1.50
06:13:10 PM     all     85.61      0.00      4.96      7.69      0.00      0.50      0.25      0.00      0.00      0.99
06:13:11 PM     all     84.67      0.00      4.77      9.30      0.00      0.25      0.00      0.00      0.00      1.01
06:13:12 PM     all     88.03      0.00      4.24      5.99      0.00      0.50      0.25      0.00      0.00      1.00
06:13:13 PM     all     84.58      0.00      5.22      8.96      0.00      0.25      0.25      0.00      0.00      0.75
06:13:14 PM     all     84.21      0.00      4.76      9.02      0.00      0.50      0.00      0.00      0.00      1.50
06:13:15 PM     all     90.95      0.00      5.03      3.02      0.00      0.25      0.25      0.00      0.00      0.50
06:13:16 PM     all     83.50      0.00      5.25      9.75      0.00      0.50      0.00      0.00      0.00      1.00
06:13:17 PM     all     83.46      0.00      5.51      7.52      0.00      0.25      0.25      0.00      0.00      3.01
06:13:18 PM     all     88.72      0.00      5.51      3.01      0.00      0.50      0.00      0.00      0.00      2.26
06:13:19 PM     all     82.71      0.00     11.28      5.01      0.00      0.25      0.25      0.00      0.00      0.50
06:13:20 PM     all     85.57      0.00      3.98      9.20      0.00      0.50      0.25      0.00      0.00      0.50
06:13:21 PM     all     88.94      0.00      3.77      6.53      0.00      0.25      0.00      0.00      0.00      0.50
06:13:22 PM     all     86.97      0.00      4.01      8.02      0.00      0.50      0.25      0.00      0.00      0.25
06:13:23 PM     all     86.22      0.00      4.51      8.27      0.00      0.25      0.00      0.00      0.00      0.75
06:13:24 PM     all     86.72      0.00      5.26      6.77      0.00      0.25      0.25      0.00      0.00      0.75
06:13:25 PM     all     83.33      0.00      5.47      9.95      0.00      0.50      0.00      0.00      0.00      0.75
06:13:26 PM     all     87.94      0.00      4.77      6.03      0.00      0.25      0.25      0.00      0.00      0.75
06:13:27 PM     all     86.25      0.00      5.00      7.50      0.00      0.25      0.00      0.00      0.00      1.00
06:13:28 PM     all     84.54      0.00      5.24      9.48      0.00      0.50      0.25      0.00      0.00      0.00
06:13:29 PM     all     86.97      0.00      5.51      6.77      0.00      0.25      0.00      0.00      0.00      0.50
06:13:30 PM     all     81.80      0.00      6.48      8.48      0.00      0.50      0.25      0.00      0.00      2.49
06:13:31 PM     all     48.13      0.00      6.48     10.97      0.00      0.25      0.25      0.00      0.00     33.92
06:13:32 PM     all      0.25      0.00      5.29     16.88      0.00      0.25      0.00      0.00      0.00     77.33
06:13:33 PM     all      0.00      0.00      5.28     16.08      0.00      0.25      0.25      0.00      0.00     78.14
06:13:34 PM     all      0.00      0.00      6.27     14.79      0.00      0.25      0.00      0.00      0.00     78.70
06:13:35 PM     all      0.00      0.00      5.04     16.12      0.00      0.00      0.25      0.00      0.00     78.59
06:13:36 PM     all      0.50      0.00     12.81      9.80      0.00      0.25      0.25      0.00      0.00     76.38
06:13:37 PM     all      0.00      0.00      4.51     17.54      0.00      0.25      0.25      0.00      0.00     77.44
06:13:38 PM     all      0.25      0.00      4.52     16.08      0.00      0.25      0.00      0.00      0.00     78.89
06:13:39 PM     all      0.00      0.00      4.52     15.08      0.00      0.25      0.25      0.00      0.00     79.90
06:13:40 PM     all      0.25      0.00      4.74     15.21      0.00      0.25      0.25      0.00      0.00     79.30
06:13:41 PM     all      0.00      0.00      5.26     18.55      0.00      0.00      0.00      0.00      0.00     76.19
06:13:42 PM     all      0.00      0.00      4.51     15.79      0.00      0.25      0.25      0.00      0.00     79.20
06:13:43 PM     all      0.25      0.00      4.99     14.96      0.00      0.25      0.00      0.00      0.00     79.55
06:13:44 PM     all      0.25      0.00      5.22     13.68      0.00      0.25      0.25      0.00      0.00     80.35
06:13:45 PM     all      0.00      0.00      5.01     16.04      0.00      0.25      0.25      0.00      0.00     78.45
06:13:46 PM     all      0.00      0.00      4.52     15.33      0.00      0.25      0.00      0.00      0.00     79.90
06:13:47 PM     all      0.00      0.00      5.49     14.46      0.00      0.00      0.25      0.00      0.00     79.80
06:13:48 PM     all      0.50      0.00      5.00     16.00      0.00      0.25      0.00      0.00      0.00     78.25
06:13:49 PM     all      0.00      0.00      7.16     14.57      0.00      0.25      0.25      0.00      0.00     77.78
06:13:50 PM     all      0.99      0.00      6.95     12.90      0.00      0.25      0.25      0.00      0.00     78.66
06:13:51 PM     all      0.25      0.00      6.48     17.46      0.00      0.25      0.00      0.00      0.00     75.56
06:13:52 PM     all      0.00      0.00      6.23     14.71      0.00      0.25      0.25      0.00      0.00     78.55
06:13:53 PM     all      0.50      0.00     12.72      9.73      0.00      0.25      0.25      0.00      0.00     76.56
06:13:54 PM     all      0.25      0.00      5.47     13.18      0.00      0.25      0.25      0.00      0.00     80.60
06:13:55 PM     all      0.25      0.00      6.19     15.10      0.00      0.00      0.00      0.00      0.00     78.47
06:13:56 PM     all      0.50      0.00      5.99     15.96      0.00      0.25      0.25      0.00      0.00     77.06
06:13:57 PM     all      0.74      0.00      5.43     15.80      0.00      0.25      0.25      0.00      0.00     77.53
06:13:58 PM     all      0.25      0.00      5.47     14.18      0.00      0.25      0.00      0.00      0.00     79.85
06:13:59 PM     all      0.00      0.00      4.52     17.09      0.00      0.00      0.25      0.00      0.00     78.14
06:14:00 PM     all      1.50      0.00      5.49     15.96      0.00      0.50      0.25      0.00      0.00     76.31
06:14:01 PM     all      0.25      0.00      5.24     16.21      0.00      0.00      0.00      0.00      0.00     78.30
06:14:02 PM     all      0.49      0.00      5.91     14.29      0.00      0.25      0.25      0.00      0.00     78.82
06:14:03 PM     all      0.00      0.00      5.71     15.38      0.00      0.25      0.00      0.00      0.00     78.66
06:14:04 PM     all      0.25      0.00      5.46     14.14      0.00      0.25      0.25      0.00      0.00     79.65
06:14:05 PM     all      0.25      0.00      5.20     16.83      0.00      0.00      0.25      0.00      0.00     77.48
06:14:06 PM     all      0.00      0.00      7.43     13.86      0.00      0.25      0.00      0.00      0.00     78.47
06:14:07 PM     all      0.49      0.00      6.40     16.75      0.00      0.25      0.25      0.00      0.00     75.86
06:14:08 PM     all      0.74      0.00      7.92     17.82      0.00      0.25      0.25      0.00      0.00     73.02
06:14:09 PM     all      0.25      0.00      7.18     15.59      0.00      0.25      0.00      0.00      0.00     76.73
06:14:10 PM     all     11.36      0.00     13.58     11.60      0.00      0.49      0.25      0.00      0.00     62.72
06:14:11 PM     all     90.77      0.00      8.73      0.00      0.00      0.25      0.25      0.00      0.00      0.00
06:14:12 PM     all     78.14      0.00      4.27      8.54      0.00      0.50      0.25      0.00      0.00      8.29
06:14:13 PM     all     95.27      0.00      4.48      0.00      0.00      0.25      0.00      0.00      0.00      0.00
06:14:14 PM     all     80.10      0.00      4.79     11.34      0.00      0.25      0.25      0.00      0.00      3.27
06:14:15 PM     all     84.12      0.00      4.47      6.20      0.00      0.50      0.00      0.00      0.00      4.71
06:14:16 PM     all     91.73      0.00      4.76      2.51      0.00      0.25      0.25      0.00      0.00      0.50
06:14:17 PM     all     80.75      0.00      4.75      9.50      0.00      0.50      0.00      0.00      0.00      4.50
06:14:18 PM     all     93.53      0.00      4.23      1.00      0.00      0.25      0.25      0.00      0.00      0.75
06:14:19 PM     all     80.35      0.00      4.98     10.95      0.00      0.50      0.00      0.00      0.00      3.23
06:14:20 PM     all     84.96      0.00      5.26      6.77      0.00      0.25      0.25      0.00      0.00      2.51
06:14:21 PM     all     91.25      0.00      4.25      3.75      0.00      0.50      0.00      0.00      0.00      0.25
06:14:22 PM     all     83.54      0.00      4.49      9.98      0.00      0.25      0.25      0.00      0.00      1.50
06:14:23 PM     all     86.82      0.00      5.72      5.97      0.00      0.50      0.25      0.00      0.00      0.75
06:14:24 PM     all     86.18      0.00      5.03      8.29      0.00      0.25      0.00      0.00      0.00      0.25
06:14:25 PM     all     85.29      0.00      4.99      8.48      0.00      0.25      0.25      0.00      0.00      0.75
06:14:26 PM     all     83.88      0.00      6.05      6.80      0.00      0.50      0.00      0.00      0.00      2.77
06:14:27 PM     all     87.53      0.00      7.48      4.24      0.00      0.50      0.25      0.00      0.00      0.00
06:14:28 PM     all     80.95      0.00     11.28      6.77      0.00      0.25      0.25      0.00      0.00      0.50
06:14:29 PM     all     87.91      0.00      4.03      7.30      0.00      0.25      0.00      0.00      0.00      0.50
06:14:30 PM     all     86.07      0.00      4.73      7.71      0.00      0.50      0.25      0.00      0.00      0.75
06:14:31 PM     all     85.64      0.00      4.79      8.82      0.00      0.25      0.00      0.00      0.00      0.50
06:14:32 PM     all     87.56      0.00      4.48      6.72      0.00      0.50      0.25      0.00      0.00      0.50
06:14:33 PM     all     88.22      0.00      3.76      7.27      0.00      0.25      0.00      0.00      0.00      0.50
06:14:34 PM     all     85.25      0.00      4.25      9.25      0.00      0.25      0.25      0.00      0.00      0.75
06:14:35 PM     all     85.25      0.00      5.00      7.25      0.00      0.50      0.00      0.00      0.00      2.00
06:14:36 PM     all     86.72      0.00      4.26      8.02      0.00      0.25      0.25      0.00      0.00      0.50
06:14:37 PM     all     86.57      0.00      4.48      6.72      0.00      0.50      0.25      0.00      0.00      1.49
06:14:38 PM     all     89.20      0.00      4.27      6.28      0.00      0.25      0.00      0.00      0.00      0.00
06:14:39 PM     all     84.04      0.00      3.99      7.98      0.00      0.50      0.25      0.00      0.00      3.24
06:14:40 PM     all     82.16      0.00      5.78      5.53      0.00      0.25      0.00      0.00      0.00      6.28
06:14:41 PM     all      0.25      0.00      4.81     16.20      0.00      0.25      0.25      0.00      0.00     78.23
06:14:42 PM     all      0.50      0.00      5.24     15.46      0.00      0.25      0.25      0.00      0.00     78.30
06:14:43 PM     all      1.01      0.00      5.81     17.42      0.00      0.25      0.00      0.00      0.00     75.51
06:14:44 PM     all      0.50      0.00      5.46     15.63      0.00      0.25      0.25      0.00      0.00     77.92
06:14:45 PM     all      0.25      0.00     13.28     10.78      0.00      0.25      0.25      0.00      0.00     75.19
06:14:46 PM     all      0.25      0.00      3.55     15.99      0.00      0.00      0.00      0.00      0.00     80.20
06:14:47 PM     all      0.50      0.00      4.02     16.33      0.00      0.25      0.25      0.00      0.00     78.64
06:14:48 PM     all      0.00      0.00      5.24     17.21      0.00      0.25      0.25      0.00      0.00     77.06
06:14:49 PM     all      0.50      0.00      4.98     15.42      0.00      0.25      0.00      0.00      0.00     78.86
06:14:50 PM     all      1.24      0.00      5.47     15.67      0.00      0.25      0.25      0.00      0.00     77.11
06:14:51 PM     all      0.00      0.00      5.24     14.46      0.00      0.25      0.25      0.00      0.00     79.80
06:14:52 PM     all      0.25      0.00      4.53     17.13      0.00      0.00      0.00      0.00      0.00     78.09
06:14:53 PM     all      0.25      0.00      4.75     15.50      0.00      0.25      0.25      0.00      0.00     79.00
06:14:54 PM     all      0.00      0.00      4.04     18.69      0.00      0.25      0.00      0.00      0.00     77.02
06:14:55 PM     all      0.00      0.00      4.76     17.29      0.00      0.25      0.25      0.00      0.00     77.44
06:14:56 PM     all      1.00      0.00      5.01     15.79      0.00      0.25      0.25      0.00      0.00     77.69
06:14:57 PM     all      0.25      0.00      5.03     18.34      0.00      0.25      0.00      0.00      0.00     76.13
06:14:58 PM     all      0.00      0.00      5.30     16.92      0.00      0.00      0.25      0.00      0.00     77.53
06:14:59 PM     all      0.00      0.00      5.30     17.93      0.00      0.25      0.00      0.00      0.00     76.52
06:15:00 PM     all      1.25      0.00      6.02     19.55      0.00      0.25      0.25      0.00      0.00     72.68
06:15:01 PM     all      0.25      0.00      5.28     20.35      0.00      0.25      0.25      0.00      0.00     73.62
06:15:02 PM     all      0.50      0.00     12.53     10.53      0.00      0.25      0.25      0.00      0.00     75.94
06:15:03 PM     all      0.00      0.00      4.55     15.91      0.00      0.25      0.00      0.00      0.00     79.29
06:15:04 PM     all      0.00      0.00      4.98     17.91      0.00      0.25      0.25      0.00      0.00     76.62
06:15:05 PM     all      0.25      0.00      3.55     17.26      0.00      0.25      0.25      0.00      0.00     78.43
06:15:06 PM     all      0.00      0.00      4.52     18.59      0.00      0.00      0.00      0.00      0.00     76.88
06:15:07 PM     all      0.25      0.00      4.03     14.86      0.00      0.25      0.25      0.00      0.00     80.35
06:15:08 PM     all      1.01      0.00      5.04     18.64      0.00      0.25      0.00      0.00      0.00     75.06
06:15:09 PM     all      0.00      0.00      5.71     15.63      0.00      0.25      0.25      0.00      0.00     78.16
06:15:10 PM     all      0.00      0.00      4.51     17.54      0.00      0.25      0.25      0.00      0.00     77.44
06:15:11 PM     all      0.25      0.00      5.01     17.04      0.00      0.25      0.00      0.00      0.00     77.44
06:15:12 PM     all      0.25      0.00      4.99     16.96      0.00      0.00      0.25      0.00      0.00     77.56
06:15:13 PM     all      0.00      0.00      4.53     15.11      0.00      0.25      0.00      0.00      0.00     80.10
06:15:14 PM     all      1.01      0.00      4.53     16.88      0.00      0.25      0.25      0.00      0.00     77.08
06:15:15 PM     all      0.25      0.00      5.05     21.46      0.00      0.25      0.25      0.00      0.00     72.73
06:15:16 PM     all      0.25      0.00      5.03     17.59      0.00      0.25      0.00      0.00      0.00     76.88
06:15:17 PM     all      0.00      0.00      5.30     20.45      0.00      0.25      0.25      0.00      0.00     73.74
06:15:18 PM     all      0.50      0.00      5.51     17.04      0.00      0.00      0.25      0.00      0.00     76.69
06:15:19 PM     all     11.08      0.00     13.35     11.08      0.00      0.50      0.00      0.00      0.00     63.98
06:15:20 PM     all     90.50      0.00      9.00      0.00      0.00      0.25      0.25      0.00      0.00      0.00
06:15:21 PM     all     78.70      0.00      4.01      9.52      0.00      0.50      0.25      0.00      0.00      7.02
06:15:22 PM     all     95.24      0.00      4.51      0.00      0.00      0.25      0.00      0.00      0.00      0.00
06:15:23 PM     all     79.95      0.00      4.76     10.78      0.00      0.50      0.25      0.00      0.00      3.76
06:15:24 PM     all     84.17      0.00      4.52      5.03      0.00      0.25      0.00      0.00      0.00      6.03
06:15:25 PM     all     92.02      0.00      4.24      2.99      0.00      0.50      0.25      0.00      0.00      0.00
06:15:26 PM     all     80.45      0.00      4.51      7.52      0.00      0.25      0.00      0.00      0.00      7.27
06:15:27 PM     all     94.99      0.00      4.26      0.00      0.00      0.50      0.25      0.00      0.00      0.00
06:15:28 PM     all     80.80      0.00      3.74     11.47      0.00      0.25      0.25      0.00      0.00      3.49
06:15:29 PM     all     88.47      0.00      4.76      5.26      0.00      0.25      0.00      0.00      0.00      1.25
06:15:30 PM     all     87.25      0.00      4.25      6.00      0.00      0.50      0.25      0.00      0.00      1.75
06:15:31 PM     all     82.71      0.00      4.51     11.53      0.00      0.25      0.00      0.00      0.00      1.00
06:15:32 PM     all     90.75      0.00      5.25      2.75      0.00      0.50      0.25      0.00      0.00      0.50
06:15:33 PM     all     83.67      0.00      5.53      9.55      0.00      0.25      0.00      0.00      0.00      1.01
06:15:34 PM     all     85.04      0.00      4.74      7.98      0.00      0.50      0.25      0.00      0.00      1.50
06:15:35 PM     all     85.64      0.00      4.79      8.06      0.00      0.25      0.25      0.00      0.00      1.01
06:15:36 PM     all     90.48      0.00      5.01      4.01      0.00      0.50      0.00      0.00      0.00      0.00
06:15:37 PM     all     81.00      0.00     10.75      7.00      0.00      0.25      0.25      0.00      0.00      0.75
06:15:38 PM     all     89.25      0.00      4.75      5.25      0.00      0.50      0.00      0.00      0.00      0.25
06:15:39 PM     all     84.50      0.00      3.75     10.25      0.00      0.50      0.25      0.00      0.00      0.75
06:15:40 PM     all     91.71      0.00      4.27      3.52      0.00      0.25      0.00      0.00      0.00      0.25
06:15:41 PM     all     84.67      0.00      4.02      9.05      0.00      0.25      0.25      0.00      0.00      1.76
06:15:42 PM     all     84.25      0.00      4.25      8.25      0.00      0.50      0.25      0.00      0.00      2.50
06:15:43 PM     all     88.69      0.00      4.27      5.78      0.00      0.25      0.00      0.00      0.00      1.01
06:15:44 PM     all     85.29      0.00      5.24      5.24      0.00      0.50      0.25      0.00      0.00      3.49
06:15:45 PM     all     89.92      0.00      4.28      5.54      0.00      0.25      0.00      0.00      0.00      0.00
06:15:46 PM     all     84.75      0.00      3.75      9.75      0.00      0.25      0.25      0.00      0.00      1.25
06:15:47 PM     all     86.47      0.00      4.51      8.27      0.00      0.50      0.00      0.00      0.00      0.25
06:15:48 PM     all     86.72      0.00      4.76      8.02      0.00      0.25      0.25      0.00      0.00      0.00
06:15:49 PM     all     79.20      0.00      5.01     10.03      0.00      0.50      0.25      0.00      0.00      5.01
06:15:50 PM     all      1.26      0.00      5.54     13.35      0.00      0.25      0.00      0.00      0.00     79.60
06:15:51 PM     all      0.25      0.00      5.54     17.38      0.00      0.25      0.25      0.00      0.00     76.32
06:15:52 PM     all      0.00      0.00      5.03     18.59      0.00      0.00      0.25      0.00      0.00     76.13
06:15:53 PM     all      0.00      0.00      5.81     18.43      0.00      0.25      0.00      0.00      0.00     75.51
06:15:54 PM     all      0.75      0.00     12.28     10.53      0.00      0.25      0.25      0.00      0.00     75.94
06:15:55 PM     all      0.25      0.00      4.50     17.50      0.00      0.25      0.25      0.00      0.00     77.25
06:15:56 PM     all      0.51      0.00      5.05     16.67      0.00      0.25      0.00      0.00      0.00     77.53
06:15:57 PM     all      0.00      0.00      4.03     15.37      0.00      0.25      0.25      0.00      0.00     80.10
06:15:58 PM     all      0.00      0.00      4.53     16.62      0.00      0.00      0.25      0.00      0.00     78.59
06:15:59 PM     all      0.00      0.00      4.53     17.63      0.00      0.25      0.00      0.00      0.00     77.58
06:16:00 PM     all      1.50      0.00      5.01     15.29      0.00      0.25      0.25      0.00      0.00     77.69
06:16:01 PM     all      0.00      0.00      4.02     19.35      0.00      0.25      0.00      0.00      0.00     76.38
06:16:02 PM     all      0.25      0.00      3.54     18.18      0.00      0.25      0.25      0.00      0.00     77.53
06:16:03 PM     all      0.25      0.00      5.00     15.50      0.00      0.25      0.25      0.00      0.00     78.75
06:16:04 PM     all      0.00      0.00      3.80     16.71      0.00      0.00      0.00      0.00      0.00     79.49
06:16:05 PM     all      0.25      0.00      3.79     17.68      0.00      0.25      0.25      0.00      0.00     77.78
06:16:06 PM     all      0.00      0.00      4.80     19.19      0.00      0.25      0.00      0.00      0.00     75.76
06:16:07 PM     all      0.00      0.00      5.76     17.29      0.00      0.25      0.25      0.00      0.00     76.44
06:16:09 PM     all      0.75      0.00      6.03     18.09      0.00      0.00      0.25      0.00      0.00     74.87
06:16:10 PM     all      0.00      0.00      5.56     16.67      0.00      0.51      0.00      0.00      0.00     77.27
06:16:11 PM     all      0.50      0.00      4.53     18.89      0.00      0.00      0.25      0.00      0.00     75.82
06:16:12 PM     all      0.25      0.00     12.41     12.41      0.00      0.51      0.25      0.00      0.00     74.18
06:16:13 PM     all      0.00      0.00      4.27     18.84      0.00      0.00      0.25      0.00      0.00     76.63
06:16:14 PM     all      0.25      0.00      4.04     19.44      0.00      0.25      0.00      0.00      0.00     76.01
06:16:15 PM     all      0.50      0.00      5.04     16.37      0.00      0.25      0.25      0.00      0.00     77.58
06:16:16 PM     all      0.25      0.00      4.76     15.54      0.00      0.25      0.00      0.00      0.00     79.20
06:16:17 PM     all      0.00      0.00      4.53     12.85      0.00      0.00      0.25      0.00      0.00     82.37
06:16:18 PM     all      0.25      0.00      4.03     13.10      0.00      0.25      0.00      0.00      0.00     82.37
06:16:19 PM     all      0.00      0.00      4.28     18.39      0.00      0.25      0.25      0.00      0.00     76.83
06:16:20 PM     all      0.00      0.00      4.51     10.28      0.00      0.25      0.25      0.00      0.00     84.71
06:16:21 PM     all      0.50      0.00      4.75     16.75      0.00      0.25      0.00      0.00      0.00     77.75
06:16:22 PM     all      0.00      0.00      3.80     16.46      0.00      0.25      0.25      0.00      0.00     79.24
06:16:23 PM     all      0.25      0.00      3.80     20.00      0.00      0.00      0.00      0.00      0.00     75.95
06:16:24 PM     all      0.25      0.00      4.76     19.30      0.00      0.25      0.25      0.00      0.00     75.19
06:16:25 PM     all      0.00      0.00      4.80     19.70      0.00      0.25      0.25      0.00      0.00     75.00
06:16:26 PM     all      0.00      0.00      5.54     20.15      0.00      0.25      0.00      0.00      0.00     74.06
06:16:27 PM     all      0.50      0.00      5.26     16.04      0.00      0.00      0.25      0.00      0.00     77.94
06:16:28 PM     all      0.00      0.00      6.27     17.29      0.00      0.25      0.00      0.00      0.00     76.19
06:16:29 PM     all     25.63      0.00     12.81     10.30      0.00      0.50      0.25      0.00      0.00     50.50
06:16:30 PM     all     91.25      0.00      8.25      0.00      0.00      0.25      0.25      0.00      0.00      0.00
06:16:31 PM     all     77.81      0.00      4.99      7.98      0.00      0.50      0.25      0.00      0.00      8.48
06:16:32 PM     all     92.48      0.00      4.26      2.26      0.00      0.25      0.00      0.00      0.00      0.75
06:16:33 PM     all     83.00      0.00      4.25      9.25      0.00      0.50      0.25      0.00      0.00      2.75
06:16:34 PM     all     85.21      0.00      4.26      8.52      0.00      0.25      0.00      0.00      0.00      1.75
06:16:35 PM     all     91.50      0.00      5.00      3.00      0.00      0.25      0.25      0.00      0.00      0.00
06:16:36 PM     all     80.50      0.00      4.50     13.00      0.00      0.50      0.00      0.00      0.00      1.50
06:16:37 PM     all     88.53      0.00      4.49      5.74      0.00      0.25      0.25      0.00      0.00      0.75
06:16:38 PM     all     87.25      0.00      4.25      7.50      0.00      0.50      0.25      0.00      0.00      0.25
06:16:39 PM     all     86.47      0.00      4.76      7.52      0.00      0.25      0.00      0.00      0.00      1.00
06:16:40 PM     all     87.50      0.00      3.75      7.00      0.00      0.50      0.25      0.00      0.00      1.00
06:16:41 PM     all     85.71      0.00      5.01      8.52      0.00      0.25      0.00      0.00      0.00      0.50
06:16:42 PM     all     87.50      0.00      5.00      6.50      0.00      0.50      0.25      0.00      0.00      0.25
06:16:43 PM     all     87.66      0.00      4.53      4.03      0.00      0.25      0.00      0.00      0.00      3.53
06:16:44 PM     all     84.75      0.00      5.25      8.50      0.00      0.50      0.25      0.00      0.00      0.75
06:16:45 PM     all     83.75      0.00      6.00      6.75      0.00      0.25      0.25      0.00      0.00      3.00
06:16:46 PM     all     85.43      0.00      9.55      4.52      0.00      0.50      0.00      0.00      0.00      0.00
06:16:47 PM     all     84.71      0.00      6.52      6.52      0.00      0.25      0.25      0.00      0.00      1.75
06:16:48 PM     all     88.03      0.00      4.49      6.48      0.00      0.50      0.00      0.00      0.00      0.50
06:16:49 PM     all     84.92      0.00      4.02     10.05      0.00      0.25      0.25      0.00      0.00      0.50
06:16:50 PM     all     88.19      0.00      4.02      6.78      0.00      0.50      0.25      0.00      0.00      0.25
06:16:51 PM     all     85.21      0.00      5.26      8.02      0.00      0.25      0.00      0.00      0.00      1.25
06:16:52 PM     all     88.03      0.00      3.24      7.23      0.00      0.50      0.25      0.00      0.00      0.75
06:16:53 PM     all     88.41      0.00      4.28      6.05      0.00      0.25      0.00      0.00      0.00      1.01
06:16:54 PM     all     84.71      0.00      4.26      8.77      0.00      0.50      0.25      0.00      0.00      1.50
06:16:55 PM     all     87.72      0.00      4.76      6.77      0.00      0.25      0.00      0.00      0.00      0.50
06:16:56 PM     all     84.54      0.00      3.99     10.22      0.00      0.25      0.25      0.00      0.00      0.75
06:16:57 PM     all     89.47      0.00      5.26      4.26      0.00      0.50      0.25      0.00      0.00      0.25
06:16:58 PM     all     85.43      0.00      4.52      7.29      0.00      0.25      0.00      0.00      0.00      2.51
06:16:59 PM     all     65.59      0.00      4.99     10.22      0.00      0.50      0.25      0.00      0.00     18.45
06:17:00 PM     all      0.25      0.00      5.05     17.17      0.00      0.25      0.00      0.00      0.00     77.27
06:17:01 PM     all      1.01      0.00      6.03     15.83      0.00      0.25      0.25      0.00      0.00     76.63
06:17:02 PM     all      0.50      0.00      6.23     18.95      0.00      0.25      0.25      0.00      0.00     73.82
06:17:03 PM     all      0.00      0.00      5.75     18.25      0.00      0.25      0.25      0.00      0.00     75.50
06:17:04 PM     all      0.25      0.00     13.03     11.78      0.00      0.25      0.25      0.00      0.00     74.44
06:17:05 PM     all      0.25      0.00      5.01     16.54      0.00      0.00      0.00      0.00      0.00     78.20
06:17:06 PM     all      0.00      0.00      4.99     15.21      0.00      0.25      0.25      0.00      0.00     79.30
06:17:07 PM     all      0.00      0.00      4.77     15.33      0.00      0.25      0.00      0.00      0.00     79.65
06:17:08 PM     all      0.25      0.00      4.26     16.04      0.00      0.25      0.25      0.00      0.00     78.95
06:17:09 PM     all      0.50      0.00      6.25     17.00      0.00      0.25      0.25      0.00      0.00     75.75
06:17:10 PM     all      0.25      0.00      4.77     16.58      0.00      0.00      0.00      0.00      0.00     78.39
06:17:11 PM     all      0.00      0.00      4.27     17.34      0.00      0.25      0.25      0.00      0.00     77.89
06:17:12 PM     all      0.00      0.00      4.29     17.17      0.00      0.25      0.00      0.00      0.00     78.28
06:17:13 PM     all      0.00      0.00      4.51     18.80      0.00      0.25      0.25      0.00      0.00     76.19
06:17:14 PM     all      0.25      0.00      4.51     18.30      0.00      0.25      0.25      0.00      0.00     76.44
06:17:15 PM     all      1.00      0.00      5.72     18.16      0.00      0.25      0.00      0.00      0.00     74.88
06:17:16 PM     all      0.25      0.00      5.04     11.34      0.00      0.00      0.25      0.00      0.00     83.12
06:17:17 PM     all      0.00      0.00      5.56     15.66      0.00      0.25      0.00      0.00      0.00     78.54
06:17:18 PM     all      0.00      0.00      5.04     16.62      0.00      0.25      0.25      0.00      0.00     77.83
06:17:19 PM     all      0.00      0.00      5.75     14.75      0.00      0.25      0.25      0.00      0.00     79.00
06:17:20 PM     all      0.50      0.00      6.00     18.50      0.00      0.25      0.00      0.00      0.00     74.75
06:17:21 PM     all      1.01      0.00     13.10     11.84      0.00      0.25      0.25      0.00      0.00     73.55
06:17:22 PM     all      0.00      0.00      4.28     17.38      0.00      0.25      0.25      0.00      0.00     77.83
06:17:23 PM     all      0.25      0.00      4.26     16.54      0.00      0.25      0.25      0.00      0.00     78.45
06:17:24 PM     all      0.00      0.00      4.30     17.97      0.00      0.00      0.00      0.00      0.00     77.72
06:17:25 PM     all      0.25      0.00      4.02     18.84      0.00      0.25      0.25      0.00      0.00     76.38
06:17:26 PM     all      0.25      0.00      3.80     17.72      0.00      0.25      0.00      0.00      0.00     77.97
06:17:27 PM     all      0.76      0.00      4.79     17.63      0.00      0.25      0.25      0.00      0.00     76.32
06:17:28 PM     all      0.00      0.00      4.28     12.34      0.00      0.00      0.25      0.00      0.00     83.12
06:17:29 PM     all      0.00      0.00      4.53     14.86      0.00      0.25      0.00      0.00      0.00     80.35
06:17:30 PM     all      0.00      0.00      3.02     19.90      0.00      0.25      0.25      0.00      0.00     76.57
06:17:31 PM     all      0.25      0.00      4.52     17.84      0.00      0.25      0.00      0.00      0.00     77.14
06:17:32 PM     all      0.25      0.00      5.00     19.75      0.00      0.00      0.25      0.00      0.00     74.75
06:17:33 PM     all      0.50      0.00      5.03     17.84      0.00      0.25      0.25      0.00      0.00     76.13
06:17:34 PM     all      0.00      0.00      5.51     18.30      0.00      0.25      0.00      0.00      0.00     75.94
06:17:35 PM     all      0.25      0.00      5.53     18.09      0.00      0.25      0.25      0.00      0.00     75.63
06:17:36 PM     all      0.00      0.00      5.29     18.14      0.00      0.25      0.00      0.00      0.00     76.32
06:17:37 PM     all      0.25      0.00      5.75     18.75      0.00      0.25      0.25      0.00      0.00     74.75
06:17:38 PM     all     19.85      0.00     12.56     10.05      0.00      0.25      0.25      0.00      0.00     57.04
06:17:39 PM     all     89.75      0.00      9.50      0.00      0.00      0.50      0.25      0.00      0.00      0.00
06:17:40 PM     all     76.81      0.00      5.49      6.98      0.00      0.50      0.00      0.00      0.00     10.22
06:17:41 PM     all     93.00      0.00      5.00      1.00      0.00      0.25      0.25      0.00      0.00      0.50
06:17:42 PM     all     80.65      0.00      5.53      8.79      0.00      0.25      0.00      0.00      0.00      4.77
06:17:43 PM     all     83.08      0.00      5.97      6.97      0.00      0.50      0.25      0.00      0.00      3.23
06:17:44 PM     all     90.75      0.00      5.25      3.75      0.00      0.25      0.00      0.00      0.00      0.00
06:17:45 PM     all     79.90      0.00      6.53     11.31      0.00      0.50      0.25      0.00      0.00      1.51
06:17:46 PM     all     88.12      0.00      6.19      4.70      0.00      0.50      0.25      0.00      0.00      0.25
06:17:47 PM     all     82.75      0.00      5.75     10.00      0.00      0.25      0.00      0.00      0.00      1.25
06:17:48 PM     all     84.21      0.00      6.52      8.02      0.00      0.25      0.25      0.00      0.00      0.75
06:17:49 PM     all     84.79      0.00      6.23      7.23      0.00      0.50      0.25      0.00      0.00      1.00
06:17:50 PM     all     83.50      0.00      7.00      7.50      0.00      0.50      0.00      0.00      0.00      1.50
06:17:51 PM     all     87.25      0.00      8.00      4.25      0.00      0.25      0.25      0.00      0.00      0.00
06:17:52 PM     all     82.79      0.00      6.48      8.23      0.00      0.50      0.00      0.00      0.00      2.00
06:17:53 PM     all     82.00      0.00      7.00      6.25      0.00      0.25      0.25      0.00      0.00      4.25
06:17:54 PM     all     82.22      0.00      6.42      5.43      0.00      0.49      0.25      0.00      0.00      5.19
06:17:55 PM     all     87.94      0.00      9.55      1.76      0.00      0.25      0.00      0.00      0.00      0.50
06:17:56 PM     all     80.60      0.00     10.45      3.98      0.00      0.50      0.25      0.00      0.00      4.23
06:17:57 PM     all     86.40      0.00      6.05      6.80      0.00      0.25      0.00      0.00      0.00      0.50
06:17:58 PM     all     82.25      0.00      6.25      8.50      0.00      0.50      0.25      0.00      0.00      2.25
06:17:59 PM     all     86.25      0.00      6.25      6.75      0.00      0.25      0.00      0.00      0.00      0.50
06:18:00 PM     all     86.00      0.00      5.75      6.25      0.00      0.25      0.25      0.00      0.00      1.50
06:18:01 PM     all     82.96      0.00      8.02      7.77      0.00      0.50      0.00      0.00      0.00      0.75
06:18:02 PM     all     86.68      0.00      5.78      6.28      0.00      0.25      0.25      0.00      0.00      0.75
06:18:03 PM     all     82.18      0.00      6.44      9.41      0.00      0.50      0.25      0.00      0.00      1.24
06:18:04 PM     all     86.72      0.00      5.76      6.52      0.00      0.25      0.00      0.00      0.00      0.75
06:18:05 PM     all     86.50      0.00      6.00      6.25      0.00      0.50      0.25      0.00      0.00      0.50
06:18:06 PM     all     84.00      0.00      4.50     10.00      0.00      0.25      0.00      0.00      0.00      1.25
06:18:07 PM     all     87.03      0.00      5.74      6.48      0.00      0.50      0.25      0.00      0.00      0.00
06:18:08 PM     all     74.24      0.00      6.06     10.86      0.00      0.25      0.00      0.00      0.00      8.59
06:18:09 PM     all      0.25      0.00      6.20     16.87      0.00      0.25      0.25      0.00      0.00     76.18
06:18:10 PM     all      0.25      0.00      6.23     16.21      0.00      0.25      0.25      0.00      0.00     76.81
06:18:11 PM     all      0.00      0.00      6.22     17.91      0.00      0.25      0.25      0.00      0.00     75.37
06:18:12 PM     all      0.25      0.00      6.23     16.71      0.00      0.25      0.00      0.00      0.00     76.56
06:18:13 PM     all      0.25      0.00     13.57     18.34      0.00      0.25      0.25      0.00      0.00     67.34
06:18:14 PM     all      0.25      0.00      4.02     17.34      0.00      0.00      0.25      0.00      0.00     78.14
06:18:15 PM     all      0.00      0.00      5.25     16.50      0.00      0.25      0.25      0.00      0.00     77.75
06:18:16 PM     all      0.00      0.00      5.71     16.63      0.00      0.25      0.00      0.00      0.00     77.42
06:18:17 PM     all      0.00      0.00      6.42     15.80      0.00      0.25      0.25      0.00      0.00     77.28
06:18:18 PM     all      0.25      0.00      5.93     18.52      0.00      0.25      0.00      0.00      0.00     75.06
06:18:19 PM     all      0.49      0.00      5.68     16.79      0.00      0.25      0.25      0.00      0.00     76.54
06:18:20 PM     all      0.00      0.00      6.40     16.01      0.00      0.00      0.25      0.00      0.00     77.34
06:18:21 PM     all      0.25      0.00      6.40     17.00      0.00      0.25      0.00      0.00      0.00     76.11
06:18:22 PM     all      0.49      0.00      6.14     15.72      0.00      0.25      0.25      0.00      0.00     77.15
06:18:23 PM     all      0.00      0.00      5.94     15.84      0.00      0.25      0.25      0.00      0.00     77.72
06:18:24 PM     all      0.49      0.00      5.93     18.52      0.00      0.25      0.00      0.00      0.00     74.81
06:18:25 PM     all      0.00      0.00      5.72     17.41      0.00      0.25      0.25      0.00      0.00     76.37
06:18:26 PM     all      0.50      0.00      6.70     15.63      0.00      0.00      0.25      0.00      0.00     76.92
06:18:27 PM     all      0.00      0.00      6.70     17.62      0.00      0.25      0.00      0.00      0.00     75.43
06:18:28 PM     all      0.00      0.00      6.93     15.84      0.00      0.25      0.25      0.00      0.00     76.73
06:18:29 PM     all      0.74      0.00      6.44     16.58      0.00      0.25      0.25      0.00      0.00     75.74
06:18:30 PM     all      0.74      0.00     13.65     10.42      0.00      0.25      0.25      0.00      0.00     74.69
06:18:31 PM     all      0.00      0.00      5.47     16.17      0.00      0.25      0.00      0.00      0.00     78.11
06:18:32 PM     all      0.00      0.00      5.94     17.57      0.00      0.25      0.25      0.00      0.00     75.99
06:18:33 PM     all      0.49      0.00      6.37     15.20      0.00      0.25      0.25      0.00      0.00     77.45
06:18:34 PM     all      0.25      0.00      5.47     15.92      0.00      0.00      0.00      0.00      0.00     78.36
06:18:35 PM     all      0.00      0.00      5.94     16.09      0.00      0.25      0.25      0.00      0.00     77.48
06:18:36 PM     all      0.25      0.00      5.91     15.76      0.00      0.25      0.25      0.00      0.00     77.59
06:18:37 PM     all      0.00      0.00      5.96     15.63      0.00      0.25      0.00      0.00      0.00     78.16
06:18:38 PM     all      0.25      0.00      5.45     16.09      0.00      0.25      0.25      0.00      0.00     77.72
06:18:39 PM     all      0.25      0.00      4.99     15.46      0.00      0.25      0.25      0.00      0.00     78.80
06:18:40 PM     all      0.25      0.00      4.28     15.62      0.00      0.00      0.00      0.00      0.00     79.85
06:18:41 PM     all      0.25      0.00      5.24     16.46      0.00      0.25      0.25      0.00      0.00     77.56
06:18:42 PM     all      0.50      0.00      4.52     16.58      0.00      0.25      0.00      0.00      0.00     78.14
06:18:43 PM     all      0.25      0.00      5.72     16.17      0.00      0.25      0.25      0.00      0.00     77.36
06:18:44 PM     all      0.25      0.00      6.47     16.92      0.00      0.25      0.25      0.00      0.00     75.87
06:18:45 PM     all      0.50      0.00      6.22     17.16      0.00      0.25      0.00      0.00      0.00     75.87
06:18:46 PM     all      0.25      0.00      6.00     16.25      0.00      0.00      0.25      0.00      0.00     77.25
06:18:47 PM     all     27.50      0.00     14.50      9.25      0.00      0.50      0.25      0.00      0.00     48.00
06:18:48 PM     all     92.75      0.00      7.00      0.00      0.00      0.25      0.00      0.00      0.00      0.00
06:18:49 PM     all     77.89      0.00      4.77      8.54      0.00      0.50      0.25      0.00      0.00      8.04
06:18:50 PM     all     91.04      0.00      4.73      1.99      0.00      0.25      0.25      0.00      0.00      1.74
06:18:51 PM     all     83.42      0.00      4.52      6.78      0.00      0.50      0.00      0.00      0.00      4.77
06:18:52 PM     all     84.00      0.00      4.50      3.50      0.00      0.25      0.25      0.00      0.00      7.50
06:18:53 PM     all     91.23      0.00      5.01      3.01      0.00      0.50      0.00      0.00      0.00      0.25
06:18:54 PM     all     79.20      0.00      4.51      8.77      0.00      0.25      0.25      0.00      0.00      7.02
06:18:55 PM     all     92.52      0.00      4.24      2.00      0.00      0.50      0.00      0.00      0.00      0.75
06:18:56 PM     all     82.71      0.00      4.51      7.52      0.00      0.25      0.25      0.00      0.00      4.76
06:18:57 PM     all     83.75      0.00      4.50      4.75      0.00      0.50      0.00      0.00      0.00      6.50
06:18:58 PM     all     91.00      0.00      4.75      3.25      0.00      0.25      0.25      0.00      0.00      0.50
06:18:59 PM     all     82.37      0.00      4.03      8.56      0.00      0.25      0.00      0.00      0.00      4.79
06:19:00 PM     all     88.03      0.00      5.24      4.24      0.00      0.50      0.25      0.00      0.00      1.75
06:19:01 PM     all     87.72      0.00      4.51      5.76      0.00      0.25      0.00      0.00      0.00      1.75
06:19:02 PM     all     83.96      0.00      2.76      7.52      0.00      0.50      0.25      0.00      0.00      5.01
06:19:03 PM     all     83.87      0.00      4.96      8.44      0.00      0.25      0.00      0.00      0.00      2.48
06:19:04 PM     all     91.52      0.00      6.48      1.25      0.00      0.50      0.25      0.00      0.00      0.00
06:19:05 PM     all     83.84      0.00      4.55      8.08      0.00      0.25      0.00      0.00      0.00      3.28
06:19:06 PM     all     84.54      0.00     11.22      3.49      0.00      0.50      0.25      0.00      0.00      0.00
06:19:07 PM     all     80.60      0.00      4.23      8.96      0.00      0.25      0.25      0.00      0.00      5.72
06:19:08 PM     all     86.47      0.00      4.26      4.76      0.00      0.50      0.00      0.00      0.00      4.01
06:19:09 PM     all     87.78      0.00      4.24      6.73      0.00      0.25      0.25      0.00      0.00      0.75
06:19:10 PM     all     84.04      0.00      4.49      8.98      0.00      0.50      0.25      0.00      0.00      1.75
06:19:11 PM     all     91.98      0.00      4.01      3.51      0.00      0.25      0.00      0.00      0.00      0.25
06:19:12 PM     all     83.79      0.00      4.49      8.73      0.00      0.50      0.25      0.00      0.00      2.24
06:19:13 PM     all     87.94      0.00      4.77      6.53      0.00      0.25      0.00      0.00      0.00      0.50
06:19:14 PM     all     83.96      0.00      4.26      8.02      0.00      0.50      0.25      0.00      0.00      3.01
06:19:15 PM     all     84.92      0.00      4.02      9.80      0.00      0.25      0.00      0.00      0.00      1.01
06:19:16 PM     all     91.48      0.00      3.76      3.26      0.00      0.50      0.25      0.00      0.00      0.75
06:19:17 PM     all     63.82      0.00      5.03     15.58      0.00      0.25      0.00      0.00      0.00     15.33
06:19:18 PM     all      0.00      0.00      4.27     17.34      0.00      0.25      0.25      0.00      0.00     77.89
06:19:19 PM     all      0.00      0.00      6.03     17.59      0.00      0.00      0.25      0.00      0.00     76.13
06:19:20 PM     all      0.25      0.00      5.04     17.38      0.00      0.25      0.00      0.00      0.00     77.08
06:19:21 PM     all      0.00      0.00      6.00     16.75      0.00      0.25      0.25      0.00      0.00     76.75
06:19:22 PM     all      0.25      0.00      4.80     14.90      0.00      0.25      0.25      0.00      0.00     79.55
06:19:23 PM     all      0.50      0.00      8.48     15.21      0.00      0.25      0.00      0.00      0.00     75.56
06:19:24 PM     all      0.00      0.00      9.85     12.37      0.00      0.25      0.25      0.00      0.00     77.27
06:19:25 PM     all      0.00      0.00      4.98     16.92      0.00      0.25      0.25      0.00      0.00     77.61
06:19:26 PM     all      0.25      0.00      4.05     15.19      0.00      0.00      0.00      0.00      0.00     80.51
06:19:27 PM     all      0.00      0.00      5.00     14.25      0.00      0.25      0.25      0.00      0.00     80.25
06:19:28 PM     all      0.00      0.00      4.27     16.33      0.00      0.25      0.25      0.00      0.00     78.89
06:19:29 PM     all      0.25      0.00      4.27     18.09      0.00      0.25      0.00      0.00      0.00     77.14
06:19:30 PM     all      0.00      0.00      4.28     16.88      0.00      0.25      0.25      0.00      0.00     78.34
06:19:31 PM     all      0.25      0.00      4.29     14.65      0.00      0.00      0.00      0.00      0.00     80.81
06:19:32 PM     all      0.00      0.00      5.47     17.91      0.00      0.25      0.25      0.00      0.00     76.12
06:19:33 PM     all      0.50      0.00      5.00     15.50      0.00      0.25      0.25      0.00      0.00     78.50
06:19:34 PM     all      0.25      0.00      4.28     15.11      0.00      0.25      0.00      0.00      0.00     80.10
06:19:35 PM     all      0.25      0.00      4.99     13.47      0.00      0.25      0.25      0.00      0.00     80.80
06:19:36 PM     all      0.25      0.00      4.51     17.79      0.00      0.00      0.25      0.00      0.00     77.19
06:19:37 PM     all      0.25      0.00      4.27     17.59      0.00      0.25      0.00      0.00      0.00     77.64
06:19:38 PM     all      0.25      0.00      5.49     15.96      0.00      0.25      0.25      0.00      0.00     77.81
06:19:39 PM     all      0.50      0.00      5.01     15.79      0.00      0.25      0.00      0.00      0.00     78.45
06:19:40 PM     all      0.00      0.00      5.56     15.66      0.00      0.25      0.25      0.00      0.00     78.28
06:19:41 PM     all      0.25      0.00     13.25     11.25      0.00      0.25      0.25      0.00      0.00     74.75
06:19:42 PM     all      0.25      0.00      4.50     16.50      0.00      0.25      0.25      0.00      0.00     78.25
06:19:43 PM     all      0.00      0.00      3.82     15.78      0.00      0.00      0.00      0.00      0.00     80.41
06:19:44 PM     all      0.00      0.00      4.02     18.09      0.00      0.25      0.25      0.00      0.00     77.39
06:19:45 PM     all      0.25      0.00      4.01     17.04      0.00      0.25      0.00      0.00      0.00     78.45
06:19:46 PM     all      0.00      0.00      3.80     16.71      0.00      0.25      0.25      0.00      0.00     78.99
06:19:47 PM     all      0.25      0.00      3.78     18.14      0.00      0.00      0.25      0.00      0.00     77.58
06:19:48 PM     all      0.00      0.00      4.04     15.40      0.00      0.25      0.00      0.00      0.00     80.30
06:19:49 PM     all      0.00      0.00      4.51     17.04      0.00      0.25      0.25      0.00      0.00     77.94
06:19:50 PM     all      0.51      0.00      3.54     17.47      0.00      0.25      0.00      0.00      0.00     78.23
06:19:51 PM     all      0.25      0.00      4.02     17.84      0.00      0.00      0.25      0.00      0.00     77.64
06:19:52 PM     all      0.00      0.00      4.53     15.62      0.00      0.25      0.25      0.00      0.00     79.35
06:19:53 PM     all      0.25      0.00      4.74     17.71      0.00      0.25      0.00      0.00      0.00     77.06
06:19:54 PM     all      0.25      0.00      4.77     16.08      0.00      0.25      0.25      0.00      0.00     78.39
06:19:55 PM     all      0.25      0.00      5.50     16.75      0.00      0.25      0.00      0.00      0.00     77.25
06:19:56 PM     all      0.00      0.00      5.75     17.00      0.00      0.25      0.25      0.00      0.00     76.75
06:19:57 PM     all      0.25      0.00      5.04     18.14      0.00      0.00      0.25      0.00      0.00     76.32
06:19:58 PM     all      0.00      0.00      4.80     16.16      0.00      0.25      0.00      0.00      0.00     78.79
06:19:59 PM     all     22.56      0.00     12.28      9.52      0.00      0.25      0.25      0.00      0.00     55.14
06:20:00 PM     all     90.50      0.00      8.75      0.00      0.00      0.50      0.25      0.00      0.00      0.00
06:20:01 PM     all     76.88      0.00      5.78      6.53      0.00      0.25      0.00      0.00      0.00     10.55
06:20:02 PM     all     93.78      0.00      4.48      0.75      0.00      0.50      0.25      0.00      0.00      0.25
06:20:03 PM     all     81.66      0.00      3.77      8.54      0.00      0.25      0.00      0.00      0.00      5.78
06:20:04 PM     all     84.29      0.00      4.24      7.23      0.00      0.50      0.25      0.00      0.00      3.49
06:20:05 PM     all     92.48      0.00      4.51      2.76      0.00      0.25      0.00      0.00      0.00      0.00
06:20:06 PM     all     80.30      0.00      4.24     10.72      0.00      0.50      0.25      0.00      0.00      3.99
06:20:07 PM     all     92.21      0.00      4.02      3.52      0.00      0.25      0.00      0.00      0.00      0.00
06:20:08 PM     all     84.29      0.00      3.74      7.98      0.00      0.50      0.25      0.00      0.00      3.24
06:20:09 PM     all     86.65      0.00      3.78      8.31      0.00      0.25      0.25      0.00      0.00      0.76
06:20:10 PM     all     88.25      0.00      3.75      7.00      0.00      0.50      0.00      0.00      0.00      0.50
06:20:11 PM     all     85.50      0.00      4.75      6.25      0.00      0.25      0.25      0.00      0.00      3.00
06:20:12 PM     all     90.30      0.00      4.73      2.99      0.00      0.25      0.00      0.00      0.00      1.74
06:20:13 PM     all     85.25      0.00      4.25      6.75      0.00      0.50      0.25      0.00      0.00      3.00
06:20:14 PM     all     83.71      0.00      5.51      9.52      0.00      0.25      0.00      0.00      0.00      1.00
06:20:15 PM     all     83.54      0.00      6.23      7.23      0.00      0.50      0.25      0.00      0.00      2.24
06:20:16 PM     all     91.73      0.00      5.26      2.51      0.00      0.25      0.00      0.00      0.00      0.25
06:20:17 PM     all     81.20      0.00      8.77      7.27      0.00      0.50      0.25      0.00      0.00      2.01
06:20:18 PM     all     87.72      0.00      7.77      3.51      0.00      0.25      0.00      0.00      0.00      0.75
06:20:19 PM     all     85.21      0.00      4.01      9.77      0.00      0.25      0.25      0.00      0.00      0.50
06:20:20 PM     all     88.03      0.00      4.24      6.23      0.00      0.50      0.25      0.00      0.00      0.75
06:20:21 PM     all     86.00      0.00      5.25      7.25      0.00      0.25      0.00      0.00      0.00      1.25
06:20:22 PM     all     87.78      0.00      3.74      7.23      0.00      0.50      0.25      0.00      0.00      0.50
06:20:23 PM     all     85.75      0.00      3.75      6.50      0.00      0.25      0.00      0.00      0.00      3.75
06:20:24 PM     all     84.71      0.00      4.01      6.52      0.00      0.50      0.25      0.00      0.00      4.01
06:20:25 PM     all     88.25      0.00      4.25      6.50      0.00      0.25      0.00      0.00      0.00      0.75
06:20:26 PM     all     85.54      0.00      4.49      4.74      0.00      0.50      0.25      0.00      0.00      4.49
06:20:27 PM     all     88.94      0.00      5.03      5.78      0.00      0.25      0.00      0.00      0.00      0.00
06:20:28 PM     all     84.96      0.00      4.26      8.52      0.00      0.25      0.25      0.00      0.00      1.75
06:20:29 PM     all     70.15      0.00      5.47      8.21      0.00      0.50      0.00      0.00      0.00     15.67
06:20:30 PM     all      0.25      0.00      5.26     18.80      0.00      0.25      0.25      0.00      0.00     75.19
06:20:31 PM     all      0.00      0.00      5.29     19.65      0.00      0.00      0.25      0.00      0.00     74.81
06:20:32 PM     all      0.25      0.00      4.79     17.38      0.00      0.25      0.00      0.00      0.00     77.33
06:20:33 PM     all      0.50      0.00      5.28     16.58      0.00      0.25      0.25      0.00      0.00     77.14
06:20:34 PM     all      0.00      0.00      5.01     17.29      0.00      0.25      0.25      0.00      0.00     77.19
06:20:35 PM     all      0.50      0.00     12.85     10.08      0.00      0.25      0.25      0.00      0.00     76.07
06:20:36 PM     all      0.25      0.00      4.02     18.34      0.00      0.25      0.00      0.00      0.00     77.14
06:20:37 PM     all      0.00      0.00      4.99     15.96      0.00      0.00      0.25      0.00      0.00     78.80
06:20:38 PM     all      0.25      0.00      4.27     15.33      0.00      0.25      0.00      0.00      0.00     79.90
06:20:39 PM     all      0.76      0.00      4.53     16.88      0.00      0.25      0.25      0.00      0.00     77.33
06:20:40 PM     all      0.25      0.00      4.04     15.91      0.00      0.25      0.25      0.00      0.00     79.29
06:20:41 PM     all      0.00      0.00      3.55     15.74      0.00      0.25      0.00      0.00      0.00     80.46
06:20:42 PM     all      0.00      0.00      4.28     15.87      0.00      0.25      0.25      0.00      0.00     79.35
06:20:43 PM     all      0.00      0.00      4.77     17.84      0.00      0.00      0.00      0.00      0.00     77.39
06:20:44 PM     all      0.25      0.00      4.23     16.67      0.00      0.25      0.25      0.00      0.00     78.36
06:20:45 PM     all      0.75      0.00      5.03     19.10      0.00      0.25      0.25      0.00      0.00     74.62
06:20:46 PM     all      0.00      0.00      4.04     18.18      0.00      0.25      0.00      0.00      0.00     77.53
06:20:47 PM     all      0.00      0.00      4.02     16.33      0.00      0.25      0.25      0.00      0.00     79.15
06:20:48 PM     all      0.00      0.00      5.30     15.91      0.00      0.25      0.00      0.00      0.00     78.54
06:20:49 PM     all      0.25      0.00      4.53     16.37      0.00      0.00      0.25      0.00      0.00     78.59
06:20:50 PM     all      0.25      0.00      5.04     17.63      0.00      0.25      0.25      0.00      0.00     76.57
06:20:51 PM     all      0.00      0.00      5.05     18.18      0.00      0.25      0.00      0.00      0.00     76.52
06:20:52 PM     all      0.25      0.00      5.53     15.33      0.00      0.25      0.25      0.00      0.00     78.39
06:20:53 PM     all      0.25      0.00     12.59     11.08      0.00      0.25      0.25      0.00      0.00     75.57
06:20:54 PM     all      0.25      0.00      4.51     17.79      0.00      0.25      0.00      0.00      0.00     77.19
06:20:55 PM     all      0.00      0.00      4.29     17.17      0.00      0.00      0.25      0.00      0.00     78.28
06:20:56 PM     all      0.25      0.00      4.50     14.75      0.00      0.25      0.25      0.00      0.00     80.00
06:20:57 PM     all      0.00      0.00      4.04     17.17      0.00      0.25      0.00      0.00      0.00     78.54
06:20:58 PM     all      0.49      0.00      5.19     17.04      0.00      0.25      0.25      0.00      0.00     76.79
06:20:59 PM     all      0.00      0.00      4.30     16.71      0.00      0.25      0.00      0.00      0.00     78.73
06:21:00 PM     all      0.00      0.00      4.51     16.79      0.00      0.00      0.25      0.00      0.00     78.45
06:21:01 PM     all      1.00      0.00      5.99     15.96      0.00      0.25      0.25      0.00      0.00     76.56
06:21:02 PM     all      0.00      0.00      4.52     16.58      0.00      0.25      0.00      0.00      0.00     78.64
06:21:03 PM     all      0.25      0.00      4.75     17.00      0.00      0.25      0.25      0.00      0.00     77.50
06:21:04 PM     all      0.00      0.00      4.05     16.46      0.00      0.00      0.00      0.00      0.00     79.49
06:21:05 PM     all      0.00      0.00      5.01     16.04      0.00      0.25      0.25      0.00      0.00     78.45
06:21:06 PM     all      0.00      0.00      5.50     17.00      0.00      0.25      0.25      0.00      0.00     77.00
06:21:07 PM     all      0.25      0.00      5.76     13.78      0.00      0.25      0.00      0.00      0.00     79.95
06:21:08 PM     all      0.00      0.00      5.30     17.68      0.00      0.25      0.25      0.00      0.00     76.52
06:21:09 PM     all      0.00      0.00      5.04     18.64      0.00      0.25      0.25      0.00      0.00     75.82
06:21:10 PM     all      0.00      0.00      9.09     14.39      0.00      0.25      0.25      0.00      0.00     76.01
06:21:11 PM     all     85.96      0.00     12.78      0.00      0.00      0.50      0.00      0.00      0.00      0.75
06:21:12 PM     all     77.75      0.00      4.25      5.75      0.00      0.25      0.25      0.00      0.00     11.75
06:21:13 PM     all     95.49      0.00      4.01      0.00      0.00      0.50      0.00      0.00      0.00      0.00
06:21:14 PM     all     80.25      0.00      4.75      8.25      0.00      0.25      0.25      0.00      0.00      6.25
06:21:15 PM     all     91.23      0.00      3.51      2.26      0.00      0.25      0.00      0.00      0.00      2.76
06:21:16 PM     all     85.79      0.00      4.99      6.98      0.00      0.50      0.25      0.00      0.00      1.50
06:21:17 PM     all     83.71      0.00      4.26      7.02      0.00      0.25      0.25      0.00      0.00      4.51
06:21:18 PM     all     91.75      0.00      4.25      3.25      0.00      0.50      0.00      0.00      0.00      0.25
06:21:19 PM     all     80.75      0.00      3.75     10.25      0.00      0.25      0.25      0.00      0.00      4.75
06:21:20 PM     all     91.52      0.00      4.49      3.24      0.00      0.50      0.00      0.00      0.00      0.25
06:21:21 PM     all     83.75      0.00      4.75      9.00      0.00      0.25      0.25      0.00      0.00      2.00
06:21:22 PM     all     84.25      0.00      5.00      8.75      0.00      0.25      0.00      0.00      0.00      1.75
06:21:23 PM     all     90.25      0.00      5.50      3.25      0.00      0.50      0.25      0.00      0.00      0.25
06:21:24 PM     all     82.00      0.00      5.75      8.75      0.00      0.25      0.00      0.00      0.00      3.25
06:21:25 PM     all     88.03      0.00      6.48      4.49      0.00      0.50      0.25      0.00      0.00      0.25
06:21:26 PM     all     83.33      0.00      5.30      7.83      0.00      0.25      0.00      0.00      0.00      3.28
06:21:27 PM     all     86.32      0.00      6.47      3.73      0.00      0.50      0.25      0.00      0.00      2.74
06:21:28 PM     all     79.95      0.00     11.28      5.51      0.00      0.25      0.25      0.00      0.00      2.76
06:21:29 PM     all     91.48      0.00      4.26      3.51      0.00      0.50      0.00      0.00      0.00      0.25
06:21:30 PM     all     83.63      0.00      3.78     11.34      0.00      0.25      0.25      0.00      0.00      0.76
06:21:31 PM     all     91.73      0.00      3.76      4.01      0.00      0.50      0.00      0.00      0.00      0.00
06:21:32 PM     all     83.21      0.00      3.26     10.28      0.00      0.25      0.25      0.00      0.00      2.76
06:21:33 PM     all     85.71      0.00      4.01      5.26      0.00      0.50      0.00      0.00      0.00      4.51
06:21:34 PM     all     90.50      0.00      4.00      4.50      0.00      0.25      0.25      0.00      0.00      0.50
06:21:35 PM     all     84.42      0.00      3.77     10.30      0.00      0.50      0.25      0.00      0.00      0.75
06:21:36 PM     all     90.98      0.00      4.26      3.26      0.00      0.25      0.00      0.00      0.00      1.25
06:21:37 PM     all     82.62      0.00      4.28     10.83      0.00      0.25      0.25      0.00      0.00      1.76
06:21:38 PM     all     85.96      0.00      4.26      7.52      0.00      0.50      0.00      0.00      0.00      1.75
06:21:39 PM     all     89.03      0.00      4.74      5.74      0.00      0.25      0.25      0.00      0.00      0.00
06:21:40 PM     all     83.25      0.00      5.00      9.00      0.00      0.50      0.00      0.00      0.00      2.25
06:21:41 PM     all      8.50      0.00      5.50     17.50      0.00      0.25      0.25      0.00      0.00     68.00
06:21:42 PM     all      0.00      0.00      4.56     17.97      0.00      0.25      0.25      0.00      0.00     76.96
06:21:43 PM     all      0.50      0.00      5.53     16.83      0.00      0.00      0.00      0.00      0.00     77.14
06:21:44 PM     all      0.00      0.00      5.04     16.37      0.00      0.25      0.25      0.00      0.00     78.09
06:21:45 PM     all      0.51      0.00     12.63      9.34      0.00      0.25      0.25      0.00      0.00     77.02
06:21:46 PM     all      0.25      0.00      4.26     17.04      0.00      0.25      0.25      0.00      0.00     77.94
06:21:47 PM     all      0.25      0.00      4.51     17.29      0.00      0.25      0.00      0.00      0.00     77.69
06:21:48 PM     all      0.00      0.00      4.74     16.21      0.00      0.25      0.25      0.00      0.00     78.55
06:21:49 PM     all      0.25      0.00      3.54     17.17      0.00      0.00      0.25      0.00      0.00     78.79
06:21:50 PM     all      0.00      0.00      5.01     15.54      0.00      0.25      0.00      0.00      0.00     79.20
06:21:51 PM     all      0.25      0.00      5.22     14.93      0.00      0.25      0.25      0.00      0.00     79.10
06:21:52 PM     all      0.00      0.00      4.29     15.66      0.00      0.25      0.00      0.00      0.00     79.80
06:21:53 PM     all      0.25      0.00      4.03     15.11      0.00      0.25      0.25      0.00      0.00     80.10
06:21:54 PM     all      0.00      0.00      4.99     16.71      0.00      0.00      0.25      0.00      0.00     78.05
06:21:55 PM     all      0.25      0.00      4.77     16.58      0.00      0.25      0.00      0.00      0.00     78.14
06:21:56 PM     all      0.25      0.00      3.30     17.51      0.00      0.25      0.25      0.00      0.00     78.43
06:21:57 PM     all      0.25      0.00      4.27     16.33      0.00      0.25      0.00      0.00      0.00     78.89
06:21:58 PM     all      0.25      0.00      6.22     17.41      0.00      0.25      0.25      0.00      0.00     75.62
06:21:59 PM     all      0.00      0.00      5.30     15.91      0.00      0.00      0.25      0.00      0.00     78.54
Average:        all     36.56      0.00      5.41     12.16      0.00      0.28      0.15      0.00      0.00     45.44
