Linux 4.9.253-tegra (nano-desktop) 	08/16/2023 	_aarch64_	(4 CPU)

06:49:13 PM     CPU      %usr     %nice      %sys   %iowait    %steal      %irq     %soft    %guest    %gnice     %idle
06:49:14 PM     all      0.25      0.00     15.15     18.69      0.00      0.51      0.25      0.00      0.00     65.15
06:49:15 PM     all      0.00      0.00      3.80     18.73      0.00      0.00      0.00      0.00      0.00     77.47
06:49:16 PM     all      0.00      0.00      4.27     18.09      0.00      0.25      0.25      0.00      0.00     77.14
06:49:17 PM     all      0.00      0.00      4.52     18.09      0.00      0.25      0.00      0.00      0.00     77.14
06:49:18 PM     all      0.25      0.00      4.26     19.80      0.00      0.25      0.25      0.00      0.00     75.19
06:49:19 PM     all      0.25      0.00      4.02     20.35      0.00      0.00      0.25      0.00      0.00     75.13
06:49:20 PM     all      0.00      0.00      4.77     18.09      0.00      0.25      0.00      0.00      0.00     76.88
06:49:21 PM     all      0.25      0.00      4.27     17.84      0.00      0.25      0.25      0.00      0.00     77.14
06:49:22 PM     all      0.00      0.00      4.27     17.09      0.00      0.25      0.00      0.00      0.00     78.39
06:49:23 PM     all      0.25      0.00      3.78     16.88      0.00      0.25      0.25      0.00      0.00     78.59
06:49:24 PM     all      0.25      0.00      4.51     16.54      0.00      0.25      0.25      0.00      0.00     78.20
06:49:25 PM     all      0.25      0.00      4.27     17.09      0.00      0.00      0.00      0.00      0.00     78.39
06:49:26 PM     all      0.00      0.00      3.77     17.34      0.00      0.25      0.25      0.00      0.00     78.39
06:49:27 PM     all      0.00      0.00      4.82     16.50      0.00      0.25      0.00      0.00      0.00     78.43
06:49:28 PM     all      0.00      0.00      5.51     16.29      0.00      0.25      0.25      0.00      0.00     77.69
06:49:29 PM     all      0.00      0.00      4.55     18.43      0.00      0.00      0.25      0.00      0.00     76.77
06:49:30 PM     all      0.25      0.00      5.01     17.54      0.00      0.25      0.00      0.00      0.00     76.94
06:49:31 PM     all      0.51      0.00     12.12      9.85      0.00      0.25      0.25      0.00      0.00     77.02
06:49:32 PM     all      0.00      0.00      4.52     18.34      0.00      0.25      0.25      0.00      0.00     76.63
06:49:33 PM     all      0.00      0.00      4.76     17.04      0.00      0.25      0.00      0.00      0.00     77.94
06:49:34 PM     all      0.00      0.00      3.54     16.92      0.00      0.25      0.25      0.00      0.00     79.04
06:49:35 PM     all      0.25      0.00      4.74     18.20      0.00      0.00      0.25      0.00      0.00     76.56
06:49:36 PM     all      0.00      0.00      4.53     17.88      0.00      0.25      0.00      0.00      0.00     77.33
06:49:37 PM     all      0.00      0.00      4.02     16.58      0.00      0.25      0.25      0.00      0.00     78.89
06:49:38 PM     all      0.50      0.00      4.01     17.79      0.00      0.25      0.00      0.00      0.00     77.44
06:49:39 PM     all      0.50      0.00      4.75     17.25      0.00      0.00      0.25      0.00      0.00     77.25
06:49:40 PM     all      0.00      0.00      4.51     16.54      0.00      0.25      0.25      0.00      0.00     78.45
06:49:41 PM     all      0.00      0.00      4.76     16.29      0.00      0.25      0.00      0.00      0.00     78.70
06:49:42 PM     all      0.25      0.00      4.03     17.38      0.00      0.25      0.25      0.00      0.00     77.83
06:49:43 PM     all      0.25      0.00      4.50     18.75      0.00      0.25      0.00      0.00      0.00     76.25
06:49:44 PM     all      0.00      0.00      4.27     18.34      0.00      0.00      0.25      0.00      0.00     77.14
06:49:45 PM     all      0.75      0.00      5.01     18.80      0.00      0.25      0.25      0.00      0.00     74.94
06:49:46 PM     all      0.25      0.00      5.78     15.33      0.00      0.25      0.00      0.00      0.00     78.39
06:49:47 PM     all      0.00      0.00      4.53     17.88      0.00      0.25      0.25      0.00      0.00     77.08
06:49:48 PM     all      0.00      0.00      5.03     17.09      0.00      0.25      0.25      0.00      0.00     77.39
06:49:49 PM     all      0.99      0.00     54.09      5.96      0.00      0.50      0.25      0.00      0.00     38.21
06:49:50 PM     all      0.51      0.00     76.65     13.20      0.00      0.25      0.00      0.00      0.00      9.39
06:49:51 PM     all      0.77      0.00     11.48     52.30      0.00      0.26      0.26      0.00      0.00     34.95
06:49:52 PM     all      0.25      0.00     14.00     49.00      0.00      0.50      0.25      0.00      0.00     36.00
06:49:53 PM     all      0.00      0.00     11.81     51.01      0.00      0.25      0.25      0.00      0.00     36.68
06:49:54 PM     all      0.50      0.00     13.47     52.87      0.00      0.25      0.25      0.00      0.00     32.67
06:49:55 PM     all      0.26      0.00     11.48     51.28      0.00      0.26      0.26      0.00      0.00     36.48
06:49:56 PM     all      0.25      0.00     13.00     50.25      0.00      0.50      0.25      0.00      0.00     35.75
06:49:57 PM     all      0.25      0.00     11.68     48.73      0.00      0.25      0.25      0.00      0.00     38.83
06:49:58 PM     all      0.00      0.00     12.50     52.30      0.00      0.26      0.26      0.00      0.00     34.69
06:49:59 PM     all      0.25      0.00     13.82     50.25      0.00      0.25      0.25      0.00      0.00     35.18
06:50:00 PM     all      1.26      0.00     11.62     55.05      0.00      0.51      0.25      0.00      0.00     31.31
06:50:01 PM     all      0.25      0.00     12.98     49.11      0.00      0.25      0.25      0.00      0.00     37.15
06:50:02 PM     all      0.25      0.00      9.39     54.57      0.00      0.25      0.25      0.00      0.00     35.28
06:50:03 PM     all      0.26      0.00     13.01     50.77      0.00      0.26      0.26      0.00      0.00     35.46
06:50:04 PM     all      0.26      0.00     11.25     51.92      0.00      0.26      0.26      0.00      0.00     36.06
06:50:05 PM     all      0.25      0.00     13.50     51.00      0.00      0.25      0.25      0.00      0.00     34.75
06:50:06 PM     all      0.76      0.00     11.90     53.16      0.00      0.51      0.25      0.00      0.00     33.42
06:50:07 PM     all      0.25      0.00     11.96     54.45      0.00      0.25      0.25      0.00      0.00     32.82
06:50:08 PM     all      0.25      0.00     12.72     51.15      0.00      0.25      0.25      0.00      0.00     35.37
06:50:09 PM     all      0.25      0.00     12.34     49.87      0.00      0.25      0.25      0.00      0.00     37.03
06:50:10 PM     all      0.26      0.00     11.83     53.21      0.00      0.51      0.26      0.00      0.00     33.93
06:50:11 PM     all      0.26      0.00      9.46     55.75      0.00      0.26      0.26      0.00      0.00     34.02
06:50:12 PM     all      0.25      0.00     10.58     52.39      0.00      0.25      0.25      0.00      0.00     36.27
06:50:13 PM     all      0.25      0.00     64.74     20.15      0.00      0.50      0.00      0.00      0.00     14.36
06:50:14 PM     all      0.25      0.00     96.27      1.49      0.00      0.25      0.25      0.00      0.00      1.49
06:50:15 PM     all      0.51      0.00     48.86     29.87      0.00      0.25      0.25      0.00      0.00     20.25
06:50:16 PM     all      0.25      0.00     12.47     52.67      0.00      0.51      0.25      0.00      0.00     33.84
06:50:17 PM     all      0.25      0.00     10.89     54.94      0.00      0.25      0.25      0.00      0.00     33.42
06:50:18 PM     all      0.00      0.00     11.90     49.62      0.00      0.25      0.25      0.00      0.00     37.97
06:50:19 PM     all      0.51      0.00     11.57     51.16      0.00      0.51      0.26      0.00      0.00     35.99
06:50:20 PM     all      0.00      0.00      4.52     19.60      0.00      0.25      0.25      0.00      0.00     75.38
06:50:21 PM     all      0.25      0.00      4.77     18.34      0.00      0.00      0.00      0.00      0.00     76.63
06:50:22 PM     all      0.25      0.00      3.78     19.65      0.00      0.25      0.25      0.00      0.00     75.82
06:50:23 PM     all      0.00      0.00      4.03     19.40      0.00      0.25      0.00      0.00      0.00     76.32
06:50:24 PM     all      0.25      0.00      4.26     19.30      0.00      0.25      0.25      0.00      0.00     75.69
06:50:25 PM     all      0.25      0.00      5.22     17.91      0.00      0.00      0.25      0.00      0.00     76.37
06:50:26 PM     all      0.00      0.00      3.27     21.66      0.00      0.25      0.00      0.00      0.00     74.81
06:50:27 PM     all      0.75      0.00      4.49     20.20      0.00      0.25      0.25      0.00      0.00     74.06
06:50:28 PM     all      0.00      0.00      4.02     20.35      0.00      0.25      0.00      0.00      0.00     75.38
06:50:29 PM     all      0.51      0.00      3.04     20.51      0.00      0.00      0.25      0.00      0.00     75.70
06:50:30 PM     all      0.25      0.00      3.79     19.70      0.00      0.25      0.00      0.00      0.00     76.01
06:50:31 PM     all      0.00      0.00      4.74     19.95      0.00      0.25      0.25      0.00      0.00     74.81
06:50:32 PM     all      0.00      0.00      5.00     20.25      0.00      0.25      0.25      0.00      0.00     74.25
06:50:33 PM     all      0.25      0.00      4.81     19.49      0.00      0.00      0.00      0.00      0.00     75.44
06:50:34 PM     all      0.00      0.00     14.25     10.25      0.00      0.50      0.25      0.00      0.00     74.75
06:50:35 PM     all      0.25      0.00      4.25     20.75      0.00      0.00      0.25      0.00      0.00     74.50
06:50:36 PM     all      0.00      0.00      4.29     18.43      0.00      0.25      0.00      0.00      0.00     77.02
06:50:37 PM     all      0.00      0.00      4.26     19.80      0.00      0.25      0.25      0.00      0.00     75.44
06:50:38 PM     all      0.25      0.00      4.98     19.15      0.00      0.25      0.25      0.00      0.00     75.12
06:50:39 PM     all      0.00      0.00      4.77     21.11      0.00      0.25      0.00      0.00      0.00     73.87
06:50:40 PM     all      0.00      0.00      4.51     20.55      0.00      0.00      0.25      0.00      0.00     74.69
06:50:41 PM     all      0.00      0.00      4.04     19.19      0.00      0.25      0.00      0.00      0.00     76.52
06:50:42 PM     all      0.25      0.00      3.78     19.40      0.00      0.25      0.25      0.00      0.00     76.07
06:50:43 PM     all      0.00      0.00      4.28     19.14      0.00      0.25      0.25      0.00      0.00     76.07
06:50:44 PM     all      0.00      0.00      4.04     18.43      0.00      0.25      0.00      0.00      0.00     77.27
06:50:45 PM     all      0.25      0.00      4.28     19.40      0.00      0.00      0.25      0.00      0.00     75.82
06:50:46 PM     all      0.25      0.00      5.22     19.15      0.00      0.25      0.00      0.00      0.00     75.12
06:50:47 PM     all      0.00      0.00      4.49     19.70      0.00      0.25      0.25      0.00      0.00     75.31
06:50:48 PM     all      0.00      0.00      3.80     20.00      0.00      0.25      0.00      0.00      0.00     75.95
06:50:49 PM     all      0.25      0.00      4.27     19.60      0.00      0.00      0.25      0.00      0.00     75.63
06:50:50 PM     all      0.25      0.00      4.75     18.75      0.00      0.25      0.25      0.00      0.00     75.75
06:50:51 PM     all      0.25      0.00      5.26     20.80      0.00      0.25      0.00      0.00      0.00     73.43
06:50:52 PM     all      0.25      0.00     13.78     12.03      0.00      0.25      0.25      0.00      0.00     73.43
06:50:53 PM     all      0.00      0.00      4.75     20.25      0.00      0.25      0.25      0.00      0.00     74.50
06:50:54 PM     all      0.00      0.00      4.51     20.05      0.00      0.25      0.25      0.00      0.00     74.94
06:50:55 PM     all      0.25      0.00      4.53     19.90      0.00      0.25      0.00      0.00      0.00     75.06
06:50:56 PM     all      0.00      0.00      4.26     21.05      0.00      0.00      0.25      0.00      0.00     74.44
06:50:57 PM     all      0.25      0.00      4.04     20.71      0.00      0.25      0.00      0.00      0.00     74.75
06:50:58 PM     all      0.25      0.00      4.75     20.75      0.00      0.25      0.25      0.00      0.00     73.75
06:50:59 PM     all      0.00      0.00      4.50     20.50      0.00      0.25      0.25      0.00      0.00     74.50
06:51:00 PM     all      1.51      0.00      5.79     20.91      0.00      0.00      0.00      0.00      0.00     71.79
06:51:01 PM     all      0.00      0.00      4.53     19.65      0.00      0.25      0.25      0.00      0.00     75.31
06:51:02 PM     all      0.25      0.00      4.02     20.60      0.00      0.25      0.00      0.00      0.00     74.87
06:51:03 PM     all      0.25      0.00      4.27     20.60      0.00      0.25      0.25      0.00      0.00     74.37
06:51:04 PM     all      0.25      0.00      3.52     21.11      0.00      0.25      0.25      0.00      0.00     74.62
06:51:05 PM     all      0.25      0.00      4.04     20.20      0.00      0.25      0.00      0.00      0.00     75.25
06:51:06 PM     all      0.00      0.00      4.04     20.45      0.00      0.00      0.25      0.00      0.00     75.25
06:51:07 PM     all      0.00      0.00      3.54     20.25      0.00      0.25      0.00      0.00      0.00     75.95
06:51:08 PM     all      0.25      0.00      4.53     19.40      0.00      0.25      0.25      0.00      0.00     75.31
06:51:09 PM     all      0.25      0.00      4.55     19.95      0.00      0.25      0.25      0.00      0.00     74.75
06:51:10 PM     all      1.48      0.00     83.70      0.99      0.00      0.49      0.00      0.00      0.00     13.33
06:51:11 PM     all      0.50      0.00     95.23      2.26      0.00      0.25      0.25      0.00      0.00      1.51
06:51:12 PM     all      0.50      0.00     41.65     33.42      0.00      0.50      0.25      0.00      0.00     23.69
06:51:13 PM     all      0.00      0.00      9.59     52.59      0.00      0.26      0.26      0.00      0.00     37.31
06:51:14 PM     all      1.52      0.00     11.93     49.49      0.00      0.25      0.25      0.00      0.00     36.55
06:51:15 PM     all      0.50      0.00     13.03     51.38      0.00      0.25      0.25      0.00      0.00     34.59
06:51:16 PM     all      0.50      0.00     11.34     49.37      0.00      0.25      0.25      0.00      0.00     38.29
06:51:17 PM     all      0.51      0.00     12.18     54.31      0.00      0.51      0.25      0.00      0.00     32.23
06:51:18 PM     all      0.25      0.00     12.47     50.87      0.00      0.25      0.25      0.00      0.00     35.91
06:51:19 PM     all      0.25      0.00     12.91     52.15      0.00      0.25      0.25      0.00      0.00     34.18
06:51:20 PM     all      0.00      0.00     12.81     51.76      0.00      0.25      0.25      0.00      0.00     34.92
06:51:21 PM     all      0.26      0.00     11.25     49.10      0.00      0.51      0.26      0.00      0.00     38.62
06:51:22 PM     all      0.26      0.00     11.31     48.84      0.00      0.26      0.00      0.00      0.00     39.33
06:51:23 PM     all      0.00      0.00     11.48     48.72      0.00      0.26      0.26      0.00      0.00     39.29
06:51:24 PM     all      0.51      0.00     11.48     51.02      0.00      0.26      0.26      0.00      0.00     36.48
06:51:25 PM     all      0.00      0.00     11.20     53.18      0.00      0.51      0.25      0.00      0.00     34.86
06:51:26 PM     all      0.51      0.00     12.63     53.28      0.00      0.25      0.25      0.00      0.00     33.08
06:51:27 PM     all      0.25      0.00     12.15     53.92      0.00      0.25      0.25      0.00      0.00     33.16
06:51:28 PM     all      0.25      0.00     11.59     52.64      0.00      0.25      0.25      0.00      0.00     35.01
06:51:29 PM     all      0.25      0.00     13.28     50.88      0.00      0.25      0.25      0.00      0.00     35.09
06:51:30 PM     all      0.00      0.00     11.42     53.55      0.00      0.25      0.25      0.00      0.00     34.52
06:51:31 PM     all      0.25      0.00     15.00     50.25      0.00      0.50      0.25      0.00      0.00     33.75
06:51:32 PM     all      0.76      0.00     11.34     52.14      0.00      0.25      0.00      0.00      0.00     35.52
06:51:33 PM     all      0.50      0.00     15.42     48.76      0.00      0.25      0.25      0.00      0.00     34.83
06:51:34 PM     all      0.50      0.00     67.25     16.25      0.00      0.50      0.25      0.00      0.00     15.25
06:51:35 PM     all      0.25      0.00     94.71      2.27      0.00      0.50      0.25      0.00      0.00      2.02
06:51:36 PM     all      0.25      0.00     73.68     14.29      0.00      0.25      0.00      0.00      0.00     11.53
06:51:37 PM     all      0.25      0.00     13.90     48.14      0.00      0.25      0.25      0.00      0.00     37.22
06:51:38 PM     all      0.50      0.00      9.57     48.87      0.00      0.25      0.25      0.00      0.00     40.55
06:51:39 PM     all      0.24      0.00     16.02     45.63      0.00      0.49      0.24      0.00      0.00     37.38
06:51:40 PM     all      0.25      0.00      8.06     29.22      0.00      0.25      0.25      0.00      0.00     61.96
06:51:41 PM     all      0.25      0.00      3.77     18.84      0.00      0.00      0.25      0.00      0.00     76.88
06:51:42 PM     all      0.25      0.00      4.52     19.10      0.00      0.25      0.00      0.00      0.00     75.88
06:51:43 PM     all      0.00      0.00      4.26     19.80      0.00      0.25      0.25      0.00      0.00     75.44
06:51:44 PM     all      0.25      0.00      3.78     20.40      0.00      0.25      0.00      0.00      0.00     75.31
06:51:45 PM     all      0.00      0.00      5.24     19.70      0.00      0.25      0.25      0.00      0.00     74.56
06:51:46 PM     all      0.50      0.00      4.50     20.50      0.00      0.00      0.25      0.00      0.00     74.25
06:51:47 PM     all      0.00      0.00      3.54     21.01      0.00      0.25      0.00      0.00      0.00     75.19
06:51:48 PM     all      0.25      0.00      4.98     20.65      0.00      0.25      0.25      0.00      0.00     73.63
06:51:49 PM     all      0.00      0.00      5.00     19.75      0.00      0.25      0.25      0.00      0.00     74.75
06:51:50 PM     all      0.00      0.00      4.03     20.40      0.00      0.00      0.00      0.00      0.00     75.57
06:51:51 PM     all      0.50      0.00      3.78     20.15      0.00      0.25      0.25      0.00      0.00     75.06
06:51:52 PM     all      0.00      0.00      5.01     19.80      0.00      0.25      0.00      0.00      0.00     74.94
06:51:53 PM     all      0.00      0.00      4.53     20.40      0.00      0.25      0.25      0.00      0.00     74.56
06:51:54 PM     all      0.49      0.00      6.17     20.74      0.00      0.25      0.00      0.00      0.00     72.35
06:51:55 PM     all      0.25      0.00     14.46     15.96      0.00      0.25      0.50      0.00      0.00     68.58
06:51:56 PM     all      0.00      0.00      5.00     19.75      0.00      0.25      0.00      0.00      0.00     75.00
06:51:57 PM     all      0.25      0.00      4.75     19.75      0.00      0.25      0.25      0.00      0.00     74.75
06:51:58 PM     all      0.00      0.00      5.72     19.40      0.00      0.00      0.00      0.00      0.00     74.88
06:51:59 PM     all      0.25      0.00      4.02     20.85      0.00      0.25      0.25      0.00      0.00     74.37
06:52:00 PM     all      1.50      0.00      5.74     20.20      0.00      0.25      0.00      0.00      0.00     72.32
06:52:01 PM     all      0.00      0.00      4.75     15.75      0.00      0.25      0.25      0.00      0.00     79.00
06:52:02 PM     all      0.00      0.00      5.00     19.00      0.00      0.00      0.25      0.00      0.00     75.75
06:52:03 PM     all      0.25      0.00      5.22     19.65      0.00      0.25      0.00      0.00      0.00     74.63
06:52:04 PM     all      0.25      0.00      5.21     18.11      0.00      0.25      0.25      0.00      0.00     75.93
06:52:05 PM     all      0.25      0.00      6.16     18.47      0.00      0.25      0.00      0.00      0.00     74.88
06:52:06 PM     all      0.25      0.00      5.19     19.01      0.00      0.25      0.25      0.00      0.00     75.06
06:52:07 PM     all      0.25      0.00      5.71     18.86      0.00      0.25      0.00      0.00      0.00     74.94
06:52:08 PM     all      0.50      0.00      5.46     15.63      0.00      0.00      0.25      0.00      0.00     78.16
06:52:09 PM     all      0.25      0.00      4.96     17.87      0.00      0.25      0.25      0.00      0.00     76.43
06:52:10 PM     all      0.25      0.00      5.71     18.61      0.00      0.25      0.00      0.00      0.00     75.19
06:52:11 PM     all      0.25      0.00      6.22     18.41      0.00      0.25      0.25      0.00      0.00     74.63
06:52:12 PM     all      0.25      0.00      5.71     18.36      0.00      0.25      0.00      0.00      0.00     75.43
06:52:13 PM     all      0.74      0.00     14.11     10.40      0.00      0.25      0.25      0.00      0.00     74.26
06:52:14 PM     all      0.25      0.00      5.21     20.10      0.00      0.00      0.25      0.00      0.00     74.19
06:52:15 PM     all      0.50      0.00      4.73     19.65      0.00      0.25      0.25      0.00      0.00     74.63
06:52:16 PM     all      0.25      0.00      5.69     16.83      0.00      0.25      0.00      0.00      0.00     76.98
06:52:17 PM     all      0.25      0.00      5.67     18.47      0.00      0.25      0.25      0.00      0.00     75.12
06:52:18 PM     all      0.00      0.00      5.71     19.11      0.00      0.25      0.00      0.00      0.00     74.94
06:52:19 PM     all      0.50      0.00      4.95     18.81      0.00      0.25      0.25      0.00      0.00     75.25
06:52:20 PM     all      0.25      0.00      5.49     18.45      0.00      0.00      0.00      0.00      0.00     75.81
06:52:21 PM     all      0.25      0.00      5.69     20.05      0.00      0.25      0.25      0.00      0.00     73.51
06:52:22 PM     all      0.25      0.00      5.43     18.52      0.00      0.25      0.25      0.00      0.00     75.31
06:52:23 PM     all      0.25      0.00      5.22     17.16      0.00      0.25      0.00      0.00      0.00     77.11
06:52:24 PM     all      0.25      0.00      5.94     19.55      0.00      0.00      0.25      0.00      0.00     74.01
06:52:25 PM     all      0.25      0.00      5.69     18.56      0.00      0.25      0.00      0.00      0.00     75.25
06:52:26 PM     all      0.25      0.00      5.65     19.90      0.00      0.25      0.25      0.00      0.00     73.71
06:52:27 PM     all      0.50      0.00      5.21     17.37      0.00      0.25      0.00      0.00      0.00     76.67
06:52:28 PM     all      0.25      0.00      6.16     18.23      0.00      0.00      0.25      0.00      0.00     75.12
06:52:29 PM     all      0.49      0.00      6.67     19.75      0.00      0.25      0.00      0.00      0.00     72.84
06:52:30 PM     all      0.00      0.00      9.25     16.25      0.00      0.25      0.25      0.00      0.00     74.00
06:52:31 PM     all      0.50      0.00     93.53      1.49      0.00      0.50      0.25      0.00      0.00      3.73
06:52:32 PM     all      0.74      0.00     95.04      1.74      0.00      0.50      0.25      0.00      0.00      1.74
06:52:33 PM     all      0.00      0.00     88.69      5.78      0.00      0.25      0.00      0.00      0.00      5.28
06:52:34 PM     all      0.00      0.00     10.74     51.15      0.00      0.26      0.26      0.00      0.00     37.60
06:52:35 PM     all      0.25      0.00     12.59     54.41      0.00      0.50      0.25      0.00      0.00     31.99
06:52:36 PM     all      0.25      0.00     13.07     53.77      0.00      0.25      0.25      0.00      0.00     32.41
06:52:37 PM     all      0.25      0.00     13.00     48.25      0.00      0.25      0.25      0.00      0.00     38.00
06:52:38 PM     all      0.00      0.00     10.71     51.53      0.00      0.26      0.26      0.00      0.00     37.24
06:52:39 PM     all      0.00      0.00     12.09     50.13      0.00      0.50      0.25      0.00      0.00     37.03
06:52:40 PM     all      0.51      0.00     11.93     48.98      0.00      0.25      0.25      0.00      0.00     38.07
06:52:41 PM     all      0.49      0.00     13.30     51.72      0.00      0.25      0.25      0.00      0.00     33.99
06:52:42 PM     all      0.25      0.00     12.41     51.90      0.00      0.25      0.25      0.00      0.00     34.94
06:52:43 PM     all      0.26      0.00     10.23     52.94      0.00      0.51      0.26      0.00      0.00     35.81
06:52:44 PM     all      0.25      0.00     12.63     51.01      0.00      0.25      0.25      0.00      0.00     35.61
06:52:45 PM     all      0.25      0.00     13.68     50.50      0.00      0.50      0.25      0.00      0.00     34.83
06:52:46 PM     all      0.51      0.00     11.28     51.03      0.00      0.26      0.26      0.00      0.00     36.67
06:52:47 PM     all      0.00      0.00     11.73     52.81      0.00      0.26      0.26      0.00      0.00     34.95
06:52:48 PM     all      0.25      0.00     13.49     46.06      0.00      0.25      0.25      0.00      0.00     39.69
06:52:49 PM     all      0.50      0.00     13.03     48.87      0.00      0.50      0.25      0.00      0.00     36.84
06:52:50 PM     all      0.25      0.00     12.41     47.39      0.00      0.25      0.25      0.00      0.00     39.45
06:52:51 PM     all      0.50      0.00     14.00     52.00      0.00      0.25      0.00      0.00      0.00     33.25
06:52:52 PM     all      0.25      0.00     13.82     50.75      0.00      0.25      0.25      0.00      0.00     34.67
06:52:53 PM     all      0.25      0.00     13.35     49.62      0.00      0.50      0.25      0.00      0.00     36.02
06:52:54 PM     all      0.25      0.00     11.06     50.25      0.00      0.25      0.25      0.00      0.00     37.94
06:52:55 PM     all      0.26      0.00     11.48     48.98      0.00      0.26      0.26      0.00      0.00     38.78
06:52:56 PM     all      0.25      0.00     47.75     28.75      0.00      0.50      0.25      0.00      0.00     22.50
06:52:57 PM     all      0.25      0.00     96.26      1.75      0.00      0.25      0.25      0.00      0.00      1.25
06:52:58 PM     all      0.25      0.00     94.99      2.01      0.00      0.50      0.00      0.00      0.00      2.26
06:52:59 PM     all      0.25      0.00     41.75     33.75      0.00      0.25      0.25      0.00      0.00     23.75
06:53:00 PM     all      1.27      0.00     12.18     52.28      0.00      0.25      0.25      0.00      0.00     33.76
06:53:01 PM     all      0.75      0.00      8.21     23.13      0.00      0.25      0.25      0.00      0.00     67.41
06:53:02 PM     all      0.00      0.00      3.78     19.40      0.00      0.25      0.25      0.00      0.00     76.32
06:53:03 PM     all      0.00      0.00      4.50     19.75      0.00      0.25      0.00      0.00      0.00     75.50
06:53:04 PM     all      0.00      0.00      4.04     18.69      0.00      0.25      0.25      0.00      0.00     76.77
06:53:05 PM     all      0.00      0.00      4.52     19.10      0.00      0.00      0.00      0.00      0.00     76.38
06:53:06 PM     all      0.25      0.00      3.78     19.14      0.00      0.25      0.25      0.00      0.00     76.32
06:53:07 PM     all      0.25      0.00      3.54     19.95      0.00      0.25      0.00      0.00      0.00     76.01
06:53:08 PM     all      0.00      0.00      3.79     20.96      0.00      0.25      0.25      0.00      0.00     74.75
06:53:09 PM     all      0.00      0.00      3.54     19.49      0.00      0.00      0.25      0.00      0.00     76.71
06:53:10 PM     all      0.00      0.00      4.51     20.30      0.00      0.25      0.00      0.00      0.00     74.94
06:53:11 PM     all      0.00      0.00      4.50     20.00      0.00      0.25      0.25      0.00      0.00     75.00
06:53:12 PM     all      0.25      0.00      3.56     19.59      0.00      0.25      0.00      0.00      0.00     76.34
06:53:13 PM     all      0.25      0.00      4.24     20.70      0.00      0.25      0.25      0.00      0.00     74.31
06:53:14 PM     all      0.00      0.00      4.79     18.89      0.00      0.00      0.25      0.00      0.00     76.07
06:53:15 PM     all      0.25      0.00      4.28     25.44      0.00      0.25      0.00      0.00      0.00     69.77
06:53:16 PM     all      0.25      0.00      4.76     20.55      0.00      0.25      0.25      0.00      0.00     73.93
06:53:17 PM     all      0.00      0.00     13.64     11.11      0.00      0.25      0.25      0.00      0.00     74.75
06:53:18 PM     all      0.75      0.00      4.75     21.00      0.00      0.25      0.25      0.00      0.00     73.00
06:53:19 PM     all      0.25      0.00      4.52     19.35      0.00      0.25      0.00      0.00      0.00     75.63
06:53:20 PM     all      0.00      0.00      4.74     18.95      0.00      0.25      0.25      0.00      0.00     75.81
06:53:21 PM     all      0.00      0.00      4.04     19.70      0.00      0.00      0.00      0.00      0.00     76.26
06:53:22 PM     all      0.25      0.00      4.50     19.50      0.00      0.25      0.25      0.00      0.00     75.25
06:53:23 PM     all      0.00      0.00      4.27     20.85      0.00      0.25      0.00      0.00      0.00     74.62
06:53:24 PM     all      0.25      0.00      4.26     18.80      0.00      0.25      0.25      0.00      0.00     76.19
06:53:25 PM     all      0.00      0.00      4.04     19.95      0.00      0.00      0.25      0.00      0.00     75.76
06:53:26 PM     all      0.50      0.00      3.78     20.65      0.00      0.25      0.00      0.00      0.00     74.81
06:53:27 PM     all      0.00      0.00      4.27     20.35      0.00      0.25      0.25      0.00      0.00     74.87
06:53:28 PM     all      0.25      0.00      4.27     19.35      0.00      0.25      0.00      0.00      0.00     75.88
06:53:29 PM     all      0.00      0.00      4.28     20.65      0.00      0.00      0.25      0.00      0.00     74.81
06:53:30 PM     all      0.25      0.00      3.77     19.60      0.00      0.25      0.25      0.00      0.00     75.88
06:53:31 PM     all      0.25      0.00      3.29     21.27      0.00      0.25      0.00      0.00      0.00     74.94
06:53:32 PM     all      0.25      0.00      4.74     19.20      0.00      0.25      0.25      0.00      0.00     75.31
06:53:33 PM     all      0.00      0.00      3.81     20.56      0.00      0.00      0.00      0.00      0.00     75.63
06:53:34 PM     all      0.25      0.00      5.00     20.50      0.00      0.25      0.25      0.00      0.00     73.75
06:53:35 PM     all      0.25      0.00      8.56     16.88      0.00      0.25      0.25      0.00      0.00     73.80
06:53:36 PM     all      0.25      0.00      8.65     15.01      0.00      0.25      0.00      0.00      0.00     75.83
06:53:37 PM     all      0.25      0.00      4.98     18.66      0.00      0.25      0.25      0.00      0.00     75.62
06:53:38 PM     all      0.25      0.00      4.02     18.09      0.00      0.25      0.25      0.00      0.00     77.14
06:53:39 PM     all      0.25      0.00      4.03     20.15      0.00      0.00      0.00      0.00      0.00     75.57
06:53:40 PM     all      0.00      0.00      4.27     20.35      0.00      0.25      0.25      0.00      0.00     74.87
06:53:41 PM     all      0.25      0.00      3.54     20.25      0.00      0.25      0.00      0.00      0.00     75.70
06:53:42 PM     all      0.25      0.00      4.49     20.70      0.00      0.25      0.25      0.00      0.00     74.06
06:53:43 PM     all      0.00      0.00      4.51     20.80      0.00      0.25      0.25      0.00      0.00     74.19
06:53:44 PM     all      0.00      0.00      4.52     20.85      0.00      0.25      0.00      0.00      0.00     74.37
06:53:45 PM     all      0.00      0.00      4.76     19.55      0.00      0.00      0.25      0.00      0.00     75.44
06:53:46 PM     all      0.00      0.00      4.51     20.30      0.00      0.25      0.00      0.00      0.00     74.94
06:53:47 PM     all      0.50      0.00      5.00     20.25      0.00      0.25      0.25      0.00      0.00     73.75
06:53:48 PM     all      0.25      0.00      3.52     19.60      0.00      0.25      0.25      0.00      0.00     76.13
06:53:49 PM     all      0.00      0.00      4.03     20.15      0.00      0.00      0.00      0.00      0.00     75.82
06:53:50 PM     all      0.00      0.00      3.80     19.49      0.00      0.25      0.25      0.00      0.00     76.20
06:53:51 PM     all      0.25      0.00      5.25     20.50      0.00      0.25      0.00      0.00      0.00     73.75
06:53:52 PM     all      0.25      0.00      4.27     20.35      0.00      0.25      0.25      0.00      0.00     74.62
06:53:53 PM     all      0.25      0.00      5.28     18.59      0.00      0.25      0.25      0.00      0.00     75.38
06:53:54 PM     all      0.51      0.00     77.35      2.29      0.00      0.51      0.25      0.00      0.00     19.08
06:53:55 PM     all      0.50      0.00     70.00     15.75      0.00      0.25      0.00      0.00      0.00     13.50
06:53:56 PM     all      0.25      0.00     10.91     49.75      0.00      0.25      0.25      0.00      0.00     38.58
06:53:57 PM     all      0.25      0.00     11.87     52.02      0.00      0.25      0.25      0.00      0.00     35.35
06:53:58 PM     all      0.25      0.00     13.47     48.13      0.00      0.50      0.25      0.00      0.00     37.41
06:53:59 PM     all      0.25      0.00     12.03     50.13      0.00      0.25      0.25      0.00      0.00     37.09
06:54:00 PM     all      2.01      0.00     13.53     50.63      0.00      0.25      0.25      0.00      0.00     33.33
06:54:01 PM     all      0.25      0.00     12.22     49.88      0.00      0.25      0.25      0.00      0.00     37.16
06:54:02 PM     all      0.00      0.00     12.37     51.52      0.00      0.51      0.25      0.00      0.00     35.35
06:54:03 PM     all      0.25      0.00     12.44     49.00      0.00      0.25      0.25      0.00      0.00     37.81
06:54:04 PM     all      0.26      0.00     12.24     52.81      0.00      0.26      0.26      0.00      0.00     34.18
06:54:05 PM     all      0.25      0.00     11.39     50.89      0.00      0.25      0.25      0.00      0.00     36.96
06:54:06 PM     all      0.25      0.00     11.45     51.15      0.00      0.25      0.25      0.00      0.00     36.64
06:54:07 PM     all      0.00      0.00      8.86     51.39      0.00      0.25      0.00      0.00      0.00     39.49
06:54:08 PM     all      0.25      0.00     14.00     50.75      0.00      0.50      0.25      0.00      0.00     34.25
06:54:09 PM     all      1.01      0.00     13.85     49.12      0.00      0.25      0.25      0.00      0.00     35.52
06:54:10 PM     all      0.51      0.00     10.66     52.79      0.00      0.25      0.25      0.00      0.00     35.53
06:54:11 PM     all      0.00      0.00     10.57     53.87      0.00      0.26      0.26      0.00      0.00     35.05
06:54:12 PM     all      0.25      0.00     11.56     55.78      0.00      0.50      0.25      0.00      0.00     31.66
06:54:13 PM     all      0.26      0.00     10.57     53.61      0.00      0.26      0.26      0.00      0.00     35.05
06:54:14 PM     all      0.00      0.00     10.74     50.38      0.00      0.26      0.26      0.00      0.00     38.36
06:54:15 PM     all      0.77      0.00     12.79     47.06      0.00      0.26      0.26      0.00      0.00     38.87
06:54:16 PM     all      0.25      0.00     12.09     51.39      0.00      0.50      0.25      0.00      0.00     35.52
06:54:17 PM     all      0.25      0.00     14.68     46.27      0.00      0.25      0.25      0.00      0.00     38.31
06:54:18 PM     all      0.50      0.00     18.80     47.12      0.00      0.25      0.25      0.00      0.00     33.08
06:54:19 PM     all      0.50      0.00     94.53      2.24      0.00      0.50      0.00      0.00      0.00      2.24
06:54:20 PM     all      0.51      0.00     76.01     14.39      0.00      0.25      0.25      0.00      0.00      8.59
06:54:21 PM     all      0.51      0.00      8.48     51.67      0.00      0.26      0.26      0.00      0.00     38.82
06:54:22 PM     all      0.25      0.00     12.47     53.18      0.00      0.51      0.25      0.00      0.00     33.33
06:54:23 PM     all      0.26      0.00     10.20     53.83      0.00      0.26      0.26      0.00      0.00     35.20
06:54:24 PM     all      0.50      0.00      8.82     30.98      0.00      0.25      0.25      0.00      0.00     59.19
06:54:25 PM     all      0.25      0.00      4.03     18.64      0.00      0.25      0.00      0.00      0.00     76.83
06:54:26 PM     all      0.00      0.00      3.55     18.78      0.00      0.00      0.25      0.00      0.00     77.41
06:54:27 PM     all      0.25      0.00      4.26     19.55      0.00      0.25      0.00      0.00      0.00     75.69
06:54:28 PM     all      0.25      0.00      4.75     19.25      0.00      0.25      0.25      0.00      0.00     75.25
06:54:29 PM     all      0.25      0.00      3.52     19.60      0.00      0.25      0.00      0.00      0.00     76.38
06:54:30 PM     all      0.25      0.00      4.27     19.60      0.00      0.00      0.25      0.00      0.00     75.63
06:54:31 PM     all      0.25      0.00      4.03     19.90      0.00      0.25      0.25      0.00      0.00     75.31
06:54:32 PM     all      0.00      0.00      4.04     20.45      0.00      0.25      0.00      0.00      0.00     75.25
06:54:33 PM     all      0.25      0.00      3.52     20.60      0.00      0.25      0.25      0.00      0.00     75.13
06:54:34 PM     all      0.25      0.00      3.78     18.89      0.00      0.25      0.00      0.00      0.00     76.83
06:54:35 PM     all      0.00      0.00      4.03     20.40      0.00      0.00      0.25      0.00      0.00     75.31
06:54:36 PM     all      0.00      0.00      4.51     21.30      0.00      0.25      0.00      0.00      0.00     73.93
06:54:37 PM     all      0.25      0.00      4.75     20.00      0.00      0.25      0.25      0.00      0.00     74.50
06:54:38 PM     all      0.25      0.00      4.29     21.21      0.00      0.25      0.25      0.00      0.00     73.74
06:54:39 PM     all      0.25      0.00     13.32     11.06      0.00      0.25      0.25      0.00      0.00     74.87
06:54:40 PM     all      0.00      0.00      4.29     19.44      0.00      0.25      0.00      0.00      0.00     76.01
06:54:41 PM     all      0.25      0.00      3.53     20.65      0.00      0.00      0.25      0.00      0.00     75.31
06:54:42 PM     all      0.25      0.00      4.27     20.10      0.00      0.25      0.00      0.00      0.00     75.13
06:54:43 PM     all      0.25      0.00      4.01     20.05      0.00      0.25      0.25      0.00      0.00     75.19
06:54:44 PM     all      0.00      0.00      4.02     20.60      0.00      0.25      0.25      0.00      0.00     74.87
06:54:45 PM     all      0.25      0.00      4.53     19.65      0.00      0.00      0.00      0.00      0.00     75.57
06:54:46 PM     all      0.00      0.00      3.27     21.66      0.00      0.25      0.25      0.00      0.00     74.56
06:54:47 PM     all      0.00      0.00      3.77     19.10      0.00      0.25      0.00      0.00      0.00     76.88
06:54:48 PM     all      0.25      0.00      4.99     19.45      0.00      0.25      0.25      0.00      0.00     74.81
06:54:49 PM     all      0.25      0.00      4.51     21.05      0.00      0.00      0.00      0.00      0.00     74.19
06:54:50 PM     all      0.00      0.00      4.03     21.16      0.00      0.25      0.25      0.00      0.00     74.31
06:54:51 PM     all      0.00      0.00      4.51     20.05      0.00      0.25      0.25      0.00      0.00     74.94
06:54:52 PM     all      0.25      0.00      4.50     20.75      0.00      0.25      0.00      0.00      0.00     74.25
06:54:53 PM     all      0.00      0.00      3.52     19.60      0.00      0.25      0.25      0.00      0.00     76.38
06:54:54 PM     all      0.00      0.00      4.29     17.93      0.00      0.25      0.00      0.00      0.00     77.53
06:54:55 PM     all      0.25      0.00      5.97     20.15      0.00      0.00      0.25      0.00      0.00     73.38
06:54:56 PM     all      0.00      0.00      4.53     20.15      0.00      0.25      0.00      0.00      0.00     75.06
06:54:57 PM     all      0.50      0.00      6.52     16.79      0.00      0.25      0.25      0.00      0.00     75.69
06:54:58 PM     all      0.00      0.00     11.78     11.53      0.00      0.25      0.25      0.00      0.00     76.19
06:54:59 PM     all      0.25      0.00      4.74     18.70      0.00      0.25      0.00      0.00      0.00     76.06
06:55:00 PM     all      1.26      0.00      4.80     18.69      0.00      0.00      0.25      0.00      0.00     75.00
06:55:01 PM     all      0.25      0.00      4.75     22.75      0.00      0.25      0.25      0.00      0.00     71.75
06:55:02 PM     all      0.25      0.00      3.78     20.40      0.00      0.25      0.00      0.00      0.00     75.31
06:55:03 PM     all      0.00      0.00      4.03     19.90      0.00      0.25      0.25      0.00      0.00     75.57
06:55:04 PM     all      0.50      0.00      3.78     20.65      0.00      0.25      0.00      0.00      0.00     74.81
06:55:05 PM     all      0.00      0.00      4.26     20.55      0.00      0.00      0.25      0.00      0.00     74.94
06:55:06 PM     all      0.00      0.00      3.29     20.76      0.00      0.25      0.25      0.00      0.00     75.44
06:55:07 PM     all      0.00      0.00      3.52     21.11      0.00      0.25      0.00      0.00      0.00     75.13
06:55:08 PM     all      0.25      0.00      4.02     20.60      0.00      0.00      0.25      0.00      0.00     74.87
06:55:09 PM     all      0.75      0.00      4.77     20.10      0.00      0.25      0.00      0.00      0.00     74.12
06:55:10 PM     all      0.00      0.00      3.03     21.21      0.00      0.25      0.25      0.00      0.00     75.25
06:55:11 PM     all      0.25      0.00      3.81     20.56      0.00      0.25      0.00      0.00      0.00     75.13
06:55:12 PM     all      0.25      0.00      4.01     20.80      0.00      0.25      0.25      0.00      0.00     74.44
06:55:13 PM     all      0.00      0.00      4.73     20.90      0.00      0.25      0.25      0.00      0.00     73.88
06:55:14 PM     all      0.25      0.00      4.81     20.76      0.00      0.00      0.00      0.00      0.00     74.18
06:55:15 PM     all      0.50      0.00      5.53     21.36      0.00      0.25      0.25      0.00      0.00     72.11
06:55:16 PM     all      0.25      0.00      8.04     17.09      0.00      0.25      0.25      0.00      0.00     74.12
06:55:17 PM     all      1.25      0.00     91.23      1.50      0.00      0.50      0.00      0.00      0.00      5.51
06:55:18 PM     all      0.50      0.00     96.49      1.25      0.00      0.25      0.25      0.00      0.00      1.25
06:55:19 PM     all      0.26      0.00     35.55     39.90      0.00      0.51      0.26      0.00      0.00     23.53
06:55:20 PM     all      0.26      0.00     10.80     47.81      0.00      0.26      0.26      0.00      0.00     40.62
06:55:21 PM     all      0.51      0.00     12.12     52.78      0.00      0.25      0.25      0.00      0.00     34.09
06:55:22 PM     all      0.26      0.00     11.28     51.79      0.00      0.51      0.26      0.00      0.00     35.90
06:55:23 PM     all      0.00      0.00     11.99     55.10      0.00      0.26      0.26      0.00      0.00     32.40
06:55:24 PM     all      1.02      0.00      9.67     52.93      0.00      0.25      0.00      0.00      0.00     36.13
06:55:25 PM     all      0.25      0.00      7.30     57.68      0.00      0.25      0.25      0.00      0.00     34.26
06:55:26 PM     all      0.25      0.00     12.44     51.24      0.00      0.25      0.25      0.00      0.00     35.57
06:55:27 PM     all      0.26      0.00     10.49     53.20      0.00      0.26      0.26      0.00      0.00     35.55
06:55:28 PM     all      0.25      0.00     12.78     55.28      0.00      0.25      0.25      0.00      0.00     31.20
06:55:29 PM     all      0.26      0.00     10.54     52.96      0.00      0.51      0.26      0.00      0.00     35.48
06:55:30 PM     all      0.25      0.00     11.97     56.61      0.00      0.25      0.25      0.00      0.00     30.67
06:55:31 PM     all      0.26      0.00     10.97     53.06      0.00      0.26      0.26      0.00      0.00     35.20
06:55:32 PM     all      0.25      0.00      9.37     53.67      0.00      0.25      0.25      0.00      0.00     36.20
06:55:33 PM     all      0.00      0.00     11.70     53.44      0.00      0.25      0.25      0.00      0.00     34.35
06:55:34 PM     all      0.50      0.00     10.50     50.00      0.00      0.25      0.00      0.00      0.00     38.75
06:55:35 PM     all      0.25      0.00     11.42     51.52      0.00      0.51      0.25      0.00      0.00     36.04
06:55:36 PM     all      0.25      0.00      7.36     54.06      0.00      0.25      0.25      0.00      0.00     37.82
06:55:37 PM     all      0.25      0.00     11.97     49.38      0.00      0.25      0.25      0.00      0.00     37.91
06:55:38 PM     all      0.00      0.00     11.70     54.20      0.00      0.25      0.25      0.00      0.00     33.59
06:55:39 PM     all      0.25      0.00     11.62     50.76      0.00      0.25      0.25      0.00      0.00     36.87
06:55:40 PM     all      0.50      0.00     11.28     48.12      0.00      0.25      0.25      0.00      0.00     39.60
06:55:41 PM     all      0.25      0.00     12.31     54.77      0.00      0.25      0.25      0.00      0.00     32.16
06:55:42 PM     all      0.25      0.00     23.54     45.32      0.00      0.51      0.25      0.00      0.00     30.13
06:55:43 PM     all      0.25      0.00     80.10     11.19      0.00      0.50      0.25      0.00      0.00      7.71
06:55:44 PM     all      0.25      0.00     11.47     48.63      0.00      0.25      0.25      0.00      0.00     39.15
06:55:45 PM     all      0.25      0.00     13.50     50.75      0.00      0.25      0.25      0.00      0.00     35.00
06:55:46 PM     all      0.25      0.00     12.41     50.89      0.00      0.25      0.25      0.00      0.00     35.95
06:55:47 PM     all      0.00      0.00      8.00     22.25      0.00      0.25      0.25      0.00      0.00     69.25
06:55:48 PM     all      0.50      0.00      2.76     21.61      0.00      0.25      0.00      0.00      0.00     74.87
06:55:49 PM     all      0.00      0.00      2.76     21.86      0.00      0.25      0.25      0.00      0.00     74.87
06:55:50 PM     all      0.25      0.00      4.04     20.20      0.00      0.00      0.00      0.00      0.00     75.51
06:55:51 PM     all      0.75      0.00      4.52     20.10      0.00      0.25      0.25      0.00      0.00     74.12
06:55:52 PM     all      0.00      0.00      4.52     19.35      0.00      0.25      0.00      0.00      0.00     75.88
06:55:53 PM     all      0.25      0.00      3.27     19.65      0.00      0.25      0.25      0.00      0.00     76.32
06:55:54 PM     all      0.50      0.00      3.77     21.11      0.00      0.00      0.00      0.00      0.00     74.62
06:55:55 PM     all      0.00      0.00      5.22     16.92      0.00      0.25      0.25      0.00      0.00     77.36
06:55:56 PM     all      0.25      0.00      3.99     10.47      0.00      0.25      0.25      0.00      0.00     84.79
06:55:57 PM     all      0.50      0.00      5.03     15.83      0.00      0.25      0.00      0.00      0.00     78.39
06:55:58 PM     all      0.25      0.00      4.03     19.40      0.00      0.25      0.25      0.00      0.00     75.82
06:55:59 PM     all      0.25      0.00      4.71     19.85      0.00      0.25      0.00      0.00      0.00     74.94
06:56:00 PM     all      1.00      0.00      6.25     20.50      0.00      0.00      0.25      0.00      0.00     72.00
06:56:01 PM     all      0.00      0.00      5.99     18.20      0.00      0.25      0.25      0.00      0.00     75.31
06:56:02 PM     all      0.00      0.00      6.47     17.91      0.00      0.25      0.00      0.00      0.00     75.37
06:56:03 PM     all      0.00      0.00     13.82     11.06      0.00      0.25      0.25      0.00      0.00     74.62
06:56:04 PM     all      0.00      0.00      4.25     19.75      0.00      0.25      0.25      0.00      0.00     75.50
06:56:05 PM     all      0.25      0.00      5.24     17.96      0.00      0.25      0.00      0.00      0.00     76.31
06:56:06 PM     all      0.00      0.00      4.50     19.75      0.00      0.00      0.25      0.00      0.00     75.50
06:56:07 PM     all      0.25      0.00      4.99     17.96      0.00      0.25      0.00      0.00      0.00     76.56
06:56:08 PM     all      0.00      0.00      3.75     20.00      0.00      0.25      0.25      0.00      0.00     75.75
06:56:09 PM     all      0.50      0.00      4.22     20.35      0.00      0.25      0.00      0.00      0.00     74.69
06:56:10 PM     all      0.00      0.00      4.51     18.30      0.00      0.00      0.25      0.00      0.00     76.94
06:56:11 PM     all      0.25      0.00      4.00     19.50      0.00      0.25      0.25      0.00      0.00     75.75
06:56:12 PM     all      0.00      0.00      4.29     19.70      0.00      0.25      0.00      0.00      0.00     75.76
06:56:13 PM     all      0.25      0.00      4.49     19.95      0.00      0.25      0.25      0.00      0.00     74.81
06:56:14 PM     all      0.00      0.00      4.74     20.45      0.00      0.25      0.00      0.00      0.00     74.56
06:56:15 PM     all      0.25      0.00      4.51     19.05      0.00      0.25      0.25      0.00      0.00     75.69
06:56:16 PM     all      0.25      0.00      4.76     17.79      0.00      0.00      0.00      0.00      0.00     77.19
06:56:17 PM     all      0.00      0.00      4.71     19.60      0.00      0.25      0.25      0.00      0.00     75.19
06:56:18 PM     all      0.25      0.00      5.69     18.07      0.00      0.25      0.00      0.00      0.00     75.74
06:56:19 PM     all      0.25      0.00      5.22     20.15      0.00      0.25      0.25      0.00      0.00     73.88
06:56:20 PM     all      0.00      0.00      6.19     20.30      0.00      0.00      0.25      0.00      0.00     73.27
06:56:21 PM     all      0.50      0.00      6.44     19.80      0.00      0.25      0.00      0.00      0.00     73.02
06:56:22 PM     all      0.00      0.00     13.82     11.31      0.00      0.25      0.25      0.00      0.00     74.37
06:56:23 PM     all      0.00      0.00      5.46     18.86      0.00      0.25      0.25      0.00      0.00     75.19
06:56:24 PM     all      0.00      0.00      5.21     19.35      0.00      0.25      0.00      0.00      0.00     75.19
06:56:25 PM     all      0.00      0.00      5.21     17.62      0.00      0.25      0.25      0.00      0.00     76.67
06:56:26 PM     all      0.25      0.00      5.69     18.32      0.00      0.00      0.00      0.00      0.00     75.74
06:56:27 PM     all      0.25      0.00      5.93     17.78      0.00      0.25      0.25      0.00      0.00     75.56
06:56:28 PM     all      0.49      0.00      4.93     18.72      0.00      0.25      0.00      0.00      0.00     75.62
06:56:29 PM     all      0.25      0.00      5.19     19.01      0.00      0.25      0.25      0.00      0.00     75.06
06:56:30 PM     all      0.74      0.00      4.94     19.51      0.00      0.00      0.25      0.00      0.00     74.57
06:56:31 PM     all      0.00      0.00      5.46     18.86      0.00      0.25      0.00      0.00      0.00     75.43
06:56:32 PM     all      0.00      0.00      5.94     18.56      0.00      0.25      0.25      0.00      0.00     75.00
06:56:33 PM     all      0.25      0.00      5.46     17.37      0.00      0.25      0.00      0.00      0.00     76.67
06:56:34 PM     all      0.25      0.00      6.14     19.16      0.00      0.00      0.25      0.00      0.00     74.20
06:56:35 PM     all      0.00      0.00      5.24     19.70      0.00      0.25      0.00      0.00      0.00     74.81
06:56:36 PM     all      0.25      0.00      5.91     18.97      0.00      0.25      0.25      0.00      0.00     74.38
06:56:37 PM     all      0.00      0.00      5.46     19.35      0.00      0.25      0.00      0.00      0.00     74.94
06:56:38 PM     all      0.25      0.00      6.40     19.46      0.00      0.25      0.25      0.00      0.00     73.40
06:56:39 PM     all      0.25      0.00      6.68     19.31      0.00      0.25      0.25      0.00      0.00     73.27
06:56:40 PM     all      0.75      0.00     24.25     13.00      0.00      0.25      0.25      0.00      0.00     61.50
06:56:41 PM     all      0.25      0.00     94.74      2.01      0.00      0.50      0.00      0.00      0.00      2.51
06:56:42 PM     all      0.50      0.00     96.00      1.50      0.00      0.25      0.25      0.00      0.00      1.50
06:56:43 PM     all      0.00      0.00     25.63     41.96      0.00      0.50      0.25      0.00      0.00     31.66
06:56:44 PM     all      0.25      0.00     13.58     49.38      0.00      0.25      0.25      0.00      0.00     36.30
06:56:45 PM     all      0.25      0.00     14.07     50.75      0.00      0.25      0.25      0.00      0.00     34.42
06:56:46 PM     all      0.25      0.00     11.69     53.48      0.00      0.25      0.25      0.00      0.00     34.08
06:56:47 PM     all      0.00      0.00     10.62     49.74      0.00      0.26      0.00      0.00      0.00     39.38
06:56:48 PM     all      0.50      0.00     11.69     51.24      0.00      0.25      0.25      0.00      0.00     36.07
06:56:49 PM     all      0.50      0.00     12.44     51.00      0.00      0.50      0.25      0.00      0.00     35.32
06:56:50 PM     all      0.00      0.00     11.93     50.76      0.00      0.25      0.25      0.00      0.00     36.80
06:56:51 PM     all      0.00      0.00     11.25     51.66      0.00      0.26      0.26      0.00      0.00     36.57
06:56:52 PM     all      0.25      0.00     12.31     51.01      0.00      0.25      0.25      0.00      0.00     35.93
06:56:53 PM     all      0.25      0.00     13.00     52.25      0.00      0.50      0.25      0.00      0.00     33.75
06:56:54 PM     all      0.25      0.00     13.18     49.00      0.00      0.25      0.25      0.00      0.00     37.06
06:56:55 PM     all      0.25      0.00     13.38     50.76      0.00      0.25      0.00      0.00      0.00     35.35
06:56:56 PM     all      0.51      0.00     11.20     53.18      0.00      0.25      0.25      0.00      0.00     34.61
06:56:57 PM     all      0.51      0.00     11.93     51.52      0.00      0.51      0.25      0.00      0.00     35.28
06:56:58 PM     all      0.26      0.00     10.71     51.79      0.00      0.26      0.26      0.00      0.00     36.73
06:56:59 PM     all      0.50      0.00     12.59     50.63      0.00      0.25      0.25      0.00      0.00     35.77
06:57:00 PM     all      1.50      0.00     13.47     51.87      0.00      0.25      0.25      0.00      0.00     32.67
06:57:01 PM     all      0.25      0.00     14.89     51.36      0.00      0.50      0.25      0.00      0.00     32.75
06:57:02 PM     all      0.51      0.00     12.18     54.57      0.00      0.25      0.25      0.00      0.00     32.23
06:57:03 PM     all      0.00      0.00     13.82     51.76      0.00      0.25      0.25      0.00      0.00     33.92
06:57:04 PM     all      0.51      0.00     11.31     51.41      0.00      0.26      0.26      0.00      0.00     36.25
06:57:05 PM     all      0.49      0.00     87.41      8.64      0.00      0.49      0.25      0.00      0.00      2.72
06:57:06 PM     all      0.25      0.00     95.76      1.25      0.00      0.50      0.00      0.00      0.00      2.24
06:57:07 PM     all      0.00      0.00     10.68     51.56      0.00      0.26      0.26      0.00      0.00     37.24
06:57:08 PM     all      0.00      0.00     11.62     53.54      0.00      0.25      0.25      0.00      0.00     34.34
06:57:09 PM     all      0.25      0.00     14.11     48.27      0.00      0.50      0.25      0.00      0.00     36.63
06:57:10 PM     all      0.51      0.00     12.08     49.36      0.00      0.26      0.51      0.00      0.00     37.28
06:57:11 PM     all      0.00      0.00      4.77     13.82      0.00      0.25      0.00      0.00      0.00     81.16
06:57:12 PM     all      0.25      0.00      3.78     13.60      0.00      0.25      0.25      0.00      0.00     81.86
06:57:13 PM     all      0.00      0.00      3.79     12.63      0.00      0.00      0.00      0.00      0.00     83.59
06:57:14 PM     all      0.25      0.00      3.01     13.03      0.00      0.25      0.25      0.00      0.00     83.21
06:57:15 PM     all      0.25      0.00      4.75     14.75      0.00      0.25      0.00      0.00      0.00     80.00
06:57:16 PM     all      0.25      0.00      4.27     12.56      0.00      0.00      0.25      0.00      0.00     82.66
06:57:17 PM     all      0.25      0.00      5.00     16.25      0.00      0.25      0.00      0.00      0.00     78.25
06:57:18 PM     all      0.25      0.00      4.02     12.81      0.00      0.25      0.25      0.00      0.00     82.41
06:57:19 PM     all      0.25      0.00      4.74     11.47      0.00      0.25      0.00      0.00      0.00     83.29
06:57:20 PM     all      0.25      0.00      4.74     13.22      0.00      0.25      0.25      0.00      0.00     81.30
06:57:21 PM     all      0.00      0.00      5.03     19.35      0.00      0.00      0.25      0.00      0.00     75.38
06:57:22 PM     all      0.00      0.00      4.53     17.88      0.00      0.25      0.00      0.00      0.00     77.33
06:57:23 PM     all      0.00      0.00      5.04     20.15      0.00      0.25      0.25      0.00      0.00     74.31
06:57:24 PM     all      0.25      0.00      5.76     20.05      0.00      0.25      0.00      0.00      0.00     73.68
06:57:25 PM     all      0.25      0.00     12.63      9.60      0.00      0.25      0.25      0.00      0.00     77.02
06:57:26 PM     all      0.50      0.00      4.25     19.50      0.00      0.25      0.25      0.00      0.00     75.25
06:57:27 PM     all      0.25      0.00      5.00     20.00      0.00      0.00      0.25      0.00      0.00     74.50
06:57:28 PM     all      0.00      0.00      4.27     21.36      0.00      0.25      0.00      0.00      0.00     74.12
06:57:29 PM     all      0.50      0.00      4.73     19.15      0.00      0.25      0.25      0.00      0.00     75.12
06:57:30 PM     all      0.00      0.00      5.00     19.75      0.00      0.25      0.00      0.00      0.00     75.00
06:57:31 PM     all      0.00      0.00      3.53     18.64      0.00      0.25      0.25      0.00      0.00     77.33
06:57:32 PM     all      0.25      0.00      4.26     19.30      0.00      0.25      0.25      0.00      0.00     75.69
06:57:33 PM     all      0.25      0.00      3.81     19.29      0.00      0.00      0.00      0.00      0.00     76.65
06:57:34 PM     all      1.01      0.00      4.03     18.89      0.00      0.25      0.25      0.00      0.00     75.57
06:57:35 PM     all      0.25      0.00      4.51     19.05      0.00      0.25      0.00      0.00      0.00     75.94
06:57:36 PM     all      0.00      0.00      4.28     19.14      0.00      0.25      0.25      0.00      0.00     76.07
06:57:37 PM     all      0.25      0.00      4.76     20.05      0.00      0.00      0.25      0.00      0.00     74.69
06:57:38 PM     all      0.00      0.00      4.76     20.55      0.00      0.25      0.00      0.00      0.00     74.44
06:57:39 PM     all      0.00      0.00      4.76     20.55      0.00      0.25      0.25      0.00      0.00     74.19
06:57:40 PM     all      0.25      0.00      6.00     20.75      0.00      0.25      0.00      0.00      0.00     72.75
06:57:41 PM     all      0.00      0.00      5.04     20.91      0.00      0.25      0.25      0.00      0.00     73.55
06:57:42 PM     all      0.25      0.00      6.28     19.10      0.00      0.25      0.25      0.00      0.00     73.87
06:57:43 PM     all      0.25      0.00     12.69     12.94      0.00      0.25      0.25      0.00      0.00     73.63
06:57:44 PM     all      0.00      0.00      4.05     20.00      0.00      0.25      0.00      0.00      0.00     75.70
06:57:45 PM     all      0.00      0.00      4.05     20.25      0.00      0.25      0.25      0.00      0.00     75.19
06:57:46 PM     all      0.00      0.00      5.00     20.75      0.00      0.25      0.25      0.00      0.00     73.75
06:57:47 PM     all      0.25      0.00      4.51     20.30      0.00      0.00      0.00      0.00      0.00     74.94
06:57:48 PM     all      0.75      0.00      4.49     19.70      0.00      0.25      0.25      0.00      0.00     74.56
06:57:49 PM     all      0.00      0.00      4.03     20.15      0.00      0.25      0.00      0.00      0.00     75.57
06:57:50 PM     all      0.00      0.00      3.81     19.80      0.00      0.25      0.25      0.00      0.00     75.89
06:57:51 PM     all      0.25      0.00      3.26     22.06      0.00      0.25      0.25      0.00      0.00     73.93
06:57:52 PM     all      0.00      0.00      4.29     19.44      0.00      0.25      0.00      0.00      0.00     76.01
06:57:53 PM     all      0.25      0.00      4.28     19.65      0.00      0.00      0.25      0.00      0.00     75.57
06:57:54 PM     all      0.00      0.00      4.28     21.16      0.00      0.25      0.00      0.00      0.00     74.31
06:57:55 PM     all      0.00      0.00      4.26     21.80      0.00      0.25      0.25      0.00      0.00     73.43
06:57:56 PM     all      0.50      0.00      4.03     21.91      0.00      0.25      0.00      0.00      0.00     73.30
06:57:57 PM     all      0.25      0.00      4.52     20.85      0.00      0.00      0.25      0.00      0.00     74.12
06:57:58 PM     all      0.00      0.00      4.80     20.20      0.00      0.25      0.25      0.00      0.00     74.49
06:57:59 PM     all      0.00      0.00      5.75     21.25      0.00      0.25      0.00      0.00      0.00     72.75
06:58:00 PM     all      2.27      0.00     27.96     11.59      0.00      0.50      0.25      0.00      0.00     57.43
06:58:01 PM     all      0.50      0.00     94.96      2.52      0.00      0.25      0.25      0.00      0.00      1.51
06:58:02 PM     all      0.00      0.00     50.00     28.03      0.00      0.51      0.25      0.00      0.00     21.21
06:58:03 PM     all      0.25      0.00     12.53     50.13      0.00      0.25      0.25      0.00      0.00     36.59
06:58:04 PM     all      0.26      0.00     10.82     54.38      0.00      0.26      0.00      0.00      0.00     34.28
06:58:05 PM     all      0.26      0.00     11.73     48.72      0.00      0.26      0.26      0.00      0.00     38.78
06:58:06 PM     all      0.26      0.00      9.79     48.71      0.00      0.26      0.26      0.00      0.00     40.72
06:58:07 PM     all      0.00      0.00     11.03     51.28      0.00      0.51      0.26      0.00      0.00     36.92
06:58:08 PM     all      0.00      0.00     11.22     49.74      0.00      0.26      0.26      0.00      0.00     38.52
06:58:09 PM     all      0.26      0.00     10.10     59.59      0.00      0.26      0.26      0.00      0.00     29.53
06:58:10 PM     all      0.25      0.00     12.63     51.26      0.00      0.25      0.25      0.00      0.00     35.35
06:58:11 PM     all      0.00      0.00     10.31     48.71      0.00      0.26      0.26      0.00      0.00     40.46
06:58:12 PM     all      0.50      0.00     12.53     51.63      0.00      0.50      0.25      0.00      0.00     34.59
06:58:13 PM     all      0.51      0.00     12.18     52.54      0.00      0.25      0.00      0.00      0.00     34.52
06:58:14 PM     all      0.00      0.00     12.50     48.98      0.00      0.26      0.26      0.00      0.00     38.01
06:58:15 PM     all      0.50      0.00     10.83     54.66      0.00      0.25      0.25      0.00      0.00     33.50
06:58:16 PM     all      0.25      0.00     14.29     45.32      0.00      0.49      0.25      0.00      0.00     39.41
06:58:17 PM     all      0.25      0.00     12.66     51.39      0.00      0.25      0.25      0.00      0.00     35.19
06:58:18 PM     all      0.26      0.00     11.28     53.85      0.00      0.26      0.26      0.00      0.00     34.10
06:58:19 PM     all      0.26      0.00     10.80     50.13      0.00      0.26      0.26      0.00      0.00     38.30
06:58:20 PM     all      0.51      0.00     12.66     49.37      0.00      0.51      0.25      0.00      0.00     36.71
06:58:21 PM     all      0.25      0.00     13.57     52.26      0.00      0.25      0.25      0.00      0.00     33.42
06:58:22 PM     all      0.25      0.00     14.50     52.00      0.00      0.25      0.25      0.00      0.00     32.75
06:58:23 PM     all      0.00      0.00     11.86     53.35      0.00      0.26      0.26      0.00      0.00     34.28
06:58:24 PM     all      0.75      0.00     73.07     13.72      0.00      0.50      0.25      0.00      0.00     11.72
06:58:25 PM     all      0.75      0.00     95.73      1.76      0.00      0.50      0.00      0.00      0.00      1.26
06:58:26 PM     all      0.00      0.00     34.44     39.29      0.00      0.26      0.26      0.00      0.00     25.77
06:58:27 PM     all      0.51      0.00     10.77     53.08      0.00      0.26      0.26      0.00      0.00     35.13
06:58:28 PM     all      0.25      0.00     11.87     48.74      0.00      0.25      0.25      0.00      0.00     38.64
06:58:29 PM     all      0.25      0.00     12.50     53.75      0.00      0.25      0.25      0.00      0.00     33.00
06:58:30 PM     all      0.51      0.00     13.16     47.34      0.00      0.51      0.25      0.00      0.00     38.23
06:58:31 PM     all      0.00      0.00      4.02     19.85      0.00      0.25      0.25      0.00      0.00     75.63
06:58:32 PM     all      0.25      0.00      3.55     14.21      0.00      0.25      0.00      0.00      0.00     81.73
06:58:33 PM     all      0.00      0.00      4.53     12.09      0.00      0.00      0.25      0.00      0.00     83.12
06:58:34 PM     all      0.00      0.00      4.53     13.85      0.00      0.25      0.00      0.00      0.00     81.36
06:58:35 PM     all      0.25      0.00      4.02     15.58      0.00      0.25      0.25      0.00      0.00     79.65
06:58:36 PM     all      0.00      0.00      4.77     16.33      0.00      0.25      0.00      0.00      0.00     78.64
06:58:37 PM     all      0.00      0.00      4.28     18.64      0.00      0.00      0.25      0.00      0.00     76.83
06:58:38 PM     all      0.25      0.00      4.27     16.33      0.00      0.25      0.25      0.00      0.00     78.64
06:58:39 PM     all      0.25      0.00      3.78     15.11      0.00      0.25      0.00      0.00      0.00     80.60
06:58:40 PM     all      0.00      0.00      5.22     15.17      0.00      0.25      0.25      0.00      0.00     79.10
06:58:41 PM     all      0.00      0.00      4.79     17.88      0.00      0.25      0.00      0.00      0.00     77.08
06:58:42 PM     all      0.25      0.00      4.75     18.00      0.00      0.25      0.25      0.00      0.00     76.50
06:58:43 PM     all      0.00      0.00      4.82     17.51      0.00      0.00      0.00      0.00      0.00     77.66
06:58:44 PM     all      0.25      0.00     14.21     10.47      0.00      0.50      0.25      0.00      0.00     74.31
06:58:45 PM     all      0.25      0.00      4.50     17.75      0.00      0.00      0.25      0.00      0.00     77.25
06:58:46 PM     all      0.00      0.00      4.51     15.54      0.00      0.25      0.25      0.00      0.00     79.45
06:58:47 PM     all      0.25      0.00      4.75     14.75      0.00      0.25      0.00      0.00      0.00     80.00
06:58:48 PM     all      0.00      0.00      4.28     16.88      0.00      0.25      0.25      0.00      0.00     78.34
06:58:49 PM     all      0.25      0.00      4.04     17.42      0.00      0.00      0.00      0.00      0.00     78.28
06:58:50 PM     all      0.25      0.00      4.26     15.04      0.00      0.25      0.25      0.00      0.00     79.95
06:58:51 PM     all      0.00      0.00      4.52     16.83      0.00      0.25      0.00      0.00      0.00     78.39
06:58:52 PM     all      0.50      0.00      4.51     18.05      0.00      0.25      0.25      0.00      0.00     76.44
06:58:53 PM     all      0.00      0.00      4.76     17.79      0.00      0.25      0.25      0.00      0.00     76.94
06:58:54 PM     all      0.00      0.00      3.80     15.70      0.00      0.25      0.00      0.00      0.00     80.25
06:58:55 PM     all      0.00      0.00      5.01     16.79      0.00      0.00      0.25      0.00      0.00     77.94
06:58:56 PM     all      0.25      0.00      5.00     16.75      0.00      0.25      0.00      0.00      0.00     77.75
06:58:57 PM     all      0.00      0.00      4.51     17.79      0.00      0.25      0.25      0.00      0.00     77.19
06:58:58 PM     all      0.00      0.00      5.49     14.96      0.00      0.25      0.00      0.00      0.00     79.30
06:58:59 PM     all      0.00      0.00      5.51     17.29      0.00      0.25      0.25      0.00      0.00     76.69
06:59:00 PM     all      1.75      0.00      6.50     16.25      0.00      0.25      0.25      0.00      0.00     75.00
06:59:01 PM     all      0.50      0.00     13.53     12.03      0.00      0.25      0.25      0.00      0.00     73.43
06:59:02 PM     all      0.00      0.00      3.58     18.41      0.00      0.00      0.00      0.00      0.00     78.01
06:59:03 PM     all      0.50      0.00      4.00     16.25      0.00      0.25      0.25      0.00      0.00     78.75
06:59:04 PM     all      0.25      0.00      4.50     16.75      0.00      0.25      0.25      0.00      0.00     78.00
06:59:05 PM     all      0.00      0.00      4.28     15.62      0.00      0.25      0.00      0.00      0.00     79.85
06:59:06 PM     all      0.00      0.00      4.04     15.91      0.00      0.25      0.25      0.00      0.00     79.55
06:59:07 PM     all      0.25      0.00      5.24     16.71      0.00      0.00      0.00      0.00      0.00     77.81
06:59:08 PM     all      0.00      0.00      4.52     15.08      0.00      0.25      0.25      0.00      0.00     79.90
06:59:09 PM     all      0.00      0.00      4.03     17.13      0.00      0.25      0.25      0.00      0.00     78.34
06:59:10 PM     all      0.25      0.00      4.28     18.14      0.00      0.25      0.00      0.00      0.00     77.08
06:59:11 PM     all      0.00      0.00      4.28     16.12      0.00      0.00      0.25      0.00      0.00     79.35
06:59:12 PM     all      0.25      0.00      4.75     15.25      0.00      0.50      0.00      0.00      0.00     79.25
06:59:13 PM     all      0.00      0.00      3.81     16.50      0.00      0.00      0.25      0.00      0.00     79.44
06:59:14 PM     all      0.00      0.00      3.79     15.66      0.00      0.25      0.25      0.00      0.00     80.05
06:59:15 PM     all      0.50      0.00      4.99     17.46      0.00      0.25      0.00      0.00      0.00     76.81
06:59:16 PM     all      0.00      0.00      5.29     15.62      0.00      0.25      0.25      0.00      0.00     78.59
06:59:17 PM     all      0.25      0.00      4.80     17.93      0.00      0.00      0.00      0.00      0.00     77.02
06:59:18 PM     all      0.25      0.00      8.02     14.29      0.00      0.25      0.25      0.00      0.00     76.94
06:59:19 PM     all      0.50      0.00     92.75      0.50      0.00      0.75      0.25      0.00      0.00      5.25
06:59:20 PM     all      0.50      0.00     81.61      9.57      0.00      0.25      0.25      0.00      0.00      7.81
06:59:21 PM     all      0.51      0.00     11.45     50.13      0.00      0.25      0.00      0.00      0.00     37.66
06:59:22 PM     all      0.25      0.00     12.85     50.88      0.00      0.50      0.25      0.00      0.00     35.26
06:59:23 PM     all      0.25      0.00     11.59     53.40      0.00      0.25      0.25      0.00      0.00     34.26
06:59:24 PM     all      0.00      0.00     13.32     48.99      0.00      0.25      0.25      0.00      0.00     37.19
06:59:25 PM     all      0.51      0.00     10.61     51.26      0.00      0.25      0.25      0.00      0.00     37.12
06:59:26 PM     all      0.00      0.00     10.00     52.56      0.00      0.26      0.26      0.00      0.00     36.92
06:59:27 PM     all      0.50      0.00     10.78     49.87      0.00      0.25      0.25      0.00      0.00     38.35
06:59:28 PM     all      0.25      0.00     11.78     47.87      0.00      0.25      0.00      0.00      0.00     39.85
06:59:29 PM     all      0.25      0.00     13.18     52.49      0.00      0.50      0.25      0.00      0.00     33.33
06:59:30 PM     all      0.51      0.00     10.20     52.30      0.00      0.26      0.26      0.00      0.00     36.48
06:59:31 PM     all      0.25      0.00     13.85     51.39      0.00      0.25      0.25      0.00      0.00     34.01
06:59:32 PM     all      0.25      0.00     13.42     49.37      0.00      0.25      0.25      0.00      0.00     36.46
06:59:33 PM     all      0.00      0.00     10.82     52.06      0.00      0.52      0.26      0.00      0.00     36.34
06:59:34 PM     all      0.26      0.00     11.08     51.80      0.00      0.26      0.26      0.00      0.00     36.34
06:59:35 PM     all      0.25      0.00     13.28     51.38      0.00      0.25      0.25      0.00      0.00     34.59
06:59:36 PM     all      0.00      0.00     15.14     50.37      0.00      0.50      0.25      0.00      0.00     33.75
06:59:37 PM     all      0.25      0.00     14.89     49.38      0.00      0.25      0.25      0.00      0.00     34.99
06:59:38 PM     all      0.25      0.00     13.82     50.25      0.00      0.25      0.25      0.00      0.00     35.18
06:59:39 PM     all      0.50      0.00     13.07     50.00      0.00      0.50      0.25      0.00      0.00     35.68
06:59:40 PM     all      0.25      0.00     11.90     50.89      0.00      0.25      0.25      0.00      0.00     36.46
06:59:41 PM     all      0.50      0.00     13.32     49.50      0.00      0.25      0.25      0.00      0.00     36.18
06:59:42 PM     all      0.26      0.00     12.24     49.49      0.00      0.26      0.00      0.00      0.00     37.76
06:59:43 PM     all      0.50      0.00     84.54      8.48      0.00      0.50      0.25      0.00      0.00      5.74
06:59:44 PM     all      0.75      0.00     31.00     40.00      0.00      0.25      0.25      0.00      0.00     27.75
06:59:45 PM     all      0.25      0.00     11.68     49.24      0.00      0.51      0.25      0.00      0.00     38.07
06:59:46 PM     all      0.00      0.00     12.02     52.17      0.00      0.26      0.26      0.00      0.00     35.29
06:59:47 PM     all      0.00      0.00     10.33     49.37      0.00      0.25      0.25      0.00      0.00     39.80
06:59:48 PM     all      0.00      0.00     12.37     48.48      0.00      0.25      0.25      0.00      0.00     38.64
06:59:49 PM     all      0.76      0.00      8.40     28.50      0.00      0.51      0.25      0.00      0.00     61.58
06:59:50 PM     all      0.25      0.00      3.78     15.87      0.00      0.00      0.00      0.00      0.00     80.10
06:59:51 PM     all      0.75      0.00      4.26     18.30      0.00      0.25      0.25      0.00      0.00     76.19
06:59:52 PM     all      0.25      0.00      3.79     16.41      0.00      0.25      0.25      0.00      0.00     79.04
06:59:53 PM     all      0.00      0.00      4.29     13.38      0.00      0.25      0.00      0.00      0.00     82.07
Average:        all      0.25      0.00     11.71     28.45      0.00      0.25      0.18      0.00      0.00     59.16
