Linux 4.9.253-tegra (nano-desktop) 	08/16/2023 	_aarch64_	(4 CPU)

06:23:40 PM     CPU      %usr     %nice      %sys   %iowait    %steal      %irq     %soft    %guest    %gnice     %idle
06:23:41 PM     all      0.25      0.00     16.25     20.25      0.00      0.25      0.50      0.00      0.00     62.50
06:23:42 PM     all      0.00      0.00      4.29     19.70      0.00      0.25      0.00      0.00      0.00     75.76
06:23:43 PM     all      0.25      0.00      4.74     19.20      0.00      0.25      0.25      0.00      0.00     75.31
06:23:44 PM     all      0.25      0.00      5.01     20.05      0.00      0.25      0.00      0.00      0.00     74.44
06:23:45 PM     all      0.76      0.00      4.55     19.70      0.00      0.25      0.25      0.00      0.00     74.49
06:23:46 PM     all      0.25      0.00      4.50     20.50      0.00      0.25      0.25      0.00      0.00     74.25
06:23:47 PM     all      0.00      0.00      4.53     19.90      0.00      0.00      0.00      0.00      0.00     75.57
06:23:48 PM     all      0.25      0.00      4.51     20.30      0.00      0.25      0.25      0.00      0.00     74.44
06:23:49 PM     all      0.00      0.00      4.28     19.90      0.00      0.25      0.00      0.00      0.00     75.57
06:23:50 PM     all      0.25      0.00      4.50     20.75      0.00      0.25      0.25      0.00      0.00     74.00
06:23:51 PM     all      0.00      0.00      4.53     20.65      0.00      0.00      0.25      0.00      0.00     74.56
06:23:52 PM     all      0.00      0.00      5.06     18.73      0.00      0.25      0.00      0.00      0.00     75.95
06:23:53 PM     all      0.00      0.00      5.03     19.85      0.00      0.25      0.25      0.00      0.00     74.62
06:23:54 PM     all      0.25      0.00      6.03     21.11      0.00      0.25      0.00      0.00      0.00     72.36
06:23:55 PM     all      0.00      0.00      5.53     19.35      0.00      0.25      0.25      0.00      0.00     74.62
06:23:56 PM     all      0.25      0.00      5.50     19.50      0.00      0.25      0.25      0.00      0.00     74.25
06:23:57 PM     all      0.25      0.00     12.85     12.59      0.00      0.25      0.25      0.00      0.00     73.80
06:23:58 PM     all      0.25      0.00      4.04     17.68      0.00      0.00      0.00      0.00      0.00     78.03
06:23:59 PM     all      0.00      0.00      4.51     18.05      0.00      0.25      0.25      0.00      0.00     76.94
06:24:00 PM     all      1.50      0.00      5.25     18.25      0.00      0.25      0.00      0.00      0.00     74.75
06:24:01 PM     all      0.00      0.00      4.76     17.29      0.00      0.25      0.25      0.00      0.00     77.44
06:24:02 PM     all      0.25      0.00      4.75     19.25      0.00      0.25      0.00      0.00      0.00     75.50
06:24:03 PM     all      0.25      0.00      3.79     18.94      0.00      0.00      0.25      0.00      0.00     76.77
06:24:04 PM     all      0.00      0.00      4.27     20.10      0.00      0.25      0.25      0.00      0.00     75.13
06:24:05 PM     all      0.00      0.00      4.53     19.40      0.00      0.25      0.00      0.00      0.00     75.82
06:24:06 PM     all      0.25      0.00      4.27     19.10      0.00      0.25      0.25      0.00      0.00     75.88
06:24:07 PM     all      0.25      0.00      4.76     19.05      0.00      0.00      0.00      0.00      0.00     75.94
06:24:08 PM     all      0.25      0.00      4.75     17.50      0.00      0.25      0.25      0.00      0.00     77.00
06:24:09 PM     all      0.25      0.00      4.77     18.34      0.00      0.25      0.00      0.00      0.00     76.38
06:24:10 PM     all      0.00      0.00      5.79     19.40      0.00      0.25      0.25      0.00      0.00     74.31
06:24:11 PM     all      0.25      0.00      4.76     18.80      0.00      0.25      0.25      0.00      0.00     75.69
06:24:12 PM     all      0.00      0.00      4.30     18.23      0.00      0.25      0.00      0.00      0.00     77.22
06:24:13 PM     all      0.25      0.00      5.75     19.75      0.00      0.00      0.25      0.00      0.00     74.00
06:24:14 PM     all      3.98      0.00     11.44     14.43      0.00      0.50      0.25      0.00      0.00     69.40
06:24:15 PM     all     83.17      0.00     16.08      0.00      0.00      0.50      0.25      0.00      0.00      0.00
06:24:16 PM     all     93.77      0.00      5.24      0.00      0.00      1.00      0.00      0.00      0.00      0.00
06:24:17 PM     all     94.00      0.00      5.00      0.00      0.00      0.75      0.25      0.00      0.00      0.00
06:24:18 PM     all     92.75      0.00      6.00      0.00      0.00      1.00      0.25      0.00      0.00      0.00
06:24:19 PM     all     93.00      0.00      6.00      0.00      0.00      0.75      0.25      0.00      0.00      0.00
06:24:20 PM     all     92.00      0.00      7.00      0.00      0.00      0.75      0.25      0.00      0.00      0.00
06:24:21 PM     all     88.00      0.00     11.00      0.00      0.00      0.75      0.25      0.00      0.00      0.00
06:24:22 PM     all     92.50      0.00      6.50      0.00      0.00      1.00      0.00      0.00      0.00      0.00
06:24:23 PM     all     92.50      0.00      6.50      0.00      0.00      0.75      0.25      0.00      0.00      0.00
06:24:24 PM     all     91.73      0.00      7.27      0.00      0.00      0.75      0.25      0.00      0.00      0.00
06:24:25 PM     all     93.28      0.00      5.47      0.00      0.00      1.00      0.25      0.00      0.00      0.00
06:24:26 PM     all     92.48      0.00      6.52      0.00      0.00      0.75      0.25      0.00      0.00      0.00
06:24:27 PM     all     88.50      0.00     10.50      0.00      0.00      0.75      0.25      0.00      0.00      0.00
06:24:28 PM     all     89.50      0.00      9.50      0.00      0.00      0.75      0.25      0.00      0.00      0.00
06:24:29 PM     all     91.25      0.00      7.75      0.00      0.00      1.00      0.00      0.00      0.00      0.00
06:24:30 PM     all     90.75      0.00      8.25      0.00      0.00      0.75      0.25      0.00      0.00      0.00
06:24:31 PM     all     90.73      0.00      8.27      0.00      0.00      0.75      0.25      0.00      0.00      0.00
06:24:32 PM     all     90.02      0.00      8.73      0.00      0.00      1.00      0.25      0.00      0.00      0.00
06:24:33 PM     all     85.04      0.00     13.97      0.00      0.00      0.75      0.25      0.00      0.00      0.00
06:24:34 PM     all     93.23      0.00      5.76      0.00      0.00      0.75      0.25      0.00      0.00      0.00
06:24:35 PM     all     91.73      0.00      7.27      0.00      0.00      0.75      0.25      0.00      0.00      0.00
06:24:36 PM     all     92.52      0.00      6.23      0.00      0.00      1.00      0.25      0.00      0.00      0.00
06:24:37 PM     all     93.27      0.00      5.99      0.00      0.00      0.75      0.00      0.00      0.00      0.00
06:24:38 PM     all     91.75      0.00      7.00      0.00      0.00      1.00      0.25      0.00      0.00      0.00
06:24:39 PM     all     91.02      0.00      7.98      0.00      0.00      0.75      0.25      0.00      0.00      0.00
06:24:40 PM     all     91.71      0.00      7.29      0.00      0.00      0.75      0.25      0.00      0.00      0.00
06:24:41 PM     all     90.27      0.00      8.73      0.00      0.00      0.75      0.25      0.00      0.00      0.00
06:24:42 PM     all     91.25      0.00      7.50      0.00      0.00      1.00      0.25      0.00      0.00      0.00
06:24:43 PM     all     92.52      0.00      6.48      0.00      0.00      0.75      0.25      0.00      0.00      0.00
06:24:44 PM     all     86.50      0.00      7.50      1.00      0.00      1.00      0.25      0.00      0.00      3.75
06:24:45 PM     all      0.00      0.00      4.30     19.75      0.00      0.00      0.00      0.00      0.00     75.95
06:24:46 PM     all      0.00      0.00      5.76     18.80      0.00      0.25      0.25      0.00      0.00     74.94
06:24:47 PM     all      0.00      0.00      5.51     18.80      0.00      0.25      0.25      0.00      0.00     75.19
06:24:48 PM     all      0.25      0.00      5.30     20.20      0.00      0.25      0.00      0.00      0.00     73.99
06:24:49 PM     all      0.25      0.00      5.49     18.70      0.00      0.00      0.25      0.00      0.00     75.31
06:24:50 PM     all      0.25      0.00      7.59     17.72      0.00      0.51      0.00      0.00      0.00     73.92
06:24:51 PM     all      0.25      0.00      9.60     14.65      0.00      0.00      0.25      0.00      0.00     75.25
06:24:52 PM     all      0.25      0.00      4.75     19.00      0.00      0.25      0.25      0.00      0.00     75.50
06:24:53 PM     all      0.25      0.00      4.02     18.59      0.00      0.25      0.00      0.00      0.00     76.88
06:24:54 PM     all      0.00      0.00      4.28     18.89      0.00      0.25      0.25      0.00      0.00     76.32
06:24:55 PM     all      0.00      0.00      4.52     18.34      0.00      0.25      0.25      0.00      0.00     76.63
06:24:56 PM     all      0.25      0.00      4.76     18.05      0.00      0.25      0.00      0.00      0.00     76.69
06:24:57 PM     all      0.00      0.00      3.79     19.70      0.00      0.00      0.25      0.00      0.00     76.26
06:24:58 PM     all      0.00      0.00      5.49     18.20      0.00      0.25      0.00      0.00      0.00     76.06
06:24:59 PM     all      0.25      0.00      4.75     19.50      0.00      0.25      0.25      0.00      0.00     75.00
06:25:00 PM     all      1.01      0.00      5.04     18.14      0.00      0.25      0.00      0.00      0.00     75.57
06:25:01 PM     all      0.00      0.00      5.49     17.96      0.00      0.00      0.25      0.00      0.00     76.31
06:25:02 PM     all      0.00      0.00      5.24     20.45      0.00      0.50      0.25      0.00      0.00     73.57
06:25:03 PM     all      0.00      0.00      5.78     20.85      0.00      0.00      0.00      0.00      0.00     73.37
06:25:04 PM     all      0.00      0.00      5.56     19.95      0.00      0.25      0.25      0.00      0.00     73.99
06:25:05 PM     all      0.25      0.00      5.51     19.55      0.00      0.25      0.00      0.00      0.00     74.44
06:25:06 PM     all      0.00      0.00      5.29     19.40      0.00      0.25      0.25      0.00      0.00     74.81
06:25:07 PM     all      0.25      0.00      7.75     17.50      0.00      0.25      0.25      0.00      0.00     74.00
06:25:08 PM     all      0.00      0.00     10.80     13.32      0.00      0.25      0.00      0.00      0.00     75.63
06:25:09 PM     all      0.25      0.00      4.04     20.45      0.00      0.00      0.25      0.00      0.00     75.00
06:25:10 PM     all      0.00      0.00      3.52     20.10      0.00      0.25      0.25      0.00      0.00     75.88
06:25:11 PM     all      0.25      0.00      3.79     19.95      0.00      0.25      0.00      0.00      0.00     75.76
06:25:12 PM     all      0.00      0.00      4.52     18.59      0.00      0.25      0.25      0.00      0.00     76.38
06:25:13 PM     all      0.00      0.00      4.51     19.05      0.00      0.25      0.00      0.00      0.00     76.19
06:25:14 PM     all      0.25      0.00      4.51     19.55      0.00      0.00      0.25      0.00      0.00     75.44
06:25:15 PM     all      0.00      0.00      5.00     20.25      0.00      0.25      0.00      0.00      0.00     74.50
06:25:16 PM     all      0.50      0.00      4.03     18.39      0.00      0.25      0.25      0.00      0.00     76.57
06:25:17 PM     all      0.00      0.00      4.26     19.80      0.00      0.25      0.25      0.00      0.00     75.44
06:25:18 PM     all      0.50      0.00      4.99     19.95      0.00      0.25      0.00      0.00      0.00     74.31
06:25:19 PM     all      0.00      0.00      4.76     19.05      0.00      0.00      0.25      0.00      0.00     75.94
06:25:20 PM     all      0.25      0.00      5.01     19.30      0.00      0.25      0.00      0.00      0.00     75.19
06:25:21 PM     all      0.00      0.00      5.06     18.73      0.00      0.25      0.25      0.00      0.00     75.70
06:25:22 PM     all      0.25      0.00      5.28     19.35      0.00      0.25      0.00      0.00      0.00     74.87
06:25:23 PM     all      0.25      0.00      5.50     19.25      0.00      0.25      0.25      0.00      0.00     74.50
06:25:24 PM     all      1.01      0.00      5.29     18.64      0.00      0.25      0.25      0.00      0.00     74.56
06:25:25 PM     all     31.57      0.00     17.17      8.59      0.00      0.25      0.25      0.00      0.00     42.17
06:25:26 PM     all     89.75      0.00      9.00      0.00      0.00      1.00      0.25      0.00      0.00      0.00
06:25:27 PM     all     92.73      0.00      6.52      0.00      0.00      0.75      0.00      0.00      0.00      0.00
06:25:28 PM     all     92.75      0.00      6.00      0.00      0.00      1.00      0.25      0.00      0.00      0.00
06:25:29 PM     all     92.52      0.00      6.48      0.00      0.00      0.75      0.25      0.00      0.00      0.00
06:25:30 PM     all     93.00      0.00      6.00      0.00      0.00      0.75      0.25      0.00      0.00      0.00
06:25:31 PM     all     90.98      0.00      8.02      0.00      0.00      0.75      0.25      0.00      0.00      0.00
06:25:32 PM     all     88.03      0.00     10.72      0.00      0.00      1.00      0.25      0.00      0.00      0.00
06:25:33 PM     all     91.27      0.00      7.73      0.00      0.00      0.75      0.25      0.00      0.00      0.00
06:25:34 PM     all     90.95      0.00      8.04      0.00      0.00      1.01      0.00      0.00      0.00      0.00
06:25:35 PM     all     93.25      0.00      5.75      0.00      0.00      0.75      0.25      0.00      0.00      0.00
06:25:36 PM     all     92.52      0.00      6.23      0.00      0.00      1.00      0.25      0.00      0.00      0.00
06:25:37 PM     all     91.50      0.00      7.50      0.00      0.00      0.75      0.25      0.00      0.00      0.00
06:25:38 PM     all     89.78      0.00      9.23      0.00      0.00      0.75      0.25      0.00      0.00      0.00
06:25:39 PM     all     90.75      0.00      8.25      0.00      0.00      0.75      0.25      0.00      0.00      0.00
06:25:40 PM     all     91.00      0.00      7.75      0.00      0.00      1.00      0.25      0.00      0.00      0.00
06:25:41 PM     all     89.85      0.00      9.16      0.00      0.00      0.74      0.25      0.00      0.00      0.00
06:25:42 PM     all     91.48      0.00      7.52      0.00      0.00      1.00      0.00      0.00      0.00      0.00
06:25:43 PM     all     86.03      0.00     12.97      0.00      0.00      0.75      0.25      0.00      0.00      0.00
06:25:44 PM     all     84.96      0.00     14.04      0.00      0.00      0.75      0.25      0.00      0.00      0.00
06:25:45 PM     all     93.00      0.00      6.00      0.00      0.00      0.75      0.25      0.00      0.00      0.00
06:25:46 PM     all     91.75      0.00      7.00      0.00      0.00      1.00      0.25      0.00      0.00      0.00
06:25:47 PM     all     92.52      0.00      6.48      0.00      0.00      0.75      0.25      0.00      0.00      0.00
06:25:48 PM     all     92.48      0.00      6.52      0.00      0.00      0.75      0.25      0.00      0.00      0.00
06:25:49 PM     all     91.02      0.00      7.73      0.00      0.00      1.00      0.25      0.00      0.00      0.00
06:25:50 PM     all     89.03      0.00      9.73      0.00      0.00      0.75      0.25      0.00      0.00      0.25
06:25:51 PM     all     92.00      0.00      7.00      0.00      0.00      0.75      0.25      0.00      0.00      0.00
06:25:52 PM     all     91.00      0.00      8.00      0.00      0.00      0.75      0.25      0.00      0.00      0.00
06:25:53 PM     all     93.48      0.00      5.76      0.00      0.00      0.75      0.00      0.00      0.00      0.00
06:25:54 PM     all     93.75      0.00      5.25      0.00      0.00      0.75      0.25      0.00      0.00      0.00
06:25:55 PM     all     53.63      0.00      6.52      8.27      0.00      0.75      0.25      0.00      0.00     30.58
06:25:56 PM     all      0.00      0.00      4.28     19.65      0.00      0.25      0.25      0.00      0.00     75.57
06:25:57 PM     all      0.50      0.00      5.53     17.84      0.00      0.25      0.00      0.00      0.00     75.88
06:25:58 PM     all      0.00      0.00      5.29     17.38      0.00      0.00      0.25      0.00      0.00     77.08
06:25:59 PM     all      0.00      0.00      5.29     16.12      0.00      0.25      0.25      0.00      0.00     78.09
06:26:00 PM     all      1.52      0.00      5.05     19.44      0.00      0.25      0.00      0.00      0.00     73.74
06:26:01 PM     all      0.25      0.00      8.59     17.17      0.00      0.25      0.25      0.00      0.00     73.48
06:26:02 PM     all      0.25      0.00      9.27     15.54      0.00      0.25      0.25      0.00      0.00     74.44
06:26:03 PM     all      0.25      0.00      3.54     19.44      0.00      0.25      0.00      0.00      0.00     76.52
06:26:04 PM     all      0.00      0.00      4.04     20.20      0.00      0.00      0.25      0.00      0.00     75.51
06:26:05 PM     all      0.00      0.00      4.53     18.64      0.00      0.25      0.25      0.00      0.00     76.32
06:26:06 PM     all      0.00      0.00      4.51     17.79      0.00      0.25      0.00      0.00      0.00     77.44
06:26:07 PM     all      0.25      0.00      4.52     17.09      0.00      0.25      0.25      0.00      0.00     77.64
06:26:08 PM     all      0.00      0.00      4.51     13.28      0.00      0.25      0.00      0.00      0.00     81.95
06:26:09 PM     all      0.25      0.00      5.24     14.96      0.00      0.25      0.25      0.00      0.00     79.05
06:26:10 PM     all      0.25      0.00      4.04     15.91      0.00      0.00      0.00      0.00      0.00     79.80
06:26:11 PM     all      0.00      0.00      5.01     16.54      0.00      0.25      0.25      0.00      0.00     77.94
06:26:12 PM     all      0.00      0.00      4.99     18.20      0.00      0.25      0.25      0.00      0.00     76.31
06:26:13 PM     all      0.00      0.00      4.77     15.83      0.00      0.25      0.00      0.00      0.00     79.15
06:26:14 PM     all      0.00      0.00      5.74     17.71      0.00      0.25      0.25      0.00      0.00     76.06
06:26:15 PM     all      0.25      0.00      6.02     13.78      0.00      0.25      0.25      0.00      0.00     79.45
06:26:16 PM     all      0.25      0.00      6.47     15.42      0.00      0.00      0.00      0.00      0.00     77.86
06:26:17 PM     all      0.00      0.00      6.25     15.00      0.00      0.25      0.25      0.00      0.00     78.25
06:26:18 PM     all      0.25      0.00      7.46     14.68      0.00      0.25      0.25      0.00      0.00     77.11
06:26:19 PM     all      0.25      0.00     11.53     12.03      0.00      0.25      0.25      0.00      0.00     75.69
06:26:20 PM     all      0.25      0.00      4.75     18.75      0.00      0.25      0.00      0.00      0.00     76.00
06:26:21 PM     all      0.00      0.00      4.98     17.16      0.00      0.25      0.25      0.00      0.00     77.36
06:26:22 PM     all      0.00      0.00      4.79     15.11      0.00      0.00      0.00      0.00      0.00     80.10
06:26:23 PM     all      0.25      0.00      4.50     16.50      0.00      0.25      0.25      0.00      0.00     78.25
06:26:24 PM     all      0.50      0.00      4.75     23.00      0.00      0.25      0.25      0.00      0.00     71.25
06:26:25 PM     all      0.25      0.00      1.75     41.75      0.00      0.25      0.00      0.00      0.00     56.00
06:26:26 PM     all      0.25      0.00      3.72     42.68      0.00      0.00      0.25      0.00      0.00     53.10
06:26:27 PM     all      0.50      0.00      3.23     38.46      0.00      0.25      0.00      0.00      0.00     57.57
06:26:28 PM     all      2.95      0.00      7.86     37.59      0.00      0.25      0.25      0.00      0.00     51.11
06:26:29 PM     all      7.52      0.00      5.76     36.09      0.00      0.25      0.25      0.00      0.00     50.13
06:26:30 PM     all     13.47      0.00      7.73     20.45      0.00      0.50      0.25      0.00      0.00     57.61
06:26:31 PM     all      0.00      0.00      6.19     14.60      0.00      0.00      0.25      0.00      0.00     78.96
06:26:32 PM     all      0.00      0.00      5.45     18.32      0.00      0.25      0.25      0.00      0.00     75.74
06:26:33 PM     all      0.25      0.00      6.68     19.55      0.00      0.25      0.00      0.00      0.00     73.27
06:26:34 PM     all      0.00      0.00      7.07     18.54      0.00      0.24      0.24      0.00      0.00     73.90
06:26:35 PM     all      0.25      0.00      6.93     16.09      0.00      0.25      0.25      0.00      0.00     76.24
06:26:36 PM     all      0.25      0.00      6.95     18.36      0.00      0.00      0.00      0.00      0.00     74.44
06:26:37 PM     all      0.24      0.00      8.01     17.23      0.00      0.24      0.24      0.00      0.00     74.03
06:26:38 PM     all      0.00      0.00      7.18     17.08      0.00      0.25      0.25      0.00      0.00     75.25
06:26:39 PM     all      0.74      0.00      8.89     15.80      0.00      0.25      0.00      0.00      0.00     74.32
06:26:40 PM     all     75.31      0.00     19.20      0.00      0.00      0.75      0.50      0.00      0.00      4.24
06:26:41 PM     all     91.75      0.00      7.00      0.00      0.00      1.00      0.25      0.00      0.00      0.00
06:26:42 PM     all     91.23      0.00      8.02      0.00      0.00      0.75      0.00      0.00      0.00      0.00
06:26:43 PM     all     91.02      0.00      7.98      0.00      0.00      0.75      0.25      0.00      0.00      0.00
06:26:44 PM     all     91.98      0.00      7.02      0.00      0.00      0.75      0.25      0.00      0.00      0.00
06:26:45 PM     all     88.34      0.00     10.42      0.00      0.00      0.99      0.25      0.00      0.00      0.00
06:26:46 PM     all     90.50      0.00      8.50      0.00      0.00      0.75      0.25      0.00      0.00      0.00
06:26:47 PM     all     90.73      0.00      8.27      0.00      0.00      0.75      0.25      0.00      0.00      0.00
06:26:48 PM     all     91.02      0.00      7.98      0.00      0.00      0.75      0.25      0.00      0.00      0.00
06:26:49 PM     all     91.25      0.00      7.75      0.00      0.00      1.00      0.00      0.00      0.00      0.00
06:26:50 PM     all     87.72      0.00     11.28      0.00      0.00      0.75      0.25      0.00      0.00      0.00
06:26:51 PM     all     90.23      0.00      8.77      0.00      0.00      0.75      0.25      0.00      0.00      0.00
06:26:52 PM     all     87.81      0.00     10.95      0.00      0.00      1.00      0.25      0.00      0.00      0.00
06:26:53 PM     all     89.00      0.00     10.00      0.00      0.00      0.75      0.25      0.00      0.00      0.00
06:26:54 PM     all     90.75      0.00      8.25      0.00      0.00      0.75      0.25      0.00      0.00      0.00
06:26:55 PM     all     88.72      0.00     10.28      0.00      0.00      0.75      0.25      0.00      0.00      0.00
06:26:56 PM     all     87.56      0.00     11.44      0.00      0.00      0.75      0.25      0.00      0.00      0.00
06:26:57 PM     all     88.22      0.00     10.53      0.00      0.00      1.00      0.25      0.00      0.00      0.00
06:26:58 PM     all     84.58      0.00     14.43      0.00      0.00      0.75      0.25      0.00      0.00      0.00
06:26:59 PM     all     91.98      0.00      7.02      0.00      0.00      0.75      0.25      0.00      0.00      0.00
06:27:00 PM     all     91.75      0.00      7.25      0.00      0.00      0.75      0.25      0.00      0.00      0.00
06:27:01 PM     all     89.28      0.00      9.48      0.00      0.00      1.00      0.25      0.00      0.00      0.00
06:27:02 PM     all     91.23      0.00      8.02      0.00      0.00      0.75      0.00      0.00      0.00      0.00
06:27:03 PM     all     91.50      0.00      7.50      0.00      0.00      0.75      0.25      0.00      0.00      0.00
06:27:04 PM     all     91.25      0.00      7.75      0.00      0.00      0.75      0.25      0.00      0.00      0.00
06:27:05 PM     all     92.25      0.00      6.50      0.00      0.00      1.00      0.25      0.00      0.00      0.00
06:27:06 PM     all     91.00      0.00      8.00      0.00      0.00      0.75      0.25      0.00      0.00      0.00
06:27:07 PM     all     92.25      0.00      6.75      0.00      0.00      0.75      0.25      0.00      0.00      0.00
06:27:08 PM     all     92.50      0.00      6.50      0.00      0.00      0.75      0.25      0.00      0.00      0.00
06:27:09 PM     all     90.00      0.00      8.75      0.00      0.00      1.00      0.25      0.00      0.00      0.00
06:27:10 PM     all      5.78      0.00      5.03     17.84      0.00      0.25      0.25      0.00      0.00     70.85
06:27:11 PM     all      0.25      0.00      4.53     16.12      0.00      0.25      0.00      0.00      0.00     78.84
06:27:12 PM     all      0.25      0.00      6.20     18.36      0.00      0.25      0.25      0.00      0.00     74.69
06:27:13 PM     all      0.25      0.00      5.30     16.92      0.00      0.00      0.00      0.00      0.00     77.53
06:27:14 PM     all      0.25      0.00      6.47     17.16      0.00      0.25      0.25      0.00      0.00     75.62
06:27:15 PM     all      0.50      0.00      5.96     16.38      0.00      0.25      0.25      0.00      0.00     76.67
06:27:16 PM     all      0.50      0.00     12.03      7.02      0.00      0.25      0.25      0.00      0.00     79.95
06:27:17 PM     all      0.25      0.00      4.53     17.38      0.00      0.25      0.00      0.00      0.00     77.58
06:27:18 PM     all      0.25      0.00      3.52     17.09      0.00      0.25      0.25      0.00      0.00     78.64
06:27:19 PM     all      0.00      0.00      4.52     17.59      0.00      0.25      0.00      0.00      0.00     77.64
06:27:20 PM     all      0.50      0.00      4.75     16.75      0.00      0.00      0.25      0.00      0.00     77.75
06:27:21 PM     all      0.25      0.00      5.00     16.25      0.00      0.25      0.25      0.00      0.00     78.00
06:27:22 PM     all      0.00      0.00      4.27     17.59      0.00      0.25      0.00      0.00      0.00     77.89
06:27:23 PM     all      0.00      0.00      3.80     17.22      0.00      0.25      0.25      0.00      0.00     78.48
06:27:24 PM     all      0.25      0.00      4.53     16.37      0.00      0.00      0.00      0.00      0.00     78.84
06:27:25 PM     all      0.00      0.00      4.74     19.95      0.00      0.25      0.25      0.00      0.00     74.81
06:27:26 PM     all      0.00      0.00      4.03     14.11      0.00      0.25      0.25      0.00      0.00     81.36
06:27:27 PM     all      0.50      0.00      4.27     13.32      0.00      0.25      0.00      0.00      0.00     81.66
06:27:28 PM     all      0.00      0.00      3.80     16.96      0.00      0.00      0.25      0.00      0.00     78.99
06:27:29 PM     all      0.00      0.00      5.75     18.25      0.00      0.25      0.00      0.00      0.00     75.75
06:27:30 PM     all      0.50      0.00      4.79     19.14      0.00      0.25      0.25      0.00      0.00     75.06
06:27:31 PM     all      0.00      0.00      5.29     18.64      0.00      0.25      0.25      0.00      0.00     75.57
06:27:32 PM     all      0.25      0.00      4.81     17.47      0.00      0.25      0.00      0.00      0.00     77.22
06:27:33 PM     all      0.25      0.00      6.31     16.16      0.00      0.25      0.25      0.00      0.00     76.77
06:27:34 PM     all      1.01      0.00     10.80     10.30      0.00      0.25      0.25      0.00      0.00     77.39
06:27:35 PM     all      0.25      0.00      4.05     19.24      0.00      0.00      0.00      0.00      0.00     76.46
06:27:36 PM     all      0.25      0.00      4.02     16.08      0.00      0.25      0.25      0.00      0.00     79.15
06:27:37 PM     all      0.25      0.00      4.30     18.99      0.00      0.25      0.25      0.00      0.00     75.95
06:27:38 PM     all      0.25      0.00      4.03     20.15      0.00      0.25      0.00      0.00      0.00     75.31
06:27:39 PM     all      0.25      0.00      4.27     16.58      0.00      0.25      0.25      0.00      0.00     78.39
06:27:40 PM     all      0.00      0.00      4.05     14.18      0.00      0.25      0.00      0.00      0.00     81.52
06:27:41 PM     all      0.25      0.00      4.28     14.36      0.00      0.00      0.25      0.00      0.00     80.86
06:27:42 PM     all      0.00      0.00      3.79     15.91      0.00      0.25      0.25      0.00      0.00     79.80
06:27:43 PM     all      0.00      0.00      4.55     17.93      0.00      0.25      0.00      0.00      0.00     77.27
06:27:44 PM     all      0.50      0.00      4.48     17.66      0.00      0.25      0.25      0.00      0.00     76.87
06:27:45 PM     all      0.00      0.00      4.56     15.95      0.00      0.25      0.00      0.00      0.00     79.24
06:27:46 PM     all      0.25      0.00      6.20     15.14      0.00      0.25      0.25      0.00      0.00     77.92
06:27:47 PM     all      0.25      0.00      5.25     17.00      0.00      0.25      0.25      0.00      0.00     77.00
06:27:48 PM     all      0.00      0.00      5.09     15.27      0.00      0.00      0.00      0.00      0.00     79.64
06:27:49 PM     all      0.00      0.00      5.51     16.54      0.00      0.25      0.25      0.00      0.00     77.44
06:27:50 PM     all      0.25      0.00      5.30     16.92      0.00      0.25      0.25      0.00      0.00     77.02
06:27:51 PM     all     50.75      0.00     22.75      0.75      0.00      0.75      0.25      0.00      0.00     24.75
06:27:52 PM     all     92.25      0.00      6.75      0.00      0.00      0.75      0.25      0.00      0.00      0.00
06:27:53 PM     all     92.25      0.00      6.50      0.00      0.00      1.00      0.25      0.00      0.00      0.00
06:27:54 PM     all     93.98      0.00      5.26      0.00      0.00      0.75      0.00      0.00      0.00      0.00
06:27:55 PM     all     93.00      0.00      6.00      0.00      0.00      0.75      0.25      0.00      0.00      0.00
06:27:56 PM     all     93.27      0.00      5.49      0.00      0.00      1.00      0.25      0.00      0.00      0.00
06:27:57 PM     all     91.50      0.00      7.50      0.00      0.00      0.75      0.25      0.00      0.00      0.00
06:27:58 PM     all     89.75      0.00      9.25      0.00      0.00      0.75      0.25      0.00      0.00      0.00
06:27:59 PM     all     92.00      0.00      7.00      0.00      0.00      0.75      0.25      0.00      0.00      0.00
06:28:00 PM     all     92.48      0.00      6.52      0.00      0.00      1.00      0.00      0.00      0.00      0.00
06:28:01 PM     all     92.25      0.00      6.75      0.00      0.00      0.75      0.25      0.00      0.00      0.00
06:28:02 PM     all     92.25      0.00      6.75      0.00      0.00      0.75      0.25      0.00      0.00      0.00
06:28:03 PM     all     91.54      0.00      7.21      0.00      0.00      1.00      0.25      0.00      0.00      0.00
06:28:04 PM     all     88.50      0.00     10.50      0.00      0.00      0.75      0.25      0.00      0.00      0.00
06:28:05 PM     all     91.77      0.00      7.23      0.00      0.00      0.75      0.25      0.00      0.00      0.00
06:28:06 PM     all     91.23      0.00      7.77      0.00      0.00      0.75      0.25      0.00      0.00      0.00
06:28:07 PM     all     90.52      0.00      8.23      0.00      0.00      1.00      0.25      0.00      0.00      0.00
06:28:08 PM     all     91.23      0.00      8.02      0.00      0.00      0.75      0.00      0.00      0.00      0.00
06:28:09 PM     all     90.48      0.00      8.52      0.00      0.00      0.75      0.25      0.00      0.00      0.00
06:28:10 PM     all     84.08      0.00     14.68      0.00      0.00      1.00      0.25      0.00      0.00      0.00
06:28:11 PM     all     88.28      0.00     10.47      0.00      0.00      0.75      0.50      0.00      0.00      0.00
06:28:12 PM     all     92.25      0.00      6.75      0.00      0.00      1.00      0.00      0.00      0.00      0.00
06:28:13 PM     all     93.73      0.00      5.26      0.00      0.00      0.75      0.25      0.00      0.00      0.00
06:28:14 PM     all     92.77      0.00      6.23      0.00      0.00      0.75      0.25      0.00      0.00      0.00
06:28:15 PM     all     92.48      0.00      6.52      0.00      0.00      0.75      0.25      0.00      0.00      0.00
06:28:16 PM     all     93.27      0.00      5.49      0.00      0.00      1.00      0.25      0.00      0.00      0.00
06:28:17 PM     all     90.55      0.00      8.46      0.00      0.00      0.75      0.25      0.00      0.00      0.00
06:28:18 PM     all     92.25      0.00      6.75      0.00      0.00      0.75      0.25      0.00      0.00      0.00
06:28:19 PM     all     92.25      0.00      6.50      0.00      0.00      1.00      0.25      0.00      0.00      0.00
06:28:20 PM     all     93.00      0.00      6.00      0.00      0.00      0.75      0.25      0.00      0.00      0.00
06:28:21 PM     all     28.46      0.00      5.79     11.59      0.00      0.25      0.00      0.00      0.00     53.90
06:28:22 PM     all      0.00      0.00      4.03     16.62      0.00      0.25      0.25      0.00      0.00     78.84
06:28:23 PM     all      0.00      0.00      5.00     17.25      0.00      0.25      0.00      0.00      0.00     77.50
06:28:24 PM     all      0.25      0.00      4.79     17.38      0.00      0.25      0.25      0.00      0.00     77.08
06:28:25 PM     all      0.25      0.00      6.00     19.50      0.00      0.25      0.25      0.00      0.00     73.75
06:28:26 PM     all      0.00      0.00      4.81     19.75      0.00      0.25      0.00      0.00      0.00     75.19
06:28:27 PM     all      0.50      0.00      5.50     19.25      0.00      0.00      0.25      0.00      0.00     74.50
06:28:28 PM     all      0.51      0.00     12.41     12.15      0.00      0.51      0.25      0.00      0.00     74.18
06:28:29 PM     all      0.00      0.00      4.28     18.39      0.00      0.00      0.25      0.00      0.00     77.08
06:28:30 PM     all      0.00      0.00      4.28     18.14      0.00      0.25      0.00      0.00      0.00     77.33
06:28:31 PM     all      0.25      0.00      4.51     17.79      0.00      0.25      0.25      0.00      0.00     76.94
06:28:32 PM     all      0.00      0.00      5.47     18.16      0.00      0.25      0.00      0.00      0.00     76.12
06:28:33 PM     all      0.25      0.00      4.50     19.00      0.00      0.00      0.25      0.00      0.00     76.00
06:28:34 PM     all      0.25      0.00      4.52     18.09      0.00      0.25      0.00      0.00      0.00     76.88
06:28:35 PM     all      0.00      0.00      4.51     19.30      0.00      0.25      0.25      0.00      0.00     75.69
06:28:36 PM     all      0.25      0.00      4.03     17.13      0.00      0.25      0.25      0.00      0.00     78.09
06:28:37 PM     all      0.00      0.00      4.53     18.64      0.00      0.25      0.00      0.00      0.00     76.57
06:28:38 PM     all      0.00      0.00      4.03     18.14      0.00      0.25      0.25      0.00      0.00     77.33
06:28:39 PM     all      0.00      0.00      4.53     17.38      0.00      0.00      0.00      0.00      0.00     78.09
06:28:40 PM     all      0.00      0.00      4.05     17.22      0.00      0.25      0.25      0.00      0.00     78.23
06:28:41 PM     all      0.00      0.00      5.50     16.50      0.00      0.25      0.25      0.00      0.00     77.50
06:28:42 PM     all      0.50      0.00      5.78     17.09      0.00      0.25      0.00      0.00      0.00     76.38
06:28:43 PM     all      0.25      0.00      5.26     16.04      0.00      0.25      0.25      0.00      0.00     77.94
06:28:44 PM     all      0.25      0.00      5.78     13.57      0.00      0.25      0.25      0.00      0.00     79.90
06:28:45 PM     all      0.50      0.00      9.80     11.56      0.00      0.25      0.00      0.00      0.00     77.89
06:28:46 PM     all      0.00      0.00      7.81     16.37      0.00      0.00      0.25      0.00      0.00     75.57
06:28:47 PM     all      0.25      0.00      4.26     18.05      0.00      0.25      0.25      0.00      0.00     76.94
06:28:48 PM     all      0.00      0.00      4.77     17.34      0.00      0.25      0.00      0.00      0.00     77.64
06:28:49 PM     all      0.25      0.00      4.26     17.29      0.00      0.25      0.25      0.00      0.00     77.69
06:28:50 PM     all      0.00      0.00      4.51     16.29      0.00      0.25      0.25      0.00      0.00     78.70
06:28:51 PM     all      0.25      0.00      4.76     16.79      0.00      0.00      0.00      0.00      0.00     78.20
06:28:52 PM     all      0.00      0.00      3.76     17.54      0.00      0.25      0.25      0.00      0.00     78.20
06:28:53 PM     all      0.00      0.00      4.53     18.39      0.00      0.25      0.00      0.00      0.00     76.83
06:28:54 PM     all      0.25      0.00      4.02     18.59      0.00      0.25      0.25      0.00      0.00     76.63
06:28:55 PM     all      0.00      0.00      4.03     17.88      0.00      0.00      0.25      0.00      0.00     77.83
06:28:56 PM     all      0.00      0.00      4.04     17.17      0.00      0.25      0.00      0.00      0.00     78.54
06:28:57 PM     all      0.25      0.00      4.26     14.79      0.00      0.25      0.25      0.00      0.00     80.20
06:28:58 PM     all      0.00      0.00      5.28     14.32      0.00      0.25      0.00      0.00      0.00     80.15
06:28:59 PM     all      0.25      0.00      5.53     16.33      0.00      0.25      0.25      0.00      0.00     77.39
06:29:00 PM     all      1.00      0.00      6.00     19.25      0.00      0.25      0.25      0.00      0.00     73.25
06:29:01 PM     all      0.00      0.00      5.57     16.71      0.00      0.00      0.00      0.00      0.00     77.72
06:29:02 PM     all      0.25      0.00      5.03     18.59      0.00      0.25      0.25      0.00      0.00     75.63
06:29:03 PM     all     25.51      0.00     18.69      8.59      0.00      0.51      0.25      0.00      0.00     46.46
06:29:04 PM     all     89.25      0.00      9.75      0.00      0.00      0.75      0.25      0.00      0.00      0.00
06:29:05 PM     all     93.27      0.00      5.49      0.00      0.00      1.00      0.25      0.00      0.00      0.00
06:29:06 PM     all     91.98      0.00      7.27      0.00      0.00      0.75      0.00      0.00      0.00      0.00
06:29:07 PM     all     93.50      0.00      5.50      0.00      0.00      0.75      0.25      0.00      0.00      0.00
06:29:08 PM     all     92.02      0.00      6.73      0.00      0.00      1.00      0.25      0.00      0.00      0.00
06:29:09 PM     all     92.73      0.00      6.27      0.00      0.00      0.75      0.25      0.00      0.00      0.00
06:29:10 PM     all     90.02      0.00      8.73      0.00      0.00      1.00      0.25      0.00      0.00      0.00
06:29:11 PM     all     91.29      0.00      7.71      0.00      0.00      0.75      0.25      0.00      0.00      0.00
06:29:12 PM     all     92.48      0.00      6.52      0.00      0.00      0.75      0.25      0.00      0.00      0.00
06:29:13 PM     all     92.98      0.00      6.02      0.00      0.00      0.75      0.25      0.00      0.00      0.00
06:29:14 PM     all     92.77      0.00      5.99      0.00      0.00      1.00      0.25      0.00      0.00      0.00
06:29:15 PM     all     93.00      0.00      6.00      0.00      0.00      0.75      0.25      0.00      0.00      0.00
06:29:16 PM     all     88.25      0.00     10.75      0.00      0.00      0.75      0.25      0.00      0.00      0.00
06:29:17 PM     all     91.73      0.00      7.52      0.00      0.00      0.75      0.00      0.00      0.00      0.00
06:29:18 PM     all     90.50      0.00      8.25      0.00      0.00      1.00      0.25      0.00      0.00      0.00
06:29:19 PM     all     90.00      0.00      9.00      0.00      0.00      0.75      0.25      0.00      0.00      0.00
06:29:20 PM     all     91.02      0.00      7.73      0.00      0.00      1.00      0.25      0.00      0.00      0.00
06:29:21 PM     all     92.00      0.00      7.00      0.00      0.00      0.75      0.25      0.00      0.00      0.00
06:29:22 PM     all     84.00      0.00     15.00      0.00      0.00      0.75      0.25      0.00      0.00      0.00
06:29:23 PM     all     89.47      0.00      9.52      0.00      0.00      0.75      0.25      0.00      0.00      0.00
06:29:24 PM     all     92.54      0.00      6.22      0.00      0.00      1.00      0.25      0.00      0.00      0.00
06:29:25 PM     all     93.47      0.00      5.78      0.00      0.00      0.75      0.00      0.00      0.00      0.00
06:29:26 PM     all     91.27      0.00      7.48      0.00      0.00      1.00      0.25      0.00      0.00      0.00
06:29:27 PM     all     92.79      0.00      6.22      0.00      0.00      0.75      0.25      0.00      0.00      0.00
06:29:28 PM     all     92.75      0.00      6.25      0.00      0.00      0.75      0.25      0.00      0.00      0.00
06:29:29 PM     all     89.00      0.00     10.00      0.00      0.00      0.75      0.25      0.00      0.00      0.00
06:29:30 PM     all     93.25      0.00      5.50      0.00      0.00      1.00      0.25      0.00      0.00      0.00
06:29:31 PM     all     93.00      0.00      6.00      0.00      0.00      0.75      0.25      0.00      0.00      0.00
06:29:32 PM     all     92.75      0.00      6.25      0.00      0.00      0.75      0.25      0.00      0.00      0.00
06:29:33 PM     all     58.54      0.00      5.53      4.77      0.00      0.75      0.00      0.00      0.00     30.40
06:29:34 PM     all      0.25      0.00      4.51     17.04      0.00      0.25      0.25      0.00      0.00     77.69
06:29:35 PM     all      0.00      0.00      4.04     17.42      0.00      0.00      0.00      0.00      0.00     78.54
06:29:36 PM     all      0.00      0.00      5.04     17.63      0.00      0.25      0.25      0.00      0.00     76.83
06:29:37 PM     all      0.25      0.00      5.01     19.05      0.00      0.25      0.25      0.00      0.00     75.19
06:29:38 PM     all      0.76      0.00      5.05     17.17      0.00      0.25      0.00      0.00      0.00     76.77
06:29:39 PM     all      0.00      0.00      5.04     16.62      0.00      0.25      0.25      0.00      0.00     77.83
06:29:40 PM     all      0.00      0.00      8.61     13.16      0.00      0.25      0.25      0.00      0.00     77.72
06:29:41 PM     all      0.25      0.00      8.31     14.61      0.00      0.00      0.00      0.00      0.00     76.83
06:29:42 PM     all      0.25      0.00      4.74     15.96      0.00      0.25      0.25      0.00      0.00     78.55
06:29:43 PM     all      0.00      0.00      4.01     19.80      0.00      0.25      0.25      0.00      0.00     75.69
06:29:44 PM     all      1.01      0.00      4.05     16.96      0.00      0.25      0.00      0.00      0.00     77.72
06:29:45 PM     all      0.25      0.00      3.72     23.57      0.00      0.25      0.25      0.00      0.00     71.96
06:29:46 PM     all      0.25      0.00      4.27     18.84      0.00      0.00      0.00      0.00      0.00     76.63
06:29:47 PM     all      0.00      0.00      4.27     17.59      0.00      0.25      0.25      0.00      0.00     77.64
06:29:48 PM     all      0.00      0.00      4.76     18.05      0.00      0.25      0.00      0.00      0.00     76.94
06:29:49 PM     all      0.25      0.00      3.77     17.59      0.00      0.25      0.25      0.00      0.00     77.89
06:29:50 PM     all      0.00      0.00      4.29     18.43      0.00      0.25      0.25      0.00      0.00     76.77
06:29:51 PM     all      1.00      0.00      5.50     20.25      0.00      0.00      0.00      0.00      0.00     73.25
06:29:52 PM     all      0.25      0.00      4.51     18.05      0.00      0.25      0.25      0.00      0.00     76.69
06:29:53 PM     all      0.25      0.00      4.50     18.75      0.00      0.25      0.00      0.00      0.00     76.25
06:29:54 PM     all      0.25      0.00      5.50     18.00      0.00      0.25      0.25      0.00      0.00     75.75
06:29:55 PM     all      0.00      0.00      5.28     19.85      0.00      0.25      0.25      0.00      0.00     74.37
06:29:56 PM     all      0.50      0.00      4.77     20.10      0.00      0.00      0.00      0.00      0.00     74.62
06:29:57 PM     all      0.51      0.00      5.82     18.73      0.00      0.25      0.25      0.00      0.00     74.43
06:29:58 PM     all      0.25      0.00      4.79     17.88      0.00      0.25      0.00      0.00      0.00     76.83
06:29:59 PM     all      0.25      0.00     12.34      9.82      0.00      0.25      0.25      0.00      0.00     77.08
06:30:00 PM     all      1.01      0.00      4.80     17.68      0.00      0.25      0.25      0.00      0.00     76.01
06:30:01 PM     all      0.25      0.00      4.01     18.05      0.00      0.25      0.25      0.00      0.00     77.19
06:30:02 PM     all      0.00      0.00      4.77     19.85      0.00      0.25      0.00      0.00      0.00     75.13
06:30:03 PM     all      0.25      0.00      4.03     16.12      0.00      0.00      0.25      0.00      0.00     79.35
06:30:04 PM     all      0.25      0.00      4.27     16.33      0.00      0.25      0.00      0.00      0.00     78.89
06:30:05 PM     all      0.25      0.00      4.25     15.50      0.00      0.25      0.25      0.00      0.00     79.50
06:30:06 PM     all      0.00      0.00      4.05     16.46      0.00      0.25      0.00      0.00      0.00     79.24
06:30:07 PM     all      0.25      0.00      4.26     19.30      0.00      0.00      0.25      0.00      0.00     75.94
06:30:08 PM     all      0.25      0.00      4.02     18.09      0.00      0.25      0.25      0.00      0.00     77.14
06:30:09 PM     all      0.25      0.00      4.29     19.95      0.00      0.25      0.00      0.00      0.00     75.25
06:30:10 PM     all      0.25      0.00      4.26     17.04      0.00      0.25      0.25      0.00      0.00     77.94
06:30:11 PM     all      0.00      0.00      4.76     19.30      0.00      0.25      0.00      0.00      0.00     75.69
06:30:12 PM     all      0.00      0.00      4.80     15.66      0.00      0.00      0.25      0.00      0.00     79.29
06:30:13 PM     all      0.25      0.00      5.99     16.46      0.00      0.25      0.25      0.00      0.00     76.81
06:30:14 PM     all      0.00      0.00      4.79     18.89      0.00      0.25      0.00      0.00      0.00     76.07
06:30:15 PM     all      0.25      0.00      5.75     18.00      0.00      0.25      0.25      0.00      0.00     75.50
06:30:16 PM     all      0.25      0.00      6.33     17.47      0.00      0.25      0.25      0.00      0.00     75.44
06:30:17 PM     all     71.68      0.00     19.80      0.00      0.00      0.75      0.25      0.00      0.00      7.52
06:30:18 PM     all     93.00      0.00      6.00      0.00      0.00      0.75      0.25      0.00      0.00      0.00
06:30:19 PM     all     92.46      0.00      6.78      0.00      0.00      0.75      0.00      0.00      0.00      0.00
06:30:20 PM     all     92.29      0.00      6.47      0.00      0.00      1.00      0.25      0.00      0.00      0.00
06:30:21 PM     all     92.98      0.00      6.02      0.00      0.00      0.75      0.25      0.00      0.00      0.00
06:30:22 PM     all     92.52      0.00      6.48      0.00      0.00      0.75      0.25      0.00      0.00      0.00
06:30:23 PM     all     89.75      0.00      9.00      0.00      0.00      1.00      0.25      0.00      0.00      0.00
06:30:24 PM     all     90.00      0.00      9.00      0.00      0.00      0.75      0.25      0.00      0.00      0.00
06:30:25 PM     all     92.48      0.00      6.52      0.00      0.00      0.75      0.25      0.00      0.00      0.00
06:30:26 PM     all     92.50      0.00      6.50      0.00      0.00      0.75      0.25      0.00      0.00      0.00
06:30:27 PM     all     91.50      0.00      7.25      0.00      0.00      1.00      0.25      0.00      0.00      0.00
06:30:28 PM     all     90.77      0.00      8.48      0.00      0.00      0.75      0.00      0.00      0.00      0.00
06:30:29 PM     all     89.25      0.00      9.50      0.00      0.00      1.00      0.25      0.00      0.00      0.00
06:30:30 PM     all     86.75      0.00     12.25      0.00      0.00      0.75      0.25      0.00      0.00      0.00
06:30:31 PM     all     88.72      0.00     10.28      0.00      0.00      0.75      0.25      0.00      0.00      0.00
06:30:32 PM     all     89.00      0.00     10.00      0.00      0.00      0.75      0.25      0.00      0.00      0.00
06:30:33 PM     all     88.78      0.00      9.98      0.00      0.00      1.00      0.25      0.00      0.00      0.00
06:30:34 PM     all     89.00      0.00     10.00      0.00      0.00      0.75      0.25      0.00      0.00      0.00
06:30:35 PM     all     86.97      0.00     12.03      0.00      0.00      0.75      0.25      0.00      0.00      0.00
06:30:36 PM     all     84.25      0.00     14.75      0.00      0.00      0.75      0.25      0.00      0.00      0.00
06:30:37 PM     all     87.28      0.00     11.47      0.00      0.00      1.00      0.25      0.00      0.00      0.00
06:30:38 PM     all     88.78      0.00     10.22      0.00      0.00      0.75      0.25      0.00      0.00      0.00
06:30:39 PM     all     91.75      0.00      7.50      0.00      0.00      0.75      0.00      0.00      0.00      0.00
06:30:40 PM     all     90.52      0.00      7.98      0.00      0.00      1.00      0.50      0.00      0.00      0.00
06:30:41 PM     all     91.04      0.00      7.96      0.00      0.00      0.75      0.25      0.00      0.00      0.00
06:30:42 PM     all     90.50      0.00      8.75      0.00      0.00      0.75      0.00      0.00      0.00      0.00
06:30:43 PM     all     87.78      0.00     10.72      0.00      0.00      1.00      0.50      0.00      0.00      0.00
06:30:44 PM     all     90.73      0.00      8.52      0.00      0.00      0.75      0.00      0.00      0.00      0.00
06:30:45 PM     all     91.50      0.00      7.50      0.00      0.00      0.75      0.25      0.00      0.00      0.00
06:30:46 PM     all     89.78      0.00      8.98      0.00      0.00      1.00      0.25      0.00      0.00      0.00
06:30:47 PM     all      8.93      0.00      6.45      9.68      0.00      0.25      0.25      0.00      0.00     74.44
06:30:48 PM     all      0.00      0.00      5.94     17.08      0.00      0.25      0.00      0.00      0.00     76.73
06:30:49 PM     all      0.25      0.00      6.63     15.97      0.00      0.25      0.25      0.00      0.00     76.66
06:30:50 PM     all      0.00      0.00      6.91     15.06      0.00      0.00      0.25      0.00      0.00     77.78
06:30:51 PM     all      0.75      0.00      7.23     14.71      0.00      0.25      0.00      0.00      0.00     77.06
06:30:52 PM     all      0.25      0.00      6.88     18.18      0.00      0.25      0.25      0.00      0.00     74.20
06:30:53 PM     all      0.00      0.00      7.18     18.07      0.00      0.25      0.25      0.00      0.00     74.26
06:30:54 PM     all      0.25      0.00     13.28     10.03      0.00      0.25      0.25      0.00      0.00     75.94
06:30:55 PM     all      0.49      0.00      5.68     15.06      0.00      0.25      0.00      0.00      0.00     78.52
06:30:56 PM     all      0.00      0.00      6.37     18.14      0.00      0.25      0.25      0.00      0.00     75.00
06:30:57 PM     all      0.98      0.00      6.63     18.67      0.00      0.25      0.25      0.00      0.00     73.22
06:30:58 PM     all      0.25      0.00      5.47     17.16      0.00      0.00      0.00      0.00      0.00     77.11
06:30:59 PM     all      0.49      0.00      5.91     13.55      0.00      0.25      0.25      0.00      0.00     79.56
06:31:00 PM     all      1.00      0.00      5.97     15.92      0.00      0.25      0.00      0.00      0.00     76.87
06:31:01 PM     all      0.25      0.00      5.20     16.34      0.00      0.25      0.25      0.00      0.00     77.72
06:31:02 PM     all      0.25      0.00      5.47     17.41      0.00      0.00      0.25      0.00      0.00     76.62
06:31:03 PM     all      0.25      0.00      5.47     18.16      0.00      0.25      0.00      0.00      0.00     75.87
06:31:04 PM     all      0.50      0.00      4.48     17.16      0.00      0.25      0.25      0.00      0.00     77.36
06:31:05 PM     all      0.00      0.00      5.72     14.18      0.00      0.25      0.00      0.00      0.00     79.85
06:31:06 PM     all      0.25      0.00      4.74     15.46      0.00      0.25      0.25      0.00      0.00     79.05
06:31:07 PM     all      0.25      0.00      5.93     16.54      0.00      0.25      0.25      0.00      0.00     76.79
06:31:08 PM     all      0.50      0.00      6.68     18.07      0.00      0.00      0.00      0.00      0.00     74.75
06:31:09 PM     all      1.23      0.00      7.41     16.05      0.00      0.25      0.25      0.00      0.00     74.81
06:31:10 PM     all      0.25      0.00      5.51     18.80      0.00      0.25      0.25      0.00      0.00     74.94
06:31:11 PM     all      0.25      0.00      6.47     17.66      0.00      0.25      0.00      0.00      0.00     75.37
06:31:12 PM     all      0.50      0.00     12.97      9.23      0.00      0.25      0.25      0.00      0.00     76.81
06:31:13 PM     all      0.25      0.00      4.51     16.54      0.00      0.25      0.25      0.00      0.00     78.20
06:31:14 PM     all      0.25      0.00      5.46     17.12      0.00      0.25      0.00      0.00      0.00     76.92
06:31:15 PM     all      0.74      0.00      6.20     17.62      0.00      0.25      0.25      0.00      0.00     74.94
06:31:16 PM     all      0.00      0.00      5.47     17.16      0.00      0.00      0.25      0.00      0.00     77.11
06:31:17 PM     all      0.50      0.00      4.74     16.21      0.00      0.25      0.00      0.00      0.00     78.30
06:31:18 PM     all      0.50      0.00      4.96     17.12      0.00      0.25      0.25      0.00      0.00     76.92
06:31:19 PM     all      0.50      0.00      4.96     17.37      0.00      0.25      0.25      0.00      0.00     76.67
06:31:20 PM     all      0.50      0.00      4.50     16.00      0.00      0.25      0.00      0.00      0.00     78.75
06:31:21 PM     all      0.25      0.00      5.01     17.54      0.00      0.00      0.25      0.00      0.00     76.94
06:31:22 PM     all      0.25      0.00      4.51     18.80      0.00      0.25      0.00      0.00      0.00     76.19
06:31:23 PM     all      0.50      0.00      4.48     15.92      0.00      0.25      0.25      0.00      0.00     78.61
06:31:24 PM     all      0.50      0.00      4.25     17.75      0.00      0.25      0.25      0.00      0.00     77.00
06:31:25 PM     all      0.25      0.00      4.02     17.84      0.00      0.00      0.00      0.00      0.00     77.89
06:31:26 PM     all      0.99      0.00      5.21     19.35      0.00      0.25      0.25      0.00      0.00     73.95
06:31:27 PM     all      0.51      0.00      5.05     17.17      0.00      0.25      0.00      0.00      0.00     77.02
06:31:28 PM     all      0.49      0.00      6.67     17.78      0.00      0.25      0.25      0.00      0.00     74.57
06:31:29 PM     all      0.25      0.00      5.99     15.71      0.00      0.25      0.25      0.00      0.00     77.56
06:31:30 PM     all     52.63      0.00     20.30      3.01      0.00      0.50      0.25      0.00      0.00     23.31
06:31:31 PM     all     92.77      0.00      5.99      0.00      0.00      1.00      0.25      0.00      0.00      0.00
06:31:32 PM     all     92.73      0.00      6.52      0.00      0.00      0.75      0.00      0.00      0.00      0.00
06:31:33 PM     all     93.50      0.00      5.50      0.00      0.00      0.75      0.25      0.00      0.00      0.00
06:31:34 PM     all     93.00      0.00      6.00      0.00      0.00      0.75      0.25      0.00      0.00      0.00
06:31:35 PM     all     91.75      0.00      7.00      0.00      0.00      1.00      0.25      0.00      0.00      0.00
06:31:36 PM     all     88.53      0.00     10.47      0.00      0.00      0.75      0.25      0.00      0.00      0.00
06:31:37 PM     all     92.23      0.00      6.77      0.00      0.00      0.75      0.25      0.00      0.00      0.00
06:31:38 PM     all     92.29      0.00      6.47      0.00      0.00      1.00      0.25      0.00      0.00      0.00
06:31:39 PM     all     92.73      0.00      6.27      0.00      0.00      0.75      0.25      0.00      0.00      0.00
06:31:40 PM     all     92.25      0.00      6.50      0.00      0.00      1.00      0.25      0.00      0.00      0.00
06:31:41 PM     all     91.50      0.00      7.50      0.00      0.00      0.75      0.25      0.00      0.00      0.00
06:31:42 PM     all     88.47      0.00     10.53      0.00      0.00      0.75      0.25      0.00      0.00      0.00
06:31:43 PM     all     91.50      0.00      7.50      0.00      0.00      1.00      0.00      0.00      0.00      0.00
06:31:44 PM     all     91.75      0.00      7.25      0.00      0.00      0.75      0.25      0.00      0.00      0.00
06:31:45 PM     all     90.77      0.00      7.73      0.00      0.00      1.00      0.50      0.00      0.00      0.00
06:31:46 PM     all     90.73      0.00      8.52      0.00      0.00      0.75      0.00      0.00      0.00      0.00
06:31:47 PM     all     90.02      0.00      8.73      0.00      0.00      1.00      0.25      0.00      0.00      0.00
06:31:48 PM     all     87.47      0.00     11.53      0.00      0.00      0.75      0.25      0.00      0.00      0.00
06:31:49 PM     all     85.57      0.00     13.43      0.00      0.00      0.75      0.25      0.00      0.00      0.00
06:31:50 PM     all     91.00      0.00      7.50      0.00      0.00      1.00      0.50      0.00      0.00      0.00
06:31:51 PM     all     93.23      0.00      6.02      0.00      0.00      0.75      0.00      0.00      0.00      0.00
06:31:52 PM     all     93.75      0.00      5.25      0.00      0.00      0.75      0.25      0.00      0.00      0.00
06:31:53 PM     all     91.77      0.00      6.98      0.00      0.00      1.00      0.25      0.00      0.00      0.00
06:31:54 PM     all     88.03      0.00     10.97      0.00      0.00      0.75      0.25      0.00      0.00      0.00
06:31:55 PM     all     92.46      0.00      6.28      0.00      0.00      1.01      0.25      0.00      0.00      0.00
06:31:56 PM     all     92.52      0.00      6.48      0.00      0.00      0.75      0.25      0.00      0.00      0.00
06:31:57 PM     all     93.02      0.00      5.74      0.00      0.00      1.00      0.25      0.00      0.00      0.00
06:31:58 PM     all     93.25      0.00      5.75      0.00      0.00      0.75      0.25      0.00      0.00      0.00
06:31:59 PM     all     90.73      0.00      8.27      0.00      0.00      0.75      0.25      0.00      0.00      0.00
06:32:00 PM     all     29.75      0.00      7.00     13.50      0.00      0.50      0.25      0.00      0.00     49.00
06:32:01 PM     all      0.25      0.00      4.04     13.64      0.00      0.25      0.00      0.00      0.00     81.82
06:32:02 PM     all      0.25      0.00      4.76     15.54      0.00      0.25      0.25      0.00      0.00     78.95
06:32:03 PM     all      0.00      0.00      5.30     18.18      0.00      0.25      0.25      0.00      0.00     76.01
06:32:04 PM     all      0.00      0.00      4.80     17.17      0.00      0.00      0.00      0.00      0.00     78.03
06:32:05 PM     all      0.00      0.00      6.27     16.04      0.00      0.25      0.25      0.00      0.00     77.19
06:32:06 PM     all      0.00      0.00      5.03     16.33      0.00      0.25      0.25      0.00      0.00     78.14
06:32:07 PM     all      0.50      0.00     12.34     11.08      0.00      0.25      0.25      0.00      0.00     75.57
06:32:08 PM     all      0.00      0.00      4.51     16.79      0.00      0.25      0.00      0.00      0.00     78.45
06:32:09 PM     all      0.00      0.00      4.53     16.62      0.00      0.25      0.25      0.00      0.00     78.34
06:32:10 PM     all      0.00      0.00      4.28     17.88      0.00      0.25      0.00      0.00      0.00     77.58
06:32:11 PM     all      0.25      0.00      3.78     16.88      0.00      0.25      0.25      0.00      0.00     78.59
06:32:12 PM     all      0.25      0.00      4.04     15.15      0.00      0.00      0.25      0.00      0.00     80.30
06:32:13 PM     all      0.25      0.00      4.50     17.50      0.00      0.25      0.00      0.00      0.00     77.50
06:32:14 PM     all      0.25      0.00      3.78     17.38      0.00      0.25      0.25      0.00      0.00     78.09
06:32:15 PM     all      0.00      0.00      5.03     12.06      0.00      0.25      0.00      0.00      0.00     82.66
06:32:16 PM     all      0.00      0.00      3.78     17.88      0.00      0.00      0.25      0.00      0.00     78.09
06:32:17 PM     all      0.25      0.00      3.78     15.87      0.00      0.25      0.00      0.00      0.00     79.85
06:32:18 PM     all      0.25      0.00      3.80     19.24      0.00      0.25      0.25      0.00      0.00     76.20
06:32:19 PM     all      0.25      0.00      4.25     16.50      0.00      0.25      0.25      0.00      0.00     78.50
06:32:20 PM     all      0.00      0.00      5.54     18.64      0.00      0.00      0.00      0.00      0.00     75.82
06:32:21 PM     all      1.00      0.00      6.50     19.25      0.00      0.25      0.25      0.00      0.00     72.75
06:32:22 PM     all      0.00      0.00      4.31     19.04      0.00      0.25      0.25      0.00      0.00     76.14
06:32:23 PM     all      0.25      0.00      5.04     17.63      0.00      0.25      0.00      0.00      0.00     76.83
06:32:24 PM     all      0.00      0.00      5.54     15.11      0.00      0.25      0.25      0.00      0.00     78.84
06:32:25 PM     all      0.25      0.00     11.81     11.06      0.00      0.25      0.25      0.00      0.00     76.38
06:32:26 PM     all      0.00      0.00      4.04     16.92      0.00      0.25      0.00      0.00      0.00     78.79
06:32:27 PM     all      0.50      0.00      6.00     16.00      0.00      0.00      0.25      0.00      0.00     77.25
06:32:28 PM     all      0.25      0.00      3.78     16.62      0.00      0.25      0.25      0.00      0.00     78.84
06:32:29 PM     all      0.00      0.00      3.54     16.67      0.00      0.25      0.00      0.00      0.00     79.55
06:32:30 PM     all      0.25      0.00      4.28     19.14      0.00      0.25      0.25      0.00      0.00     75.82
06:32:31 PM     all      0.25      0.00      5.00     17.00      0.00      0.00      0.00      0.00      0.00     77.75
06:32:32 PM     all      0.00      0.00      4.27     17.84      0.00      0.25      0.25      0.00      0.00     77.39
06:32:33 PM     all      0.50      0.00      4.74     19.95      0.00      0.25      0.00      0.00      0.00     74.56
06:32:34 PM     all      0.00      0.00      4.04     17.17      0.00      0.25      0.25      0.00      0.00     78.28
06:32:35 PM     all      0.25      0.00      4.26     17.04      0.00      0.25      0.25      0.00      0.00     77.94
06:32:36 PM     all      0.00      0.00      4.04     17.42      0.00      0.00      0.00      0.00      0.00     78.54
06:32:37 PM     all      0.25      0.00      4.28     16.62      0.00      0.25      0.25      0.00      0.00     78.34
06:32:38 PM     all      0.00      0.00      5.54     15.11      0.00      0.25      0.00      0.00      0.00     79.09
06:32:39 PM     all      1.25      0.00      6.25     17.00      0.00      0.25      0.25      0.00      0.00     75.00
06:32:40 PM     all      0.25      0.00      5.72     17.16      0.00      0.25      0.25      0.00      0.00     76.37
06:32:41 PM     all      0.00      0.00      6.02     19.30      0.00      0.25      0.00      0.00      0.00     74.44
06:32:42 PM     all     16.12      0.00     15.62     10.08      0.00      0.25      0.25      0.00      0.00     57.68
06:32:43 PM     all     88.28      0.00     10.47      0.25      0.00      0.75      0.25      0.00      0.00      0.00
06:32:44 PM     all     92.79      0.00      5.97      0.00      0.00      1.00      0.25      0.00      0.00      0.00
06:32:45 PM     all     92.25      0.00      6.25      0.00      0.00      1.00      0.50      0.00      0.00      0.00
06:32:46 PM     all     94.24      0.00      5.01      0.00      0.00      0.75      0.00      0.00      0.00      0.00
06:32:47 PM     all     92.25      0.00      6.75      0.00      0.00      0.75      0.25      0.00      0.00      0.00
06:32:48 PM     all     90.75      0.00      8.25      0.00      0.00      0.75      0.25      0.00      0.00      0.00
06:32:49 PM     all     89.00      0.00     10.00      0.00      0.00      0.75      0.25      0.00      0.00      0.00
06:32:50 PM     all     92.75      0.00      6.00      0.00      0.00      1.00      0.25      0.00      0.00      0.00
06:32:51 PM     all     92.23      0.00      6.77      0.00      0.00      0.75      0.25      0.00      0.00      0.00
06:32:52 PM     all     93.27      0.00      5.49      0.00      0.00      1.00      0.25      0.00      0.00      0.00
06:32:53 PM     all     92.52      0.00      6.48      0.00      0.00      0.75      0.25      0.00      0.00      0.00
06:32:54 PM     all     91.00      0.00      7.75      0.00      0.00      1.00      0.25      0.00      0.00      0.00
06:32:55 PM     all     88.50      0.00     10.50      0.00      0.00      0.75      0.25      0.00      0.00      0.00
06:32:56 PM     all     91.25      0.00      7.75      0.00      0.00      0.75      0.25      0.00      0.00      0.00
06:32:57 PM     all     92.02      0.00      7.23      0.00      0.00      0.75      0.00      0.00      0.00      0.00
06:32:58 PM     all     93.00      0.00      6.00      0.00      0.00      0.75      0.25      0.00      0.00      0.00
06:32:59 PM     all     91.27      0.00      7.73      0.00      0.00      0.75      0.25      0.00      0.00      0.00
06:33:00 PM     all     89.72      0.00      9.02      0.00      0.00      1.00      0.25      0.00      0.00      0.00
06:33:01 PM     all     90.27      0.00      8.73      0.00      0.00      0.75      0.25      0.00      0.00      0.00
06:33:02 PM     all     84.96      0.00     14.04      0.00      0.00      0.75      0.25      0.00      0.00      0.00
06:33:03 PM     all     92.75      0.00      6.25      0.00      0.00      0.75      0.25      0.00      0.00      0.00
06:33:04 PM     all     92.02      0.00      6.98      0.00      0.00      1.00      0.00      0.00      0.00      0.00
06:33:05 PM     all     92.50      0.00      6.50      0.00      0.00      0.75      0.25      0.00      0.00      0.00
06:33:06 PM     all     91.52      0.00      7.48      0.00      0.00      0.75      0.25      0.00      0.00      0.00
06:33:07 PM     all     91.73      0.00      7.27      0.00      0.00      0.75      0.25      0.00      0.00      0.00
06:33:08 PM     all     89.78      0.00      8.98      0.00      0.00      1.00      0.25      0.00      0.00      0.00
06:33:09 PM     all     91.25      0.00      7.75      0.00      0.00      0.75      0.25      0.00      0.00      0.00
06:33:10 PM     all     92.04      0.00      6.72      0.00      0.00      1.00      0.25      0.00      0.00      0.00
06:33:11 PM     all     93.48      0.00      5.76      0.00      0.00      0.75      0.00      0.00      0.00      0.00
06:33:12 PM     all     69.42      0.00      7.52      4.01      0.00      0.75      0.25      0.00      0.00     18.05
06:33:13 PM     all      0.25      0.00      4.26     18.30      0.00      0.25      0.25      0.00      0.00     76.69
06:33:14 PM     all      0.00      0.00      3.77     18.09      0.00      0.00      0.25      0.00      0.00     77.89
06:33:15 PM     all      1.01      0.00      4.79     17.38      0.00      0.25      0.00      0.00      0.00     76.57
06:33:16 PM     all      0.25      0.00      5.51     16.79      0.00      0.25      0.25      0.00      0.00     76.94
06:33:17 PM     all      0.00      0.00      5.26     13.53      0.00      0.25      0.25      0.00      0.00     80.70
06:33:18 PM     all      0.00      0.00      5.04     16.62      0.00      0.25      0.00      0.00      0.00     78.09
06:33:19 PM     all      0.25      0.00      6.23     14.21      0.00      0.25      0.25      0.00      0.00     78.80
06:33:20 PM     all      0.50      0.00      4.77     13.32      0.00      0.25      0.00      0.00      0.00     81.16
06:33:21 PM     all      0.51      0.00     12.44      9.90      0.00      0.00      0.25      0.00      0.00     76.90
06:33:22 PM     all      0.25      0.00      4.02     17.59      0.00      0.25      0.25      0.00      0.00     77.64
06:33:23 PM     all      0.25      0.00      4.50     14.50      0.00      0.25      0.25      0.00      0.00     80.25
06:33:24 PM     all      0.00      0.00      4.29     16.67      0.00      0.25      0.00      0.00      0.00     78.79
06:33:25 PM     all      0.00      0.00      5.22     14.68      0.00      0.25      0.25      0.00      0.00     79.60
06:33:26 PM     all      0.00      0.00      3.76     15.29      0.00      0.00      0.00      0.00      0.00     80.95
06:33:27 PM     all      0.74      0.00      5.96     15.88      0.00      0.25      0.25      0.00      0.00     76.92
06:33:28 PM     all      0.00      0.00      4.29     14.90      0.00      0.25      0.00      0.00      0.00     80.56
06:33:29 PM     all      0.25      0.00      4.02     16.08      0.00      0.25      0.25      0.00      0.00     79.15
06:33:30 PM     all      0.00      0.00      4.76     14.79      0.00      0.25      0.25      0.00      0.00     79.95
06:33:31 PM     all      0.25      0.00      4.04     15.91      0.00      0.00      0.00      0.00      0.00     79.80
06:33:32 PM     all      0.00      0.00      4.75     14.00      0.00      0.25      0.25      0.00      0.00     80.75
06:33:33 PM     all      0.25      0.00      4.05     17.22      0.00      0.25      0.00      0.00      0.00     78.23
06:33:34 PM     all      0.00      0.00      4.30     16.96      0.00      0.25      0.25      0.00      0.00     78.23
06:33:35 PM     all      0.25      0.00      5.53     17.59      0.00      0.25      0.25      0.00      0.00     76.13
06:33:36 PM     all      0.25      0.00      5.49     14.71      0.00      0.25      0.00      0.00      0.00     79.30
06:33:37 PM     all      0.25      0.00      5.53     15.33      0.00      0.00      0.25      0.00      0.00     78.64
06:33:38 PM     all      0.50      0.00      8.82     13.60      0.00      0.25      0.25      0.00      0.00     76.57
06:33:39 PM     all      1.00      0.00      8.27     13.53      0.00      0.25      0.25      0.00      0.00     76.69
06:33:40 PM     all      0.25      0.00      3.80     16.20      0.00      0.25      0.00      0.00      0.00     79.49
06:33:41 PM     all      0.00      0.00      4.52     15.33      0.00      0.25      0.25      0.00      0.00     79.65
06:33:42 PM     all      0.25      0.00      4.52     13.82      0.00      0.25      0.00      0.00      0.00     81.16
06:33:43 PM     all      0.00      0.00      4.50     18.50      0.00      0.25      0.25      0.00      0.00     76.50
06:33:44 PM     all      0.25      0.00      4.52     15.58      0.00      0.00      0.25      0.00      0.00     79.40
06:33:45 PM     all      0.25      0.00      4.52     15.08      0.00      0.25      0.00      0.00      0.00     79.90
06:33:46 PM     all      0.25      0.00      4.25     12.75      0.00      0.25      0.25      0.00      0.00     82.25
06:33:47 PM     all      0.25      0.00      4.27     17.34      0.00      0.25      0.00      0.00      0.00     77.89
06:33:48 PM     all      0.25      0.00      4.52     14.57      0.00      0.25      0.25      0.00      0.00     80.15
06:33:49 PM     all      0.00      0.00      4.28     16.12      0.00      0.00      0.25      0.00      0.00     79.35
06:33:50 PM     all      0.25      0.00      3.79     16.41      0.00      0.25      0.00      0.00      0.00     79.29
06:33:51 PM     all      0.00      0.00      5.28     16.08      0.00      0.25      0.25      0.00      0.00     78.14
06:33:52 PM     all      0.25      0.00      5.74     16.71      0.00      0.25      0.25      0.00      0.00     76.81
06:33:53 PM     all      0.00      0.00      4.31     18.02      0.00      0.00      0.00      0.00      0.00     77.66
06:33:54 PM     all      0.25      0.00      5.04     17.63      0.00      0.25      0.25      0.00      0.00     76.57
06:33:55 PM     all      0.00      0.00      5.79     17.13      0.00      0.25      0.00      0.00      0.00     76.83
06:33:56 PM     all     42.46      0.00     20.35      3.77      0.00      0.75      0.25      0.00      0.00     32.41
06:33:57 PM     all     92.75      0.00      6.25      0.00      0.00      0.75      0.25      0.00      0.00      0.00
06:33:58 PM     all     93.25      0.00      5.75      0.00      0.00      0.75      0.25      0.00      0.00      0.00
06:33:59 PM     all     93.00      0.00      6.00      0.00      0.00      0.75      0.25      0.00      0.00      0.00
06:34:00 PM     all     92.25      0.00      6.50      0.00      0.00      1.00      0.25      0.00      0.00      0.00
06:34:01 PM     all     92.48      0.00      6.77      0.00      0.00      0.75      0.00      0.00      0.00      0.00
06:34:02 PM     all     89.28      0.00      9.73      0.00      0.00      0.75      0.25      0.00      0.00      0.00
06:34:03 PM     all     90.00      0.00      9.00      0.00      0.00      0.75      0.25      0.00      0.00      0.00
06:34:04 PM     all     92.79      0.00      5.97      0.00      0.00      1.00      0.25      0.00      0.00      0.00
06:34:05 PM     all     93.73      0.00      5.26      0.00      0.00      0.75      0.25      0.00      0.00      0.00
06:34:06 PM     all     93.28      0.00      5.72      0.00      0.00      0.75      0.25      0.00      0.00      0.00
06:34:07 PM     all     93.23      0.00      6.02      0.00      0.00      0.75      0.00      0.00      0.00      0.00
06:34:08 PM     all     91.25      0.00      7.75      0.00      0.00      0.75      0.25      0.00      0.00      0.00
06:34:09 PM     all     88.75      0.00     10.25      0.00      0.00      0.75      0.25      0.00      0.00      0.00
06:34:10 PM     all     91.27      0.00      7.48      0.00      0.00      1.00      0.25      0.00      0.00      0.00
06:34:11 PM     all     91.25      0.00      7.75      0.00      0.00      0.75      0.25      0.00      0.00      0.00
06:34:12 PM     all     91.48      0.00      7.52      0.00      0.00      0.75      0.25      0.00      0.00      0.00
06:34:13 PM     all     91.54      0.00      6.97      0.00      0.00      1.00      0.25      0.00      0.00      0.25
06:34:14 PM     all     83.21      0.00     15.79      0.00      0.00      0.75      0.25      0.00      0.00      0.00
06:34:15 PM     all     91.00      0.00      8.00      0.00      0.00      0.75      0.25      0.00      0.00      0.00
06:34:16 PM     all     91.00      0.00      8.00      0.00      0.00      0.75      0.25      0.00      0.00      0.00
06:34:17 PM     all     91.77      0.00      7.48      0.00      0.00      0.75      0.00      0.00      0.00      0.00
06:34:18 PM     all     91.75      0.00      7.00      0.00      0.00      1.00      0.25      0.00      0.00      0.00
06:34:19 PM     all     91.98      0.00      7.02      0.00      0.00      0.75      0.25      0.00      0.00      0.00
06:34:20 PM     all     90.98      0.00      8.02      0.00      0.00      0.75      0.25      0.00      0.00      0.00
Average:        all     37.78      0.00      6.53     10.23      0.00      0.46      0.19      0.00      0.00     44.81
