Linux 4.9.253-tegra (nano-desktop) 	08/16/2023 	_aarch64_	(4 CPU)

07:03:27 PM     CPU      %usr     %nice      %sys   %iowait    %steal      %irq     %soft    %guest    %gnice     %idle
07:03:28 PM     all      0.25      0.00     15.58     18.34      0.00      0.25      0.25      0.00      0.00     65.33
07:03:29 PM     all      0.00      0.00      4.77     16.33      0.00      0.25      0.00      0.00      0.00     78.64
07:03:30 PM     all      0.50      0.00      4.22     17.12      0.00      0.25      0.25      0.00      0.00     77.67
07:03:31 PM     all      0.00      0.00      4.03     16.12      0.00      0.25      0.00      0.00      0.00     79.60
07:03:32 PM     all      0.25      0.00      5.22     15.92      0.00      0.00      0.25      0.00      0.00     78.36
07:03:33 PM     all      0.25      0.00      4.04     17.17      0.00      0.25      0.25      0.00      0.00     78.03
07:03:34 PM     all      0.25      0.00      4.01     17.04      0.00      0.25      0.00      0.00      0.00     78.45
07:03:35 PM     all      0.00      0.00      4.52     17.59      0.00      0.25      0.25      0.00      0.00     77.39
07:03:36 PM     all      0.25      0.00      4.28     18.39      0.00      0.00      0.00      0.00      0.00     77.08
07:03:37 PM     all      0.00      0.00      4.52     15.33      0.00      0.25      0.25      0.00      0.00     79.65
07:03:38 PM     all      0.00      0.00      3.30     17.51      0.00      0.25      0.00      0.00      0.00     78.93
07:03:39 PM     all      0.00      0.00      4.76     19.05      0.00      0.25      0.25      0.00      0.00     75.69
07:03:40 PM     all      0.00      0.00      2.28     19.49      0.00      0.00      0.00      0.00      0.00     78.23
07:03:41 PM     all      0.25      0.00      4.01     18.80      0.00      0.25      0.25      0.00      0.00     76.44
07:03:42 PM     all      0.00      0.00      4.05     16.96      0.00      0.25      0.00      0.00      0.00     78.73
07:03:43 PM     all      0.25      0.00      5.50     15.50      0.00      0.25      0.25      0.00      0.00     78.25
07:03:44 PM     all      0.00      0.00      5.04     16.62      0.00      0.25      0.25      0.00      0.00     77.83
07:03:45 PM     all      0.50      0.00     13.57     10.05      0.00      0.25      0.25      0.00      0.00     75.38
07:03:46 PM     all      0.00      0.00      3.79     16.16      0.00      0.25      0.00      0.00      0.00     79.80
07:03:47 PM     all      0.00      0.00      3.80     15.44      0.00      0.00      0.25      0.00      0.00     80.51
07:03:48 PM     all      0.25      0.00      3.79     16.41      0.00      0.25      0.00      0.00      0.00     79.29
07:03:49 PM     all      0.25      0.00      3.79     16.41      0.00      0.25      0.25      0.00      0.00     79.04
07:03:50 PM     all      0.00      0.00      4.04     13.89      0.00      0.25      0.00      0.00      0.00     81.82
07:03:51 PM     all      0.50      0.00      4.52     18.84      0.00      0.25      0.25      0.00      0.00     75.63
07:03:52 PM     all      0.25      0.00      4.04     16.67      0.00      0.00      0.00      0.00      0.00     79.04
07:03:53 PM     all      0.00      0.00      4.52     16.08      0.00      0.25      0.25      0.00      0.00     78.89
07:03:54 PM     all      0.00      0.00      4.52     16.83      0.00      0.25      0.00      0.00      0.00     78.39
07:03:55 PM     all      0.25      0.00      4.03     16.62      0.00      0.25      0.25      0.00      0.00     78.59
07:03:56 PM     all      0.00      0.00      4.53     16.62      0.00      0.00      0.25      0.00      0.00     78.59
07:03:57 PM     all      0.25      0.00      4.52     17.84      0.00      0.25      0.00      0.00      0.00     77.14
07:03:58 PM     all      0.00      0.00      5.46     18.11      0.00      0.25      0.25      0.00      0.00     75.93
07:03:59 PM     all      0.25      0.00      4.04     17.17      0.00      0.25      0.00      0.00      0.00     78.28
07:04:00 PM     all      0.50      0.00      5.50     17.25      0.00      0.25      0.25      0.00      0.00     76.25
07:04:01 PM     all      0.75      0.00      6.50     15.75      0.00      0.25      0.25      0.00      0.00     76.50
07:04:02 PM     all      1.25      0.00     50.88      5.51      0.00      0.25      0.25      0.00      0.00     41.85
07:04:03 PM     all      2.27      0.00     87.15      8.82      0.00      0.76      0.50      0.00      0.00      0.50
07:04:04 PM     all      2.75      0.00     86.75      8.75      0.00      0.50      0.75      0.00      0.00      0.50
07:04:05 PM     all      2.76      0.00     85.96      9.52      0.00      0.50      0.50      0.00      0.00      0.75
07:04:06 PM     all      2.76      0.00     86.97      8.77      0.00      0.50      0.75      0.00      0.00      0.25
07:04:07 PM     all      3.05      0.00     86.55      9.14      0.00      0.51      0.51      0.00      0.00      0.25
07:04:08 PM     all      2.53      0.00     86.11      9.85      0.00      0.51      0.51      0.00      0.00      0.51
07:04:09 PM     all      2.74      0.00     86.03      9.23      0.00      0.75      0.75      0.00      0.00      0.50
07:04:10 PM     all      2.24      0.00     86.82      9.45      0.00      0.50      0.50      0.00      0.00      0.50
07:04:11 PM     all      2.78      0.00     86.33      8.86      0.00      0.51      0.76      0.00      0.00      0.76
07:04:12 PM     all      2.51      0.00     85.93     10.05      0.00      0.50      0.50      0.00      0.00      0.50
07:04:13 PM     all      2.23      0.00     86.63      9.65      0.00      0.74      0.74      0.00      0.00      0.00
07:04:14 PM     all      2.26      0.00     86.68      9.55      0.00      0.50      0.50      0.00      0.00      0.50
07:04:15 PM     all      2.76      0.00     85.71      9.52      0.00      0.50      0.75      0.00      0.00      0.75
07:04:16 PM     all      2.23      0.00     86.60      9.93      0.00      0.50      0.50      0.00      0.00      0.25
07:04:17 PM     all      2.26      0.00     86.93      9.30      0.00      0.50      0.75      0.00      0.00      0.25
07:04:18 PM     all      2.26      0.00     87.19      9.30      0.00      0.50      0.50      0.00      0.00      0.25
07:04:19 PM     all      2.73      0.00     86.10      9.43      0.00      0.74      0.50      0.00      0.00      0.50
07:04:20 PM     all      1.49      0.00     91.79      4.98      0.00      0.50      0.75      0.00      0.00      0.50
07:04:21 PM     all      2.26      0.00     89.97      6.52      0.00      0.50      0.50      0.00      0.00      0.25
07:04:22 PM     all      3.00      0.00     85.75      9.50      0.00      0.50      0.50      0.00      0.00      0.75
07:04:23 PM     all      2.95      0.00     86.00      9.34      0.00      0.74      0.74      0.00      0.00      0.25
07:04:24 PM     all      1.77      0.00     88.13      8.84      0.00      0.25      0.51      0.00      0.00      0.51
07:04:25 PM     all      2.74      0.00     83.58     11.19      0.00      0.75      0.75      0.00      0.00      1.00
07:04:26 PM     all      2.25      0.00     87.00      9.25      0.00      0.50      0.50      0.00      0.00      0.50
07:04:27 PM     all      1.51      0.00     86.90      9.57      0.00      0.50      0.50      0.00      0.00      1.01
07:04:28 PM     all      1.74      0.00     88.34      7.94      0.00      0.50      0.74      0.00      0.00      0.74
07:04:29 PM     all      2.76      0.00     85.93      9.80      0.00      0.75      0.50      0.00      0.00      0.25
07:04:30 PM     all      2.73      0.00     85.86      9.68      0.00      0.50      0.74      0.00      0.00      0.50
07:04:31 PM     all      2.49      0.00     86.78      8.98      0.00      0.50      0.50      0.00      0.00      0.75
07:04:32 PM     all      1.48      0.00     51.72     13.30      0.00      0.25      0.49      0.00      0.00     32.76
07:04:33 PM     all      0.25      0.00      4.77     15.58      0.00      0.25      0.00      0.00      0.00     79.15
07:04:34 PM     all      0.00      0.00      4.26     16.54      0.00      0.25      0.25      0.00      0.00     78.70
07:04:35 PM     all      0.25      0.00      5.21     15.63      0.00      0.25      0.25      0.00      0.00     78.41
07:04:36 PM     all      0.25      0.00      5.75     17.25      0.00      0.25      0.00      0.00      0.00     76.50
07:04:37 PM     all      0.00      0.00      5.97     17.16      0.00      0.25      0.25      0.00      0.00     76.37
07:04:38 PM     all      0.50      0.00     14.25     10.25      0.00      0.25      0.25      0.00      0.00     74.50
07:04:39 PM     all      0.00      0.00      5.04     15.11      0.00      0.00      0.00      0.00      0.00     79.85
07:04:40 PM     all      0.25      0.00      4.01     17.79      0.00      0.25      0.25      0.00      0.00     77.44
07:04:41 PM     all      0.25      0.00      5.68     14.81      0.00      0.25      0.25      0.00      0.00     78.77
07:04:42 PM     all      0.00      0.00      5.49     14.96      0.00      0.25      0.00      0.00      0.00     79.30
07:04:43 PM     all      0.49      0.00      4.20     16.05      0.00      0.25      0.25      0.00      0.00     78.77
07:04:44 PM     all      0.00      0.00      5.19     17.04      0.00      0.00      0.00      0.00      0.00     77.78
07:04:45 PM     all      0.49      0.00      5.65     14.25      0.00      0.25      0.25      0.00      0.00     79.12
07:04:46 PM     all      0.25      0.00      4.74     16.96      0.00      0.25      0.25      0.00      0.00     77.56
07:04:47 PM     all      0.25      0.00      5.24     17.46      0.00      0.25      0.00      0.00      0.00     76.81
07:04:48 PM     all      0.74      0.00      5.42     15.76      0.00      0.00      0.25      0.00      0.00     77.83
07:04:49 PM     all      0.25      0.00      5.91     15.52      0.00      0.25      0.25      0.00      0.00     77.83
07:04:50 PM     all      0.00      0.00      5.71     15.88      0.00      0.25      0.00      0.00      0.00     78.16
07:04:51 PM     all      0.49      0.00      6.83     15.85      0.00      0.24      0.24      0.00      0.00     76.34
07:04:52 PM     all      0.25      0.00      6.37     15.44      0.00      0.25      0.00      0.00      0.00     77.70
07:04:53 PM     all      0.25      0.00      5.67     16.01      0.00      0.25      0.25      0.00      0.00     77.59
07:04:54 PM     all      0.25      0.00      5.01     14.04      0.00      0.00      0.25      0.00      0.00     80.45
07:04:55 PM     all      0.49      0.00      6.63     16.95      0.00      0.25      0.00      0.00      0.00     75.68
07:04:56 PM     all      0.25      0.00      6.67     17.04      0.00      0.25      0.25      0.00      0.00     75.56
07:04:57 PM     all      0.74      0.00     13.86     10.15      0.00      0.25      0.25      0.00      0.00     74.75
07:04:58 PM     all      0.25      0.00      5.19     15.80      0.00      0.25      0.25      0.00      0.00     78.27
07:04:59 PM     all      0.00      0.00      6.17     15.80      0.00      0.25      0.00      0.00      0.00     77.78
07:05:00 PM     all      0.74      0.00      5.45     13.86      0.00      0.00      0.25      0.00      0.00     79.70
07:05:01 PM     all      0.99      0.00      6.17     16.30      0.00      0.25      0.00      0.00      0.00     76.30
07:05:02 PM     all      0.25      0.00      6.40     18.47      0.00      0.25      0.25      0.00      0.00     74.38
07:05:03 PM     all      0.49      0.00      5.65     15.23      0.00      0.25      0.25      0.00      0.00     78.13
07:05:04 PM     all      0.25      0.00      5.91     13.55      0.00      0.25      0.00      0.00      0.00     80.05
07:05:05 PM     all      0.25      0.00      5.69     14.11      0.00      0.25      0.25      0.00      0.00     79.46
07:05:06 PM     all      0.50      0.00      4.70     18.32      0.00      0.00      0.00      0.00      0.00     76.49
07:05:07 PM     all      0.25      0.00      4.70     17.08      0.00      0.25      0.25      0.00      0.00     77.48
07:05:08 PM     all      0.25      0.00      4.46     17.82      0.00      0.25      0.25      0.00      0.00     76.98
07:05:09 PM     all      0.00      0.00      5.00     14.25      0.00      0.00      0.00      0.00      0.00     80.75
07:05:10 PM     all      0.25      0.00      4.98     17.41      0.00      0.25      0.25      0.00      0.00     76.87
07:05:11 PM     all      0.25      0.00      4.49     15.21      0.00      0.25      0.00      0.00      0.00     79.80
07:05:12 PM     all      0.50      0.00      4.96     15.63      0.00      0.25      0.25      0.00      0.00     78.41
07:05:13 PM     all      0.25      0.00      4.96     17.87      0.00      0.25      0.25      0.00      0.00     76.43
07:05:14 PM     all      0.50      0.00      5.75     16.00      0.00      0.25      0.00      0.00      0.00     77.50
07:05:15 PM     all      0.25      0.00      5.99     17.96      0.00      0.00      0.25      0.00      0.00     75.56
07:05:16 PM     all      0.74      0.00     13.37     16.34      0.00      0.25      0.25      0.00      0.00     69.06
07:05:17 PM     all      2.00      0.00     92.27      4.24      0.00      0.75      0.50      0.00      0.00      0.25
07:05:18 PM     all      2.25      0.00     87.75      8.75      0.00      0.50      0.50      0.00      0.00      0.25
07:05:19 PM     all      2.49      0.00     87.56      8.21      0.00      0.50      0.75      0.00      0.00      0.50
07:05:20 PM     all      2.50      0.00     86.50      9.00      0.00      0.50      0.50      0.00      0.00      1.00
07:05:21 PM     all      2.99      0.00     87.06      8.21      0.00      0.50      0.50      0.00      0.00      0.75
07:05:22 PM     all      2.24      0.00     87.28      8.73      0.00      0.50      0.75      0.00      0.00      0.50
07:05:23 PM     all      2.73      0.00     86.85      8.93      0.00      0.50      0.50      0.00      0.00      0.50
07:05:24 PM     all      2.27      0.00     88.16      7.05      0.00      0.76      0.76      0.00      0.00      1.01
07:05:25 PM     all      2.26      0.00     87.44      8.54      0.00      0.50      0.50      0.00      0.00      0.75
07:05:26 PM     all      2.51      0.00     86.72      8.77      0.00      0.50      0.50      0.00      0.00      1.00
07:05:27 PM     all      1.49      0.00     88.86      7.92      0.00      0.50      0.74      0.00      0.00      0.50
07:05:28 PM     all      3.26      0.00     86.47      8.27      0.00      0.50      0.50      0.00      0.00      1.00
07:05:29 PM     all      2.75      0.00     86.00      9.50      0.00      0.50      0.75      0.00      0.00      0.50
07:05:30 PM     all      2.78      0.00     86.33      9.37      0.00      0.76      0.51      0.00      0.00      0.25
07:05:31 PM     all      2.26      0.00     85.96     10.53      0.00      0.50      0.50      0.00      0.00      0.25
07:05:32 PM     all      2.53      0.00     82.58     13.64      0.00      0.51      0.76      0.00      0.00      0.00
07:05:33 PM     all      2.26      0.00     88.22      7.77      0.00      0.50      0.50      0.00      0.00      0.75
07:05:34 PM     all      2.53      0.00     88.35      7.59      0.00      0.51      0.51      0.00      0.00      0.51
07:05:35 PM     all      1.99      0.00     86.85      9.43      0.00      0.50      0.74      0.00      0.00      0.50
07:05:36 PM     all      2.76      0.00     93.23      2.26      0.00      0.75      0.50      0.00      0.00      0.50
07:05:37 PM     all      2.75      0.00     88.00      8.00      0.00      0.50      0.50      0.00      0.00      0.25
07:05:38 PM     all      2.73      0.00     88.59      6.95      0.00      0.50      0.74      0.00      0.00      0.50
07:05:39 PM     all      2.72      0.00     83.91     11.63      0.00      0.50      0.50      0.00      0.00      0.74
07:05:40 PM     all      2.00      0.00     86.00     10.75      0.00      0.50      0.50      0.00      0.00      0.25
07:05:41 PM     all      3.03      0.00     87.12      8.33      0.00      0.51      0.76      0.00      0.00      0.25
07:05:42 PM     all      1.25      0.00     87.50      9.50      0.00      0.75      0.50      0.00      0.00      0.50
07:05:43 PM     all      2.54      0.00     86.04      9.64      0.00      0.51      0.76      0.00      0.00      0.51
07:05:44 PM     all      3.28      0.00     87.12      8.33      0.00      0.51      0.51      0.00      0.00      0.25
07:05:45 PM     all      2.27      0.00     89.67      6.80      0.00      0.50      0.50      0.00      0.00      0.25
07:05:46 PM     all      2.52      0.00     83.63      9.07      0.00      0.50      0.76      0.00      0.00      3.53
07:05:47 PM     all      0.00      0.00      4.02     15.83      0.00      0.25      0.00      0.00      0.00     79.90
07:05:48 PM     all      0.25      0.00      3.28     16.41      0.00      0.25      0.25      0.00      0.00     79.55
07:05:49 PM     all      0.25      0.00      3.53     15.87      0.00      0.25      0.00      0.00      0.00     80.10
07:05:50 PM     all      0.25      0.00      2.53     17.68      0.00      0.00      0.25      0.00      0.00     79.29
07:05:51 PM     all      0.75      0.00      4.01     17.29      0.00      0.25      0.00      0.00      0.00     77.69
07:05:52 PM     all      0.00      0.00      3.77     18.84      0.00      0.25      0.25      0.00      0.00     76.88
07:05:53 PM     all      0.00      0.00      4.04     16.92      0.00      0.00      0.25      0.00      0.00     78.79
07:05:54 PM     all      0.25      0.00      4.80     17.93      0.00      0.25      0.00      0.00      0.00     76.77
07:05:55 PM     all      0.00      0.00      4.28     17.88      0.00      0.25      0.25      0.00      0.00     77.33
07:05:56 PM     all      0.25      0.00     13.35      9.82      0.00      0.25      0.25      0.00      0.00     76.07
07:05:57 PM     all      0.00      0.00      3.02     19.65      0.00      0.25      0.00      0.00      0.00     77.08
07:05:58 PM     all      0.25      0.00      4.02     15.58      0.00      0.25      0.25      0.00      0.00     79.65
07:05:59 PM     all      0.25      0.00      3.54     15.91      0.00      0.00      0.00      0.00      0.00     80.30
07:06:00 PM     all      0.75      0.00      4.52     16.08      0.00      0.25      0.25      0.00      0.00     78.14
07:06:01 PM     all      0.75      0.00      4.75     16.25      0.00      0.25      0.25      0.00      0.00     77.75
07:06:02 PM     all      0.00      0.00      4.76     17.04      0.00      0.25      0.00      0.00      0.00     77.94
07:06:03 PM     all      0.25      0.00      4.00     15.00      0.00      0.25      0.25      0.00      0.00     80.25
07:06:04 PM     all      0.25      0.00      4.27     18.34      0.00      0.25      0.00      0.00      0.00     76.88
07:06:05 PM     all      0.00      0.00      4.27     16.08      0.00      0.00      0.25      0.00      0.00     79.40
07:06:06 PM     all      0.25      0.00      4.25     17.25      0.00      0.25      0.25      0.00      0.00     77.75
07:06:07 PM     all      0.00      0.00      4.76     14.54      0.00      0.25      0.00      0.00      0.00     80.45
07:06:08 PM     all      0.25      0.00      4.02     16.83      0.00      0.25      0.25      0.00      0.00     78.39
07:06:09 PM     all      0.25      0.00      3.28     16.92      0.00      0.00      0.00      0.00      0.00     79.55
07:06:10 PM     all      0.00      0.00      4.75     16.25      0.00      0.25      0.25      0.00      0.00     78.50
07:06:11 PM     all      0.25      0.00      4.01     17.29      0.00      0.25      0.25      0.00      0.00     77.94
07:06:12 PM     all      0.25      0.00      4.05     17.97      0.00      0.25      0.00      0.00      0.00     77.47
07:06:13 PM     all      0.25      0.00      5.99     17.71      0.00      0.25      0.25      0.00      0.00     75.56
07:06:14 PM     all      0.75      0.00      5.28     16.83      0.00      0.25      0.25      0.00      0.00     76.63
07:06:15 PM     all      0.50      0.00     12.59     10.08      0.00      0.25      0.25      0.00      0.00     76.32
07:06:16 PM     all      0.25      0.00      3.78     13.85      0.00      0.25      0.00      0.00      0.00     81.86
07:06:17 PM     all      0.00      0.00      3.50     19.50      0.00      0.00      0.25      0.00      0.00     76.75
07:06:18 PM     all      0.25      0.00      4.03     17.38      0.00      0.50      0.00      0.00      0.00     77.83
07:06:19 PM     all      0.00      0.00      3.77     18.34      0.00      0.00      0.25      0.00      0.00     77.64
07:06:20 PM     all      0.25      0.00      4.26     18.30      0.00      0.25      0.00      0.00      0.00     76.94
07:06:21 PM     all      0.00      0.00      4.03     15.37      0.00      0.25      0.25      0.00      0.00     80.10
07:06:22 PM     all      0.25      0.00      3.76     16.29      0.00      0.25      0.25      0.00      0.00     79.20
07:06:23 PM     all      0.00      0.00      4.28     18.89      0.00      0.25      0.00      0.00      0.00     76.57
07:06:24 PM     all      0.25      0.00      3.53     16.37      0.00      0.25      0.25      0.00      0.00     79.35
07:06:25 PM     all      0.25      0.00      3.78     18.14      0.00      0.00      0.00      0.00      0.00     77.83
07:06:26 PM     all      0.25      0.00      3.78     16.37      0.00      0.25      0.25      0.00      0.00     79.09
07:06:27 PM     all      0.25      0.00      3.27     16.62      0.00      0.25      0.25      0.00      0.00     79.35
07:06:28 PM     all      0.50      0.00      4.25     16.50      0.00      0.25      0.00      0.00      0.00     78.50
07:06:29 PM     all      0.25      0.00      4.98     17.16      0.00      0.25      0.25      0.00      0.00     77.11
07:06:30 PM     all      0.00      0.00      4.02     18.34      0.00      0.00      0.00      0.00      0.00     77.64
07:06:31 PM     all      0.00      0.00      4.49     16.96      0.00      0.25      0.25      0.00      0.00     78.05
07:06:32 PM     all      0.00      0.00      5.53     16.33      0.00      0.25      0.25      0.00      0.00     77.64
07:06:33 PM     all      0.50      0.00      5.72     17.66      0.00      0.25      0.00      0.00      0.00     75.87
07:06:34 PM     all      1.50      0.00     33.08      9.52      0.00      0.50      0.50      0.00      0.00     54.89
07:06:35 PM     all      1.76      0.00     87.15      9.82      0.00      0.50      0.50      0.00      0.00      0.25
07:06:36 PM     all      3.23      0.00     87.81      7.46      0.00      0.50      0.50      0.00      0.00      0.50
07:06:37 PM     all      1.48      0.00     89.14      7.65      0.00      0.49      0.49      0.00      0.00      0.74
07:06:38 PM     all      2.03      0.00     83.80     12.66      0.00      0.51      0.76      0.00      0.00      0.25
07:06:39 PM     all      2.51      0.00     85.71     10.28      0.00      0.75      0.50      0.00      0.00      0.25
07:06:40 PM     all      2.26      0.00     88.19      8.29      0.00      0.50      0.50      0.00      0.00      0.25
07:06:41 PM     all      2.26      0.00     88.44      7.79      0.00      0.50      0.75      0.00      0.00      0.25
07:06:42 PM     all      2.98      0.00     88.83      6.95      0.00      0.50      0.50      0.00      0.00      0.25
07:06:43 PM     all      2.51      0.00     86.97      9.27      0.00      0.50      0.50      0.00      0.00      0.25
07:06:44 PM     all      2.76      0.00     86.93      8.79      0.00      0.50      0.75      0.00      0.00      0.25
07:06:45 PM     all      2.48      0.00     84.37     11.66      0.00      0.50      0.50      0.00      0.00      0.50
07:06:46 PM     all      3.25      0.00     87.50      7.75      0.00      0.75      0.50      0.00      0.00      0.25
07:06:47 PM     all      1.76      0.00     87.15      9.07      0.00      0.50      0.76      0.00      0.00      0.76
07:06:48 PM     all      1.75      0.00     81.30     15.96      0.00      0.50      0.50      0.00      0.00      0.00
07:06:49 PM     all      2.27      0.00     88.38      8.08      0.00      0.51      0.51      0.00      0.00      0.25
07:06:50 PM     all      2.52      0.00     87.91      7.81      0.00      0.50      0.76      0.00      0.00      0.50
07:06:51 PM     all      2.01      0.00     89.72      6.77      0.00      0.50      0.50      0.00      0.00      0.50
07:06:52 PM     all      2.01      0.00     85.68     11.06      0.00      0.50      0.50      0.00      0.00      0.25
07:06:53 PM     all      3.53      0.00     89.67      5.54      0.00      0.50      0.50      0.00      0.00      0.25
07:06:54 PM     all      2.49      0.00     87.03      8.23      0.00      0.75      0.75      0.00      0.00      0.75
07:06:55 PM     all      2.76      0.00     87.72      8.52      0.00      0.50      0.50      0.00      0.00      0.00
07:06:56 PM     all      2.24      0.00     91.77      4.24      0.00      0.50      0.50      0.00      0.00      0.75
07:06:57 PM     all      1.99      0.00     82.34     14.43      0.00      0.50      0.50      0.00      0.00      0.25
07:06:58 PM     all      2.75      0.00     88.50      7.25      0.00      0.50      0.75      0.00      0.00      0.25
07:06:59 PM     all      3.02      0.00     86.43      9.05      0.00      0.50      0.50      0.00      0.00      0.50
07:07:00 PM     all      3.00      0.00     87.75      7.75      0.00      0.75      0.50      0.00      0.00      0.25
07:07:01 PM     all      3.54      0.00     87.63      7.32      0.00      0.51      0.76      0.00      0.00      0.25
07:07:02 PM     all      2.48      0.00     86.63      9.16      0.00      0.50      0.50      0.00      0.00      0.74
07:07:03 PM     all      2.51      0.00     89.70      6.53      0.00      0.50      0.50      0.00      0.00      0.25
07:07:04 PM     all      1.99      0.00     63.93     15.17      0.00      0.50      0.50      0.00      0.00     17.91
07:07:05 PM     all      0.00      0.00      3.52     19.35      0.00      0.25      0.25      0.00      0.00     76.63
07:07:06 PM     all      0.25      0.00      3.53     15.11      0.00      0.00      0.00      0.00      0.00     81.11
07:07:07 PM     all      0.25      0.00      3.03     17.42      0.00      0.25      0.25      0.00      0.00     78.79
07:07:08 PM     all      0.25      0.00      3.99     14.96      0.00      0.25      0.00      0.00      0.00     80.55
07:07:09 PM     all      0.50      0.00      3.52     16.58      0.00      0.25      0.25      0.00      0.00     78.89
07:07:10 PM     all      0.25      0.00      3.54     19.24      0.00      0.00      0.00      0.00      0.00     76.96
07:07:11 PM     all      0.00      0.00      4.00     14.50      0.00      0.25      0.25      0.00      0.00     81.00
07:07:12 PM     all      0.25      0.00      4.51     14.54      0.00      0.25      0.00      0.00      0.00     80.45
07:07:13 PM     all      0.00      0.00      4.27     16.83      0.00      0.25      0.25      0.00      0.00     78.39
07:07:14 PM     all      0.25      0.00      4.28     16.88      0.00      0.00      0.25      0.00      0.00     78.34
07:07:15 PM     all      0.51      0.00      4.30     13.67      0.00      0.25      0.00      0.00      0.00     81.27
07:07:16 PM     all      0.25      0.00     12.37     10.10      0.00      0.25      0.25      0.00      0.00     76.77
07:07:17 PM     all      0.00      0.00      4.53     15.37      0.00      0.25      0.25      0.00      0.00     79.60
07:07:18 PM     all      0.25      0.00      3.52     16.58      0.00      0.25      0.00      0.00      0.00     79.40
07:07:19 PM     all      0.00      0.00      3.53     17.63      0.00      0.25      0.25      0.00      0.00     78.34
07:07:20 PM     all      0.00      0.00      4.05     13.67      0.00      0.00      0.00      0.00      0.00     82.28
07:07:21 PM     all      0.00      0.00      4.74     16.21      0.00      0.25      0.25      0.00      0.00     78.55
07:07:22 PM     all      0.25      0.00      4.71     15.38      0.00      0.25      0.00      0.00      0.00     79.40
07:07:23 PM     all      0.00      0.00      3.27     15.83      0.00      0.00      0.25      0.00      0.00     80.65
07:07:24 PM     all      0.25      0.00      3.27     17.63      0.00      0.25      0.00      0.00      0.00     78.59
07:07:25 PM     all      0.00      0.00      4.99     16.96      0.00      0.25      0.25      0.00      0.00     77.56
07:07:26 PM     all      0.25      0.00      3.52     15.83      0.00      0.25      0.25      0.00      0.00     79.90
07:07:27 PM     all      0.25      0.00      4.03     17.13      0.00      0.00      0.00      0.00      0.00     78.59
07:07:28 PM     all      0.00      0.00      4.52     15.33      0.00      0.25      0.25      0.00      0.00     79.65
07:07:29 PM     all      0.25      0.00      3.28     18.69      0.00      0.25      0.00      0.00      0.00     77.53
07:07:30 PM     all      0.00      0.00      3.77     15.08      0.00      0.00      0.25      0.00      0.00     80.90
07:07:31 PM     all      0.00      0.00      4.05     15.19      0.00      0.25      0.00      0.00      0.00     80.51
07:07:32 PM     all      0.25      0.00      3.49     16.46      0.00      0.25      0.25      0.00      0.00     79.30
07:07:33 PM     all      0.00      0.00      4.56     14.43      0.00      0.25      0.25      0.00      0.00     80.51
07:07:34 PM     all      0.25      0.00      4.53     17.88      0.00      0.00      0.00      0.00      0.00     77.33
07:07:35 PM     all      0.00      0.00      4.49     19.95      0.00      0.25      0.25      0.00      0.00     75.06
07:07:36 PM     all      0.25      0.00     13.35     10.58      0.00      0.25      0.25      0.00      0.00     75.31
07:07:37 PM     all      0.00      0.00      3.52     19.10      0.00      0.25      0.00      0.00      0.00     77.14
07:07:38 PM     all      0.25      0.00      4.51     15.54      0.00      0.25      0.25      0.00      0.00     79.20
07:07:39 PM     all      0.25      0.00      4.25     18.00      0.00      0.25      0.00      0.00      0.00     77.25
07:07:40 PM     all      0.00      0.00      4.26     14.79      0.00      0.00      0.25      0.00      0.00     80.70
07:07:41 PM     all      0.25      0.00      4.28     14.36      0.00      0.25      0.00      0.00      0.00     80.86
07:07:42 PM     all      0.00      0.00      4.24     16.21      0.00      0.25      0.25      0.00      0.00     79.05
07:07:43 PM     all      0.00      0.00      3.79     17.68      0.00      0.25      0.25      0.00      0.00     78.03
07:07:44 PM     all      0.00      0.00      3.27     20.65      0.00      0.00      0.00      0.00      0.00     76.07
07:07:45 PM     all      0.25      0.00      4.24     15.71      0.00      0.25      0.25      0.00      0.00     79.30
07:07:46 PM     all      0.00      0.00      3.54     18.99      0.00      0.25      0.00      0.00      0.00     77.22
07:07:47 PM     all      0.25      0.00      3.27     18.59      0.00      0.25      0.25      0.00      0.00     77.39
07:07:48 PM     all      0.25      0.00      4.26     16.79      0.00      0.25      0.00      0.00      0.00     78.45
07:07:49 PM     all      0.00      0.00      4.02     17.34      0.00      0.00      0.25      0.00      0.00     78.39
07:07:50 PM     all      0.25      0.00      2.78     19.44      0.00      0.25      0.25      0.00      0.00     77.02
07:07:51 PM     all      0.00      0.00      3.04     22.03      0.00      0.25      0.00      0.00      0.00     74.68
07:07:52 PM     all      4.52      0.00      3.27     24.62      0.00      0.25      0.25      0.00      0.00     67.09
07:07:53 PM     all      0.25      0.00      4.03     20.65      0.00      0.25      0.00      0.00      0.00     74.81
07:07:54 PM     all      0.25      0.00      4.75     20.25      0.00      0.00      0.25      0.00      0.00     74.50
07:07:55 PM     all      0.25      0.00      5.28     19.35      0.00      0.25      0.00      0.00      0.00     74.87
07:07:56 PM     all      1.00      0.00     11.53     15.79      0.00      0.25      0.25      0.00      0.00     71.18
07:07:57 PM     all      2.76      0.00     93.97      2.01      0.00      0.50      0.50      0.00      0.00      0.25
07:07:58 PM     all      1.75      0.00     86.28     10.22      0.00      0.50      0.50      0.00      0.00      0.75
07:07:59 PM     all      2.00      0.00     87.00      9.00      0.00      0.75      0.75      0.00      0.00      0.50
07:08:00 PM     all      3.22      0.00     88.86      6.68      0.00      0.50      0.50      0.00      0.00      0.25
07:08:01 PM     all      2.76      0.00     87.97      8.02      0.00      0.50      0.50      0.00      0.00      0.25
07:08:02 PM     all      3.48      0.00     87.31      7.71      0.00      0.50      0.50      0.00      0.00      0.50
07:08:03 PM     all      3.02      0.00     88.69      6.78      0.00      0.50      0.75      0.00      0.00      0.25
07:08:04 PM     all      2.97      0.00     87.13      8.42      0.00      0.50      0.50      0.00      0.00      0.50
07:08:05 PM     all      3.01      0.00     87.97      7.77      0.00      0.75      0.50      0.00      0.00      0.00
07:08:06 PM     all      3.00      0.00     88.25      7.25      0.00      0.50      0.75      0.00      0.00      0.25
07:08:07 PM     all      1.76      0.00     87.19      9.55      0.00      0.50      0.50      0.00      0.00      0.50
07:08:08 PM     all      2.76      0.00     84.21     10.28      0.00      0.50      0.50      0.00      0.00      1.75
07:08:09 PM     all      3.48      0.00     86.57      7.71      0.00      0.50      0.75      0.00      0.00      1.00
07:08:10 PM     all      2.53      0.00     88.61      7.59      0.00      0.51      0.51      0.00      0.00      0.25
07:08:11 PM     all      3.24      0.00     84.79     10.22      0.00      0.50      0.50      0.00      0.00      0.75
07:08:12 PM     all      2.52      0.00     87.66      8.31      0.00      0.50      0.50      0.00      0.00      0.50
07:08:13 PM     all      2.74      0.00     88.78      6.73      0.00      0.50      0.75      0.00      0.00      0.50
07:08:14 PM     all      2.76      0.00     87.94      8.04      0.00      0.50      0.50      0.00      0.00      0.25
07:08:15 PM     all      2.76      0.00     84.17     11.31      0.00      0.75      0.50      0.00      0.00      0.50
07:08:16 PM     all      3.01      0.00     84.71     11.03      0.00      0.50      0.50      0.00      0.00      0.25
07:08:17 PM     all      2.01      0.00     88.72      7.52      0.00      0.50      0.75      0.00      0.00      0.50
07:08:18 PM     all      2.99      0.00     90.52      4.74      0.00      0.50      0.50      0.00      0.00      0.75
07:08:19 PM     all      2.51      0.00     92.21      4.02      0.00      0.50      0.50      0.00      0.00      0.25
07:08:20 PM     all      2.00      0.00     82.75     13.50      0.00      0.50      0.50      0.00      0.00      0.75
07:08:21 PM     all      2.50      0.00     84.00     11.75      0.00      0.75      0.50      0.00      0.00      0.50
07:08:22 PM     all      2.48      0.00     83.91     12.13      0.00      0.50      0.74      0.00      0.00      0.25
07:08:23 PM     all      2.01      0.00     87.72      8.52      0.00      0.50      0.50      0.00      0.00      0.75
07:08:24 PM     all      3.00      0.00     88.75      6.50      0.00      0.50      0.50      0.00      0.00      0.75
07:08:25 PM     all      2.28      0.00     85.06     11.14      0.00      0.51      0.51      0.00      0.00      0.51
07:08:26 PM     all      2.78      0.00     83.29      9.62      0.00      0.51      0.76      0.00      0.00      3.04
07:08:27 PM     all      0.25      0.00      4.24     19.45      0.00      0.25      0.00      0.00      0.00     75.81
07:08:28 PM     all      0.00      0.00      5.47     16.67      0.00      0.00      0.25      0.00      0.00     77.61
07:08:29 PM     all      0.00      0.00      4.71     16.13      0.00      0.25      0.25      0.00      0.00     78.66
07:08:30 PM     all      0.00      0.00      4.48     14.93      0.00      0.25      0.00      0.00      0.00     80.35
07:08:31 PM     all      0.25      0.00      4.48     13.18      0.00      0.25      0.25      0.00      0.00     81.59
07:08:32 PM     all      0.50      0.00      3.49     18.20      0.00      0.00      0.00      0.00      0.00     77.81
07:08:33 PM     all      0.00      0.00      5.22     17.41      0.00      0.25      0.25      0.00      0.00     76.87
07:08:34 PM     all      0.25      0.00      2.76     18.30      0.00      0.25      0.00      0.00      0.00     78.45
07:08:35 PM     all      0.25      0.00      3.52     19.60      0.00      0.25      0.25      0.00      0.00     76.13
07:08:36 PM     all      0.00      0.00      2.54     21.32      0.00      0.00      0.00      0.00      0.00     76.14
07:08:37 PM     all      0.25      0.00      4.74     16.96      0.00      0.25      0.25      0.00      0.00     77.56
07:08:38 PM     all      0.00      0.00      2.77     18.14      0.00      0.00      0.00      0.00      0.00     79.09
07:08:39 PM     all      0.00      0.00      5.47     13.93      0.00      0.25      0.25      0.00      0.00     80.10
07:08:40 PM     all      0.49      0.00      5.43     20.00      0.00      0.25      0.00      0.00      0.00     73.83
07:08:41 PM     all      0.25      0.00     14.00     11.75      0.00      0.25      0.25      0.00      0.00     73.50
07:08:42 PM     all      0.00      0.00      4.21     19.55      0.00      0.25      0.25      0.00      0.00     75.74
07:08:43 PM     all      0.00      0.00      5.21     18.36      0.00      0.25      0.00      0.00      0.00     76.18
07:08:44 PM     all      0.00      0.00      4.74     17.21      0.00      0.00      0.25      0.00      0.00     77.81
07:08:45 PM     all      0.00      0.00      4.70     16.58      0.00      0.25      0.00      0.00      0.00     78.47
07:08:46 PM     all      0.25      0.00      4.98     19.40      0.00      0.25      0.25      0.00      0.00     74.88
07:08:47 PM     all      0.25      0.00      4.70     18.56      0.00      0.25      0.00      0.00      0.00     76.24
07:08:48 PM     all      0.00      0.00      6.16     16.01      0.00      0.00      0.25      0.00      0.00     77.59
07:08:49 PM     all      0.00      0.00      5.43     18.52      0.00      0.25      0.00      0.00      0.00     75.80
07:08:50 PM     all      0.00      0.00      5.17     20.20      0.00      0.25      0.25      0.00      0.00     74.14
07:08:51 PM     all      0.00      0.00      5.69     17.08      0.00      0.25      0.25      0.00      0.00     76.73
07:08:52 PM     all      0.25      0.00      4.70     19.31      0.00      0.00      0.00      0.00      0.00     75.74
07:08:53 PM     all      0.00      0.00      5.17     17.98      0.00      0.25      0.25      0.00      0.00     76.35
07:08:54 PM     all      0.00      0.00      4.71     17.87      0.00      0.25      0.00      0.00      0.00     77.17
07:08:55 PM     all      0.25      0.00      5.68     18.27      0.00      0.25      0.25      0.00      0.00     75.31
07:08:56 PM     all      0.00      0.00      4.96     14.64      0.00      0.00      0.00      0.00      0.00     80.40
07:08:57 PM     all      0.00      0.00      4.95     18.07      0.00      0.25      0.25      0.00      0.00     76.49
07:08:58 PM     all      0.49      0.00      5.90     14.99      0.00      0.25      0.00      0.00      0.00     78.38
07:08:59 PM     all      0.25      0.00      5.17     20.20      0.00      0.25      0.25      0.00      0.00     73.89
07:09:00 PM     all      0.74      0.00      7.20     16.87      0.00      0.00      0.25      0.00      0.00     74.94
07:09:01 PM     all      0.25      0.00      5.45     18.56      0.00      0.25      0.00      0.00      0.00     75.50
07:09:02 PM     all      0.50      0.00     14.64     10.42      0.00      0.25      0.25      0.00      0.00     73.95
07:09:03 PM     all      0.25      0.00      4.91     16.71      0.00      0.25      0.25      0.00      0.00     77.64
07:09:04 PM     all      0.25      0.00      4.75     17.75      0.00      0.25      0.00      0.00      0.00     77.00
07:09:05 PM     all      0.25      0.00      5.17     18.72      0.00      0.00      0.25      0.00      0.00     75.62
07:09:06 PM     all      0.25      0.00      4.49     20.45      0.00      0.25      0.00      0.00      0.00     74.56
07:09:07 PM     all      0.50      0.00      5.69     18.56      0.00      0.25      0.25      0.00      0.00     74.75
07:09:08 PM     all      0.25      0.00      4.47     16.38      0.00      0.25      0.25      0.00      0.00     78.41
07:09:09 PM     all      0.00      0.00      4.02     18.59      0.00      0.00      0.00      0.00      0.00     77.39
07:09:10 PM     all      0.25      0.00      5.43     17.78      0.00      0.25      0.25      0.00      0.00     76.05
07:09:11 PM     all      0.25      0.00      4.23     17.66      0.00      0.25      0.00      0.00      0.00     77.61
07:09:12 PM     all      0.25      0.00      4.74     18.45      0.00      0.25      0.25      0.00      0.00     76.06
07:09:13 PM     all      0.25      0.00      3.73     19.40      0.00      0.25      0.00      0.00      0.00     76.37
07:09:14 PM     all      0.00      0.00      4.49     18.95      0.00      0.00      0.25      0.00      0.00     76.31
07:09:15 PM     all      0.00      0.00      4.50     17.25      0.00      0.25      0.00      0.00      0.00     78.00
07:09:16 PM     all      0.25      0.00      4.46     15.10      0.00      0.25      0.25      0.00      0.00     79.70
07:09:17 PM     all      0.25      0.00      4.98     16.92      0.00      0.00      0.25      0.00      0.00     77.61
07:09:18 PM     all      0.50      0.00      3.73     14.43      0.00      0.25      0.00      0.00      0.00     81.09
07:09:19 PM     all      0.50      0.00      5.20     17.57      0.00      0.25      0.25      0.00      0.00     76.24
07:09:20 PM     all      1.00      0.00      3.74     19.45      0.00      0.25      0.00      0.00      0.00     75.56
07:09:21 PM     all      0.25      0.00      4.28     16.88      0.00      0.00      0.25      0.00      0.00     78.34
07:09:22 PM     all      0.25      0.00      5.74     17.46      0.00      0.25      0.00      0.00      0.00     76.31
07:09:23 PM     all      2.00      0.00     62.75      4.00      0.00      0.50      0.50      0.00      0.00     30.25
07:09:24 PM     all      2.01      0.00     90.48      6.02      0.00      0.50      0.50      0.00      0.00      0.50
07:09:25 PM     all      2.23      0.00     89.08      7.20      0.00      0.50      0.50      0.00      0.00      0.50
07:09:26 PM     all      2.01      0.00     88.22      8.27      0.00      0.50      0.75      0.00      0.00      0.25
07:09:27 PM     all      2.49      0.00     87.81      8.21      0.00      0.50      0.50      0.00      0.00      0.50
07:09:28 PM     all      2.76      0.00     87.22      8.02      0.00      0.75      0.75      0.00      0.00      0.50
07:09:29 PM     all      2.26      0.00     83.67     12.56      0.00      0.50      0.50      0.00      0.00      0.50
07:09:30 PM     all      2.25      0.00     89.75      6.50      0.00      0.50      0.50      0.00      0.00      0.50
07:09:31 PM     all      2.26      0.00     87.44      8.54      0.00      0.50      0.50      0.00      0.00      0.75
07:09:32 PM     all      1.76      0.00     91.46      5.53      0.00      0.50      0.75      0.00      0.00      0.00
07:09:33 PM     all      2.78      0.00     87.88      8.33      0.00      0.51      0.51      0.00      0.00      0.00
07:09:34 PM     all      2.27      0.00     83.12     13.35      0.00      0.50      0.50      0.00      0.00      0.25
07:09:35 PM     all      2.99      0.00     86.07      9.70      0.00      0.50      0.50      0.00      0.00      0.25
07:09:36 PM     all      2.25      0.00     85.25     10.75      0.00      0.50      0.75      0.00      0.00      0.50
07:09:37 PM     all      2.49      0.00     89.80      6.22      0.00      0.50      0.50      0.00      0.00      0.50
07:09:38 PM     all      2.50      0.00     85.50     10.00      0.00      0.75      0.50      0.00      0.00      0.75
07:09:39 PM     all      2.98      0.00     83.62     12.16      0.00      0.50      0.50      0.00      0.00      0.25
07:09:40 PM     all      3.27      0.00     88.16      6.80      0.00      0.50      0.76      0.00      0.00      0.50
07:09:41 PM     all      2.49      0.00     88.28      7.48      0.00      0.50      0.50      0.00      0.00      0.75
07:09:42 PM     all      2.74      0.00     88.78      7.23      0.00      0.50      0.50      0.00      0.00      0.25
07:09:43 PM     all      2.99      0.00     86.32      9.20      0.00      0.50      0.75      0.00      0.00      0.25
07:09:44 PM     all      2.48      0.00     84.37     11.91      0.00      0.50      0.50      0.00      0.00      0.25
07:09:45 PM     all      2.74      0.00     91.27      4.49      0.00      0.75      0.50      0.00      0.00      0.25
07:09:46 PM     all      3.05      0.00     87.31      8.12      0.00      0.51      0.51      0.00      0.00      0.51
07:09:47 PM     all      2.99      0.00     87.28      8.23      0.00      0.50      0.75      0.00      0.00      0.25
07:09:48 PM     all      3.23      0.00     88.31      6.47      0.00      0.50      0.50      0.00      0.00      1.00
07:09:49 PM     all      3.21      0.00     89.14      5.93      0.00      0.49      0.49      0.00      0.00      0.74
07:09:50 PM     all      2.98      0.00     83.62     11.91      0.00      0.50      0.50      0.00      0.00      0.50
07:09:51 PM     all      2.51      0.00     88.97      7.27      0.00      0.50      0.50      0.00      0.00      0.25
07:09:52 PM     all      3.51      0.00     85.71      8.77      0.00      0.50      0.75      0.00      0.00      0.75
07:09:53 PM     all      1.49      0.00     40.69      9.93      0.00      0.50      0.50      0.00      0.00     46.90
07:09:54 PM     all      0.00      0.00      3.78     14.86      0.00      0.25      0.00      0.00      0.00     81.11
07:09:55 PM     all      0.00      0.00      3.78     16.37      0.00      0.00      0.25      0.00      0.00     79.60
07:09:56 PM     all      0.25      0.00      3.02     15.33      0.00      0.25      0.00      0.00      0.00     81.16
07:09:57 PM     all      0.25      0.00      3.51     15.79      0.00      0.25      0.25      0.00      0.00     79.95
07:09:58 PM     all      0.00      0.00      3.04     16.96      0.00      0.00      0.00      0.00      0.00     80.00
07:09:59 PM     all      0.00      0.00      4.01     18.05      0.00      0.25      0.25      0.00      0.00     77.44
07:10:00 PM     all      1.51      0.00      3.78     18.14      0.00      0.25      0.00      0.00      0.00     76.32
07:10:01 PM     all      0.50      0.00      3.27     19.35      0.00      0.25      0.25      0.00      0.00     76.38
07:10:02 PM     all      0.25      0.00      4.75     16.75      0.00      0.25      0.00      0.00      0.00     78.00
07:10:03 PM     all      0.25      0.00      3.02     20.40      0.00      0.00      0.25      0.00      0.00     76.07
07:10:04 PM     all      0.00      0.00      5.26     16.79      0.00      0.25      0.00      0.00      0.00     77.69
07:10:05 PM     all      0.00      0.00      5.01     18.05      0.00      0.25      0.25      0.00      0.00     76.44
07:10:06 PM     all      1.00      0.00      9.52     14.79      0.00      0.25      0.25      0.00      0.00     74.19
07:10:07 PM     all      0.00      0.00      6.53     18.09      0.00      0.00      0.00      0.00      0.00     75.38
07:10:08 PM     all      0.25      0.00      3.51     17.54      0.00      0.25      0.25      0.00      0.00     78.20
07:10:09 PM     all      0.25      0.00      2.77     20.15      0.00      0.25      0.00      0.00      0.00     76.57
07:10:10 PM     all      0.00      0.00      3.77     16.83      0.00      0.25      0.25      0.00      0.00     78.89
07:10:11 PM     all      0.25      0.00      4.03     20.15      0.00      0.00      0.00      0.00      0.00     75.57
07:10:12 PM     all      0.25      0.00      3.49     20.45      0.00      0.25      0.25      0.00      0.00     75.31
07:10:13 PM     all      0.25      0.00      4.03     12.59      0.00      0.25      0.25      0.00      0.00     82.62
07:10:14 PM     all      0.00      0.00      3.51     17.79      0.00      0.25      0.00      0.00      0.00     78.45
07:10:15 PM     all      0.25      0.00      3.28     18.94      0.00      0.00      0.25      0.00      0.00     77.27
07:10:16 PM     all      0.25      0.00      3.05     15.23      0.00      0.25      0.00      0.00      0.00     81.22
07:10:17 PM     all      0.00      0.00      3.75     17.25      0.00      0.25      0.25      0.00      0.00     78.50
07:10:18 PM     all      0.25      0.00      4.52     16.83      0.00      0.25      0.00      0.00      0.00     78.14
07:10:19 PM     all      0.25      0.00      3.01     17.54      0.00      0.00      0.25      0.00      0.00     78.95
07:10:20 PM     all      0.25      0.00      4.74     19.70      0.00      0.25      0.00      0.00      0.00     75.06
07:10:21 PM     all      0.00      0.00      3.77     16.58      0.00      0.25      0.25      0.00      0.00     79.15
07:10:22 PM     all      0.00      0.00      3.53     19.40      0.00      0.00      0.00      0.00      0.00     77.08
07:10:23 PM     all      0.00      0.00      3.50     18.50      0.00      0.25      0.25      0.00      0.00     77.50
07:10:24 PM     all      1.01      0.00      3.03     19.70      0.00      0.25      0.00      0.00      0.00     76.01
07:10:25 PM     all      0.00      0.00      4.79     14.86      0.00      0.00      0.25      0.00      0.00     80.10
07:10:26 PM     all      0.25      0.00      3.77     21.11      0.00      0.25      0.00      0.00      0.00     74.62
07:10:27 PM     all      0.25      0.00      4.52     16.08      0.00      0.25      0.25      0.00      0.00     78.64
07:10:28 PM     all      0.50      0.00     12.56     11.56      0.00      0.25      0.25      0.00      0.00     74.87
07:10:29 PM     all      0.00      0.00      4.25     16.00      0.00      0.25      0.25      0.00      0.00     79.25
07:10:30 PM     all      0.25      0.00      4.26     16.54      0.00      0.00      0.00      0.00      0.00     78.95
07:10:31 PM     all      0.25      0.00      3.25     17.75      0.00      0.25      0.25      0.00      0.00     78.25
07:10:32 PM     all      0.00      0.00      4.29     15.91      0.00      0.25      0.00      0.00      0.00     79.55
07:10:33 PM     all      0.25      0.00      3.52     19.35      0.00      0.25      0.25      0.00      0.00     76.38
07:10:34 PM     all      0.00      0.00      3.78     18.89      0.00      0.25      0.00      0.00      0.00     77.08
07:10:35 PM     all      0.00      0.00      4.79     17.38      0.00      0.00      0.25      0.00      0.00     77.58
07:10:36 PM     all      0.25      0.00      3.27     20.35      0.00      0.25      0.00      0.00      0.00     75.88
07:10:37 PM     all      0.25      0.00      4.24     16.21      0.00      0.25      0.25      0.00      0.00     78.80
07:10:38 PM     all      0.00      0.00      3.54     19.44      0.00      0.00      0.00      0.00      0.00     77.02
07:10:39 PM     all      0.00      0.00      3.27     20.40      0.00      0.25      0.25      0.00      0.00     75.82
07:10:40 PM     all      0.25      0.00      3.79     18.18      0.00      0.25      0.00      0.00      0.00     77.53
07:10:41 PM     all      0.00      0.00      3.25     20.75      0.00      0.00      0.25      0.00      0.00     75.75
07:10:42 PM     all      0.25      0.00      3.04     17.22      0.00      0.25      0.00      0.00      0.00     79.24
07:10:43 PM     all      0.25      0.00      3.49     20.20      0.00      0.25      0.25      0.00      0.00     75.56
07:10:44 PM     all      0.25      0.00      3.77     19.10      0.00      0.25      0.25      0.00      0.00     76.38
07:10:45 PM     all      0.25      0.00      2.28     13.92      0.00      0.00      0.00      0.00      0.00     83.54
07:10:46 PM     all      0.25      0.00      4.27     14.57      0.00      0.25      0.00      0.00      0.00     80.65
07:10:47 PM     all      0.25      0.00      4.51     15.04      0.00      0.25      0.25      0.00      0.00     79.70
07:10:48 PM     all      0.25      0.00      4.26     18.05      0.00      0.00      0.25      0.00      0.00     77.19
07:10:49 PM     all      1.25      0.00     51.13      6.52      0.00      0.50      0.25      0.00      0.00     40.35
07:10:50 PM     all      2.50      0.00     82.50     13.00      0.00      0.50      0.50      0.00      0.00      1.00
07:10:51 PM     all      2.24      0.00     89.05      7.46      0.00      0.50      0.50      0.00      0.00      0.25
07:10:52 PM     all      3.01      0.00     89.22      6.02      0.00      0.75      0.75      0.00      0.00      0.25
07:10:53 PM     all      2.24      0.00     87.06      9.20      0.00      0.50      0.50      0.00      0.00      0.50
07:10:54 PM     all      1.75      0.00     83.71     12.28      0.00      0.50      0.50      0.00      0.00      1.25
07:10:55 PM     all      2.27      0.00     87.37      9.09      0.00      0.51      0.76      0.00      0.00      0.00
07:10:56 PM     all      2.26      0.00     89.45      6.53      0.00      0.50      0.50      0.00      0.00      0.75
07:10:57 PM     all      2.72      0.00     89.85      6.19      0.00      0.50      0.50      0.00      0.00      0.25
07:10:58 PM     all      2.01      0.00     87.19      9.30      0.00      0.50      0.50      0.00      0.00      0.50
07:10:59 PM     all      2.50      0.00     84.25     11.75      0.00      0.50      0.75      0.00      0.00      0.25
07:11:00 PM     all      2.25      0.00     89.25      6.75      0.00      0.75      0.50      0.00      0.00      0.50
07:11:01 PM     all      2.54      0.00     85.03     11.42      0.00      0.25      0.51      0.00      0.00      0.25
07:11:02 PM     all      2.51      0.00     88.72      7.02      0.00      0.75      0.50      0.00      0.00      0.50
07:11:03 PM     all      3.23      0.00     87.34      7.69      0.00      0.50      0.74      0.00      0.00      0.50
07:11:04 PM     all      2.27      0.00     85.64     10.83      0.00      0.50      0.50      0.00      0.00      0.25
07:11:05 PM     all      2.78      0.00     86.11      9.60      0.00      0.51      0.51      0.00      0.00      0.51
07:11:06 PM     all      3.27      0.00     89.17      6.30      0.00      0.50      0.50      0.00      0.00      0.25
07:11:07 PM     all      1.76      0.00     86.68      9.55      0.00      0.50      0.75      0.00      0.00      0.75
07:11:08 PM     all      3.02      0.00     85.68     10.30      0.00      0.50      0.50      0.00      0.00      0.00
07:11:09 PM     all      2.49      0.00     88.78      7.23      0.00      0.50      0.50      0.00      0.00      0.50
07:11:10 PM     all      3.52      0.00     85.18      9.05      0.00      0.75      0.75      0.00      0.00      0.75
07:11:11 PM     all      2.50      0.00     94.50      2.00      0.00      0.50      0.50      0.00      0.00      0.00
07:11:12 PM     all      2.01      0.00     88.44      8.04      0.00      0.50      0.50      0.00      0.00      0.50
07:11:13 PM     all      2.49      0.00     89.80      5.97      0.00      0.50      0.75      0.00      0.00      0.50
07:11:14 PM     all      2.99      0.00     86.53      8.73      0.00      0.50      0.50      0.00      0.00      0.75
07:11:15 PM     all      2.75      0.00     86.00     10.00      0.00      0.50      0.50      0.00      0.00      0.25
07:11:16 PM     all      2.27      0.00     88.66      7.30      0.00      0.76      0.50      0.00      0.00      0.50
07:11:17 PM     all      3.26      0.00     87.47      7.52      0.00      0.50      0.75      0.00      0.00      0.50
07:11:18 PM     all      3.25      0.00     87.25      7.50      0.00      0.50      0.50      0.00      0.00      1.00
07:11:19 PM     all      1.25      0.00     50.50     11.50      0.00      0.25      0.50      0.00      0.00     36.00
07:11:20 PM     all      0.00      0.00      3.04     18.23      0.00      0.25      0.00      0.00      0.00     78.48
07:11:21 PM     all      0.25      0.00      3.98     12.44      0.00      0.25      0.25      0.00      0.00     82.84
07:11:22 PM     all      0.00      0.00      4.76     14.04      0.00      0.25      0.00      0.00      0.00     80.95
07:11:23 PM     all      0.00      0.00      3.51     16.79      0.00      0.00      0.25      0.00      0.00     79.45
07:11:24 PM     all      0.25      0.00      3.54     16.96      0.00      0.25      0.00      0.00      0.00     78.99
07:11:25 PM     all      0.25      0.00      3.02     17.84      0.00      0.25      0.25      0.00      0.00     78.39
07:11:26 PM     all      0.25      0.00      3.76     18.55      0.00      0.25      0.00      0.00      0.00     77.19
07:11:27 PM     all      0.00      0.00      4.28     16.62      0.00      0.00      0.25      0.00      0.00     78.84
07:11:28 PM     all      0.25      0.00      2.78     16.96      0.00      0.25      0.00      0.00      0.00     79.75
07:11:29 PM     all      0.00      0.00      4.51     16.79      0.00      0.25      0.25      0.00      0.00     78.20
07:11:30 PM     all      0.25      0.00      4.03     14.86      0.00      0.00      0.00      0.00      0.00     80.86
07:11:31 PM     all      0.25      0.00      4.26     19.80      0.00      0.25      0.25      0.00      0.00     75.19
07:11:32 PM     all      0.00      0.00      5.06     16.46      0.00      0.25      0.25      0.00      0.00     77.97
07:11:33 PM     all      0.00      0.00     11.06     14.57      0.00      0.25      0.00      0.00      0.00     74.12
07:11:34 PM     all      0.25      0.00      3.27     19.35      0.00      0.00      0.25      0.00      0.00     76.88
07:11:35 PM     all      0.25      0.00      3.52     19.60      0.00      0.25      0.00      0.00      0.00     76.38
07:11:36 PM     all      0.00      0.00      4.75     14.50      0.00      0.25      0.25      0.00      0.00     80.25
07:11:37 PM     all      0.00      0.00      3.02     17.84      0.00      0.25      0.25      0.00      0.00     78.64
07:11:38 PM     all      0.00      0.00      4.05     18.48      0.00      0.00      0.00      0.00      0.00     77.47
07:11:39 PM     all      0.50      0.00      2.74     18.70      0.00      0.25      0.25      0.00      0.00     77.56
07:11:40 PM     all      0.00      0.00      3.54     17.42      0.00      0.25      0.00      0.00      0.00     78.79
07:11:41 PM     all      0.00      0.00      2.80     18.83      0.00      0.00      0.25      0.00      0.00     78.12
07:11:42 PM     all      0.00      0.00      3.52     22.11      0.00      0.25      0.00      0.00      0.00     74.12
07:11:43 PM     all      0.00      0.00      4.04     16.67      0.00      0.25      0.25      0.00      0.00     78.79
07:11:44 PM     all      0.50      0.00      2.52     22.17      0.00      0.25      0.00      0.00      0.00     74.56
07:11:45 PM     all      0.00      0.00      4.52     18.84      0.00      0.00      0.25      0.00      0.00     76.38
07:11:46 PM     all      0.25      0.00      3.76     20.80      0.00      0.25      0.00      0.00      0.00     74.94
07:11:47 PM     all      0.00      0.00      3.76     19.80      0.00      0.25      0.25      0.00      0.00     75.94
07:11:48 PM     all      0.25      0.00      4.28     17.13      0.00      0.00      0.00      0.00      0.00     78.34
07:11:49 PM     all      0.00      0.00      2.77     18.39      0.00      0.25      0.25      0.00      0.00     78.34
07:11:50 PM     all      0.00      0.00      3.27     18.59      0.00      0.25      0.00      0.00      0.00     77.89
07:11:51 PM     all      0.25      0.00      3.76     17.29      0.00      0.25      0.25      0.00      0.00     78.20
07:11:52 PM     all      0.00      0.00      4.80     16.92      0.00      0.00      0.00      0.00      0.00     78.28
07:11:53 PM     all      0.25      0.00      4.28     16.88      0.00      0.25      0.25      0.00      0.00     78.09
07:11:54 PM     all      0.51      0.00     12.15      8.61      0.00      0.25      0.25      0.00      0.00     78.23
07:11:55 PM     all      0.00      0.00      3.75     21.25      0.00      0.25      0.00      0.00      0.00     74.75
07:11:56 PM     all      0.00      0.00      4.27     18.84      0.00      0.00      0.25      0.00      0.00     76.63
07:11:57 PM     all      0.50      0.00      3.98     19.90      0.00      0.25      0.25      0.00      0.00     75.12
07:11:58 PM     all      0.00      0.00      4.50     19.50      0.00      0.25      0.00      0.00      0.00     75.75
07:11:59 PM     all      0.00      0.00      3.79     17.42      0.00      0.25      0.25      0.00      0.00     78.28
07:12:00 PM     all      0.76      0.00      5.04     15.62      0.00      0.25      0.00      0.00      0.00     78.34
07:12:01 PM     all      0.25      0.00      2.78     14.94      0.00      0.00      0.25      0.00      0.00     81.77
07:12:02 PM     all      0.00      0.00      4.04     17.68      0.00      0.25      0.00      0.00      0.00     78.03
07:12:03 PM     all      0.00      0.00      3.74     16.46      0.00      0.25      0.25      0.00      0.00     79.30
07:12:04 PM     all      0.00      0.00      4.51     15.29      0.00      0.25      0.25      0.00      0.00     79.70
07:12:05 PM     all      0.00      0.00      3.04     19.24      0.00      0.00      0.00      0.00      0.00     77.72
07:12:06 PM     all      0.25      0.00      3.75     18.00      0.00      0.25      0.25      0.00      0.00     77.50
07:12:07 PM     all      0.25      0.00      3.03     17.17      0.00      0.25      0.00      0.00      0.00     79.29
07:12:08 PM     all      0.00      0.00      2.78     20.20      0.00      0.00      0.25      0.00      0.00     76.77
07:12:09 PM     all      0.25      0.00      2.76     20.55      0.00      0.25      0.00      0.00      0.00     76.19
07:12:10 PM     all      0.00      0.00      3.27     16.58      0.00      0.25      0.00      0.00      0.00     79.90
07:12:11 PM     all      0.00      0.00      4.27     18.84      0.00      0.00      0.25      0.00      0.00     76.63
07:12:12 PM     all      0.25      0.00      2.76     19.10      0.00      0.25      0.25      0.00      0.00     77.39
07:12:13 PM     all      0.25      0.00      5.51     19.30      0.00      0.25      0.00      0.00      0.00     74.69
07:12:14 PM     all      0.00      0.00      4.25     16.50      0.00      0.25      0.25      0.00      0.00     78.75
07:12:15 PM     all      0.51      0.00     15.15     13.13      0.00      0.25      0.25      0.00      0.00     70.71
07:12:16 PM     all      1.75      0.00     94.25      2.75      0.00      0.50      0.50      0.00      0.00      0.25
07:12:17 PM     all      3.23      0.00     89.05      6.22      0.00      0.50      0.50      0.00      0.00      0.50
07:12:18 PM     all      1.77      0.00     85.06     11.39      0.00      0.51      0.51      0.00      0.00      0.76
07:12:19 PM     all      2.52      0.00     86.90      8.82      0.00      0.50      0.50      0.00      0.00      0.76
07:12:20 PM     all      2.78      0.00     90.15      5.81      0.00      0.51      0.51      0.00      0.00      0.25
07:12:21 PM     all      2.49      0.00     88.06      7.96      0.00      0.75      0.75      0.00      0.00      0.00
07:12:22 PM     all      1.75      0.00     90.73      6.27      0.00      0.50      0.50      0.00      0.00      0.25
07:12:23 PM     all      2.24      0.00     84.29     11.97      0.00      0.50      0.50      0.00      0.00      0.50
07:12:24 PM     all      2.74      0.00     90.55      5.22      0.00      0.50      0.50      0.00      0.00      0.50
07:12:25 PM     all      2.51      0.00     90.23      6.02      0.00      0.50      0.75      0.00      0.00      0.00
07:12:26 PM     all      3.01      0.00     89.22      6.52      0.00      0.50      0.50      0.00      0.00      0.25
07:12:27 PM     all      2.00      0.00     84.79     11.72      0.00      0.50      0.50      0.00      0.00      0.50
07:12:28 PM     all      3.46      0.00     86.91      8.40      0.00      0.49      0.49      0.00      0.00      0.25
07:12:29 PM     all      2.26      0.00     91.46      4.77      0.00      0.50      0.75      0.00      0.00      0.25
07:12:30 PM     all      2.76      0.00     86.93      9.05      0.00      0.50      0.50      0.00      0.00      0.25
07:12:31 PM     all      2.99      0.00     84.08     11.44      0.00      0.50      0.50      0.00      0.00      0.50
07:12:32 PM     all      3.27      0.00     87.66      7.81      0.00      0.50      0.50      0.00      0.00      0.25
07:12:33 PM     all      1.97      0.00     89.90      6.40      0.00      0.49      0.74      0.00      0.00      0.49
07:12:34 PM     all      2.76      0.00     89.70      6.03      0.00      0.50      0.50      0.00      0.00      0.50
07:12:35 PM     all      2.00      0.00     88.50      7.50      0.00      0.75      0.50      0.00      0.00      0.75
07:12:36 PM     all      2.51      0.00     68.17     27.07      0.00      0.50      0.50      0.00      0.00      1.25
07:12:37 PM     all      2.51      0.00     76.44     20.05      0.00      0.50      0.50      0.00      0.00      0.00
07:12:38 PM     all      3.02      0.00     72.11     23.87      0.00      0.25      0.50      0.00      0.00      0.25
07:12:39 PM     all      3.01      0.00     82.96     12.53      0.00      0.75      0.50      0.00      0.00      0.25
07:12:40 PM     all      2.22      0.00     88.64      7.65      0.00      0.49      0.49      0.00      0.00      0.49
07:12:41 PM     all      2.26      0.00     92.46      3.77      0.00      0.50      0.75      0.00      0.00      0.25
07:12:42 PM     all      1.75      0.00     84.79     11.97      0.00      0.50      0.50      0.00      0.00      0.50
07:12:43 PM     all      2.49      0.00     87.53      8.23      0.00      0.50      0.50      0.00      0.00      0.75
07:12:44 PM     all      2.99      0.00     89.05      6.72      0.00      0.50      0.50      0.00      0.00      0.25
07:12:45 PM     all      2.73      0.00     84.12      6.70      0.00      0.74      0.74      0.00      0.00      4.96
07:12:46 PM     all      0.00      0.00      4.27     18.09      0.00      0.25      0.25      0.00      0.00     77.14
07:12:47 PM     all      0.25      0.00      3.77     19.60      0.00      0.00      0.00      0.00      0.00     76.38
07:12:48 PM     all      0.00      0.00      5.45     15.84      0.00      0.25      0.25      0.00      0.00     78.22
07:12:49 PM     all      0.00      0.00      4.00     14.25      0.00      0.25      0.00      0.00      0.00     81.50
07:12:50 PM     all      0.25      0.00      4.47     17.12      0.00      0.25      0.25      0.00      0.00     77.67
07:12:51 PM     all      0.00      0.00      5.21     15.63      0.00      0.25      0.00      0.00      0.00     78.91
07:12:52 PM     all      0.00      0.00      4.23     17.91      0.00      0.25      0.25      0.00      0.00     77.36
07:12:53 PM     all      0.00      0.00      5.24     17.96      0.00      0.00      0.25      0.00      0.00     76.56
07:12:54 PM     all      0.25      0.00      3.23     20.65      0.00      0.25      0.00      0.00      0.00     75.62
07:12:55 PM     all      0.00      0.00      5.69     16.58      0.00      0.25      0.25      0.00      0.00     77.23
07:12:56 PM     all      0.00      0.00      4.23     17.41      0.00      0.00      0.00      0.00      0.00     78.36
07:12:57 PM     all      0.00      0.00      3.98     18.66      0.00      0.25      0.25      0.00      0.00     76.87
07:12:58 PM     all      0.25      0.00      3.47     17.87      0.00      0.25      0.00      0.00      0.00     78.16
07:12:59 PM     all      0.00      0.00      3.99     21.45      0.00      0.25      0.00      0.00      0.00     74.31
07:13:00 PM     all      1.50      0.00      4.74     18.95      0.00      0.00      0.25      0.00      0.00     74.56
07:13:01 PM     all      0.00      0.00      6.45     11.66      0.00      0.25      0.25      0.00      0.00     81.39
07:13:02 PM     all      0.50      0.00      3.97     13.15      0.00      0.25      0.00      0.00      0.00     82.13
07:13:03 PM     all      0.75      0.00      8.73     13.72      0.00      0.25      0.25      0.00      0.00     76.31
07:13:04 PM     all      0.25      0.00     10.10     14.53      0.00      0.00      0.25      0.00      0.00     74.88
07:13:05 PM     all      0.25      0.00      4.44     19.01      0.00      0.25      0.00      0.00      0.00     76.05
07:13:06 PM     all      0.25      0.00      5.16     19.66      0.00      0.25      0.25      0.00      0.00     74.45
07:13:07 PM     all      0.00      0.00      5.94     17.57      0.00      0.25      0.00      0.00      0.00     76.24
07:13:08 PM     all      0.00      0.00      4.44     20.99      0.00      0.00      0.25      0.00      0.00     74.32
07:13:09 PM     all      0.25      0.00      4.90     20.10      0.00      0.25      0.00      0.00      0.00     74.51
07:13:10 PM     all      0.49      0.00      4.43     16.26      0.00      0.25      0.25      0.00      0.00     78.33
07:13:11 PM     all      0.00      0.00      5.46     19.35      0.00      0.00      0.00      0.00      0.00     75.19
07:13:12 PM     all      0.25      0.00      4.21     19.55      0.00      0.25      0.25      0.00      0.00     75.50
07:13:13 PM     all      0.00      0.00      5.22     18.41      0.00      0.25      0.00      0.00      0.00     76.12
07:13:14 PM     all      0.49      0.00      4.65     20.54      0.00      0.24      0.24      0.00      0.00     73.84
07:13:15 PM     all      0.25      0.00      5.72     16.17      0.00      0.00      0.00      0.00      0.00     77.86
07:13:16 PM     all      0.25      0.00      3.49     20.45      0.00      0.25      0.25      0.00      0.00     75.31
07:13:17 PM     all      0.49      0.00      4.94     16.54      0.00      0.25      0.25      0.00      0.00     77.53
07:13:18 PM     all      0.25      0.00      4.24     16.46      0.00      0.25      0.00      0.00      0.00     78.80
07:13:19 PM     all      0.25      0.00      4.69     17.28      0.00      0.00      0.25      0.00      0.00     77.53
07:13:20 PM     all      0.25      0.00      3.72     18.36      0.00      0.25      0.00      0.00      0.00     77.42
07:13:21 PM     all      0.00      0.00      4.47     21.09      0.00      0.25      0.25      0.00      0.00     73.95
07:13:22 PM     all      0.25      0.00      3.99     18.20      0.00      0.00      0.00      0.00      0.00     77.56
07:13:23 PM     all      0.25      0.00      4.47     18.36      0.00      0.25      0.25      0.00      0.00     76.43
07:13:24 PM     all      0.25      0.00      3.73     18.66      0.00      0.25      0.00      0.00      0.00     77.11
07:13:25 PM     all      0.25      0.00      4.75     17.25      0.00      0.00      0.25      0.00      0.00     77.50
07:13:26 PM     all      0.25      0.00      4.49     18.95      0.00      0.25      0.00      0.00      0.00     76.06
07:13:27 PM     all      0.50      0.00      4.24     15.71      0.00      0.25      0.25      0.00      0.00     79.05
07:13:28 PM     all      0.50      0.00     13.90     12.66      0.00      0.25      0.25      0.00      0.00     72.46
07:13:29 PM     all      0.25      0.00      4.50     17.25      0.00      0.25      0.00      0.00      0.00     77.75
07:13:30 PM     all      0.25      0.00      2.76     17.79      0.00      0.00      0.25      0.00      0.00     78.95
07:13:31 PM     all      0.50      0.00      4.47     17.87      0.00      0.25      0.00      0.00      0.00     76.92
07:13:32 PM     all      0.50      0.00      2.75     19.75      0.00      0.00      0.25      0.00      0.00     76.75
07:13:33 PM     all      0.50      0.00      3.52     18.09      0.00      0.25      0.00      0.00      0.00     77.64
07:13:34 PM     all      0.75      0.00      3.23     19.15      0.00      0.25      0.25      0.00      0.00     76.37
07:13:35 PM     all      0.25      0.00      4.25     15.25      0.00      0.25      0.00      0.00      0.00     80.00
07:13:36 PM     all      0.50      0.00      3.26     17.79      0.00      0.00      0.25      0.00      0.00     78.20
07:13:37 PM     all      0.50      0.00      3.26     19.80      0.00      0.25      0.00      0.00      0.00     76.19
07:13:38 PM     all      0.50      0.00      3.51     20.05      0.00      0.25      0.25      0.00      0.00     75.44
07:13:39 PM     all      0.50      0.00      3.49     20.20      0.00      0.00      0.00      0.00      0.00     75.81
07:13:40 PM     all      0.25      0.00      4.50     17.25      0.00      0.25      0.25      0.00      0.00     77.50
07:13:41 PM     all      0.25      0.00      2.75     18.25      0.00      0.25      0.00      0.00      0.00     78.50
07:13:42 PM     all      0.50      0.00      3.78     19.40      0.00      0.00      0.25      0.00      0.00     76.07
07:13:43 PM     all      0.50      0.00      2.99     18.45      0.00      0.25      0.00      0.00      0.00     77.81
07:13:44 PM     all      0.25      0.00      4.74     17.21      0.00      0.25      0.25      0.00      0.00     77.31
07:13:45 PM     all      0.25      0.00      2.76     22.06      0.00      0.25      0.00      0.00      0.00     74.69
07:13:46 PM     all      0.25      0.00      2.51     22.06      0.00      0.00      0.25      0.00      0.00     74.94
07:13:47 PM     all      0.25      0.00      2.51     21.30      0.00      0.25      0.00      0.00      0.00     75.69
07:13:48 PM     all      0.00      0.00      2.51     22.31      0.00      0.25      0.25      0.00      0.00     74.69
07:13:49 PM     all      0.51      0.00      2.78     19.95      0.00      0.00      0.00      0.00      0.00     76.77
07:13:50 PM     all      0.00      0.00      2.53     19.70      0.00      0.25      0.25      0.00      0.00     77.27
07:13:51 PM     all      0.00      0.00      5.53     18.59      0.00      0.25      0.00      0.00      0.00     75.63
07:13:52 PM     all      0.50      0.00      6.48     15.21      0.00      0.25      0.25      0.00      0.00     77.31
07:13:53 PM     all      2.99      0.00     88.06      3.48      0.00      0.50      0.50      0.00      0.00      4.48
07:13:54 PM     all      1.73      0.00     86.17     10.62      0.00      0.49      0.49      0.00      0.00      0.49
07:13:55 PM     all      2.01      0.00     87.22      9.02      0.00      0.50      0.50      0.00      0.00      0.75
07:13:56 PM     all      2.24      0.00     91.02      5.24      0.00      0.50      0.75      0.00      0.00      0.25
07:13:57 PM     all      2.00      0.00     92.02      4.99      0.00      0.50      0.50      0.00      0.00      0.00
07:13:58 PM     all      3.01      0.00     90.23      5.26      0.00      0.50      0.50      0.00      0.00      0.50
07:13:59 PM     all      2.76      0.00     87.72      8.27      0.00      0.50      0.50      0.00      0.00      0.25
07:14:00 PM     all      3.26      0.00     88.72      6.52      0.00      0.50      0.50      0.00      0.00      0.50
07:14:01 PM     all      2.74      0.00     88.56      6.97      0.00      0.50      0.75      0.00      0.00      0.50
07:14:02 PM     all      2.27      0.00     91.18      5.29      0.00      0.76      0.50      0.00      0.00      0.00
07:14:03 PM     all      2.51      0.00     88.47      7.77      0.00      0.50      0.50      0.00      0.00      0.25
07:14:04 PM     all      3.02      0.00     85.89      9.82      0.00      0.50      0.50      0.00      0.00      0.25
07:14:05 PM     all      2.48      0.00     88.37      7.43      0.00      0.50      0.74      0.00      0.00      0.50
07:14:06 PM     all      2.52      0.00     91.94      4.28      0.00      0.50      0.50      0.00      0.00      0.25
07:14:07 PM     all      2.01      0.00     92.23      4.26      0.00      0.50      0.50      0.00      0.00      0.50
Average:        all      1.04      0.00     33.77     14.13      0.00      0.31      0.29      0.00      0.00     50.45
