Linux 4.9.253-tegra (nano-desktop) 	10/16/2023 	_aarch64_	(4 CPU)

11:07:22 PM     CPU      %usr     %nice      %sys   %iowait    %steal      %irq     %soft    %guest    %gnice     %idle
11:07:23 PM     all     21.30      0.00     11.28      0.75      0.00      0.50      0.25      0.00      0.00     65.91
11:07:24 PM     all     25.13      0.00      0.50      0.00      0.00      0.25      0.00      0.00      0.00     74.12
11:07:25 PM     all     24.81      0.00      1.25      0.00      0.00      0.50      0.25      0.00      0.00     73.18
11:07:26 PM     all     25.25      0.00      0.76      0.00      0.00      0.25      0.00      0.00      0.00     73.74
11:07:27 PM     all     25.06      0.00      0.75      0.00      0.00      0.25      0.25      0.00      0.00     73.68
11:07:28 PM     all     25.06      0.00      0.51      0.00      0.00      0.51      0.00      0.00      0.00     73.92
11:07:29 PM     all     24.81      0.00      0.50      0.00      0.00      0.25      0.25      0.00      0.00     74.19
11:07:30 PM     all     24.75      0.00      0.51      0.00      0.00      0.25      0.00      0.00      0.00     74.49
11:07:31 PM     all     24.75      0.00      0.51      0.00      0.00      0.25      0.00      0.00      0.00     74.49
11:07:32 PM     all     24.69      0.00      1.26      0.00      0.00      0.25      0.25      0.00      0.00     73.55
11:07:33 PM     all     25.63      0.00      2.01      1.51      0.00      0.50      0.00      0.00      0.00     70.35
11:07:34 PM     all     24.81      0.00      0.50      0.00      0.00      0.25      0.25      0.00      0.00     74.19
11:07:35 PM     all     10.86      0.00      0.51      0.00      0.00      0.51      0.25      0.00      0.00     87.88
11:07:36 PM     all     18.55      0.00      0.50      0.00      0.00      0.50      0.25      0.00      0.00     80.20
11:07:37 PM     all     24.87      0.00      0.50      0.00      0.00      0.25      0.00      0.00      0.00     74.37
11:07:38 PM     all     25.06      0.00      0.75      0.25      0.00      0.25      0.00      0.00      0.00     73.68
11:07:39 PM     all     25.00      0.00      0.25      0.00      0.00      0.25      0.25      0.00      0.00     74.24
11:07:40 PM     all     25.00      0.00      2.00      0.00      0.00      0.50      0.00      0.00      0.00     72.50
11:07:41 PM     all     24.87      0.00      0.50      0.00      0.00      0.25      0.25      0.00      0.00     74.12
11:07:42 PM     all     25.06      0.00      0.50      0.00      0.00      0.25      0.00      0.00      0.00     74.19
11:07:43 PM     all     25.44      0.00      1.50      0.25      0.00      0.50      0.25      0.00      0.00     72.07
11:07:44 PM     all     24.87      0.00      1.01      0.00      0.00      0.25      0.00      0.00      0.00     73.87
11:07:45 PM     all     25.13      0.00      0.50      0.00      0.00      0.25      0.25      0.00      0.00     73.87
11:07:46 PM     all     25.19      0.00      0.25      0.00      0.00      0.25      0.00      0.00      0.00     74.31
11:07:47 PM     all     25.06      0.00      0.50      0.00      0.00      0.50      0.00      0.00      0.00     73.93
11:07:48 PM     all     25.19      0.00      0.76      0.00      0.00      0.25      0.25      0.00      0.00     73.55
11:07:49 PM     all     14.86      0.00      1.01      8.06      0.00      1.01      0.50      0.00      0.00     74.56
11:07:50 PM     all     24.87      0.00      0.50      0.00      0.00      0.25      0.00      0.00      0.00     74.37
11:07:51 PM     all     25.13      0.00      0.25      0.00      0.00      0.25      0.25      0.00      0.00     74.12
11:07:52 PM     all     24.87      0.00      0.50      0.00      0.00      0.25      0.00      0.00      0.00     74.37
11:07:53 PM     all     25.31      0.00      0.75      0.25      0.00      0.25      0.00      0.00      0.00     73.43
11:07:54 PM     all     24.69      0.00      0.50      0.00      0.00      0.25      0.25      0.00      0.00     74.31
11:07:55 PM     all     25.06      0.00      0.50      0.00      0.00      0.50      0.00      0.00      0.00     73.93
11:07:56 PM     all     24.87      0.00      0.50      0.00      0.00      0.25      0.00      0.00      0.00     74.37
11:07:57 PM     all     25.13      0.00      0.50      0.00      0.00      0.25      0.25      0.00      0.00     73.87
11:07:58 PM     all     25.75      0.00      0.50      0.25      0.00      0.25      0.00      0.00      0.00     73.25
11:07:59 PM     all     25.38      0.00      1.76      0.00      0.00      0.50      0.25      0.00      0.00     72.11
11:08:00 PM     all     25.31      0.00      1.00      0.00      0.00      0.25      0.00      0.00      0.00     73.43
11:08:01 PM     all     24.56      0.00      0.75      0.00      0.00      0.50      0.25      0.00      0.00     73.93
11:08:02 PM     all      8.06      0.00      0.50      0.00      0.00      0.25      0.25      0.00      0.00     90.93
11:08:03 PM     all     11.78      0.00      0.75      0.25      0.00      0.50      0.25      0.00      0.00     86.47
11:08:04 PM     all     25.13      0.00      0.25      0.00      0.00      0.25      0.00      0.00      0.00     74.37
11:08:05 PM     all     25.38      0.00      1.01      0.00      0.00      0.25      0.00      0.00      0.00     73.37
11:08:06 PM     all     25.13      0.00      0.50      0.00      0.00      0.25      0.25      0.00      0.00     73.87
11:08:07 PM     all     25.13      0.00      0.50      0.00      0.00      0.50      0.00      0.00      0.00     73.87
11:08:08 PM     all     24.69      0.00      0.50      0.25      0.00      0.25      0.25      0.00      0.00     74.06
11:08:09 PM     all     25.19      0.00      0.25      0.00      0.00      0.25      0.00      0.00      0.00     74.31
11:08:10 PM     all     25.25      0.00      0.25      0.00      0.00      0.25      0.00      0.00      0.00     74.24
11:08:11 PM     all     24.94      0.00      0.25      0.00      0.00      0.25      0.25      0.00      0.00     74.31
11:08:12 PM     all     25.06      0.00      0.50      0.00      0.00      0.25      0.00      0.00      0.00     74.19
11:08:13 PM     all     25.13      0.00      0.25      0.00      0.00      0.50      0.25      0.00      0.00     73.87
11:08:14 PM     all     24.94      0.00      0.50      0.00      0.00      0.25      0.00      0.00      0.00     74.31
11:08:15 PM     all     25.06      0.00      0.75      0.00      0.00      0.25      0.00      0.00      0.00     73.93
11:08:16 PM     all     16.54      0.00      0.75      0.00      0.00      1.00      0.50      0.00      0.00     81.20
11:08:17 PM     all     24.69      0.00      0.76      0.00      0.00      0.25      0.00      0.00      0.00     74.31
11:08:18 PM     all     25.44      0.00      2.49      0.25      0.00      0.25      0.25      0.00      0.00     71.32
11:08:19 PM     all     25.06      0.00      0.50      0.00      0.00      0.50      0.00      0.00      0.00     73.93
11:08:20 PM     all     24.94      0.00      0.75      0.00      0.00      0.25      0.25      0.00      0.00     73.82
11:08:21 PM     all     25.19      0.00      0.50      0.00      0.00      0.25      0.00      0.00      0.00     74.06
11:08:22 PM     all     25.25      0.00      1.00      0.00      0.00      0.25      0.25      0.00      0.00     73.25
11:08:23 PM     all     25.19      0.00      0.50      0.00      0.00      0.25      0.00      0.00      0.00     74.06
11:08:24 PM     all     25.13      0.00      0.75      0.00      0.00      0.25      0.00      0.00      0.00     73.87
11:08:25 PM     all     24.81      0.00      0.75      2.76      0.00      0.50      0.25      0.00      0.00     70.93
11:08:26 PM     all     25.13      0.00      0.50      0.00      0.00      0.25      0.00      0.00      0.00     74.12
11:08:27 PM     all     24.87      0.00      1.51      0.00      0.00      0.25      0.25      0.00      0.00     73.12
11:08:28 PM     all     23.81      0.00      0.75      0.00      0.00      0.50      0.00      0.00      0.00     74.94
11:08:29 PM     all     19.55      0.00      0.75      0.00      0.00      0.75      0.50      0.00      0.00     78.45
11:08:30 PM     all     24.87      0.00      0.50      0.00      0.00      0.25      0.00      0.00      0.00     74.37
11:08:31 PM     all     24.87      0.00      0.50      0.00      0.00      0.25      0.25      0.00      0.00     74.12
11:08:32 PM     all     25.06      0.00      0.50      0.00      0.00      0.25      0.00      0.00      0.00     74.19
11:08:33 PM     all     24.87      0.00      0.50      0.25      0.00      0.50      0.00      0.00      0.00     73.87
11:08:34 PM     all     24.87      0.00      0.50      0.00      0.00      0.25      0.25      0.00      0.00     74.12
11:08:35 PM     all     25.63      0.00      1.26      0.00      0.00      0.25      0.00      0.00      0.00     72.86
11:08:36 PM     all     24.56      0.00      0.75      0.00      0.00      0.25      0.25      0.00      0.00     74.19
11:08:37 PM     all     24.62      0.00      1.01      0.00      0.00      0.25      0.00      0.00      0.00     74.12
11:08:38 PM     all     24.62      0.00      1.01      0.25      0.00      0.25      0.00      0.00      0.00     73.87
11:08:39 PM     all     25.06      0.00      0.50      0.00      0.00      0.50      0.25      0.00      0.00     73.68
11:08:40 PM     all     24.87      0.00      0.75      0.00      0.00      0.25      0.00      0.00      0.00     74.12
11:08:41 PM     all     25.06      0.00      1.75      0.00      0.00      0.25      0.25      0.00      0.00     72.68
11:08:42 PM     all     17.79      0.00      0.50      0.00      0.00      0.75      0.50      0.00      0.00     80.45
11:08:43 PM     all     24.87      0.00      0.50      0.00      0.00      0.50      0.00      0.00      0.00     74.12
11:08:44 PM     all     25.38      0.00      1.51      0.00      0.00      0.25      0.00      0.00      0.00     72.86
11:08:45 PM     all     25.06      0.00      0.50      0.00      0.00      0.25      0.25      0.00      0.00     73.93
11:08:46 PM     all     25.31      0.00      0.50      0.00      0.00      0.25      0.00      0.00      0.00     73.93
11:08:47 PM     all     25.06      0.00      0.50      0.00      0.00      0.50      0.25      0.00      0.00     73.68
11:08:48 PM     all     25.19      0.00      0.25      0.00      0.00      0.25      0.00      0.00      0.00     74.31
11:08:49 PM     all     24.94      0.00      0.50      0.00      0.00      0.25      0.00      0.00      0.00     74.31
11:08:50 PM     all     24.81      0.00      0.75      0.00      0.00      0.25      0.25      0.00      0.00     73.93
11:08:51 PM     all     25.44      0.00      2.27      0.00      0.00      0.50      0.00      0.00      0.00     71.79
11:08:52 PM     all     24.62      0.00      0.75      0.00      0.00      0.25      0.25      0.00      0.00     74.12
11:08:53 PM     all     24.25      0.00      1.50      0.25      0.00      0.25      0.00      0.00      0.00     73.75
11:08:54 PM     all     19.60      0.00      0.75      0.00      0.00      0.75      0.50      0.00      0.00     78.39
11:08:55 PM     all     24.69      0.00      0.50      0.00      0.00      0.50      0.00      0.00      0.00     74.31
11:08:56 PM     all     24.50      0.00      1.00      0.00      0.00      0.25      0.25      0.00      0.00     74.00
11:08:57 PM     all     24.69      0.00      0.76      0.00      0.00      0.25      0.00      0.00      0.00     74.31
11:08:58 PM     all     25.76      0.00      0.51      0.00      0.00      0.25      0.00      0.00      0.00     73.48
11:08:59 PM     all     25.13      0.00      0.25      0.00      0.00      0.25      0.25      0.00      0.00     74.12
11:09:00 PM     all     25.63      0.00      1.76      0.00      0.00      0.50      0.00      0.00      0.00     72.11
11:09:01 PM     all     25.31      0.00      0.75      0.00      0.00      0.25      0.25      0.00      0.00     73.43
11:09:02 PM     all     25.06      0.00      0.75      0.00      0.00      0.25      0.00      0.00      0.00     73.93
11:09:03 PM     all     24.94      0.00      1.00      0.25      0.00      0.50      0.25      0.00      0.00     73.07
11:09:04 PM     all     25.31      0.00      0.50      0.00      0.00      0.25      0.00      0.00      0.00     73.93
11:09:05 PM     all     25.13      0.00      0.75      0.00      0.00      0.25      0.00      0.00      0.00     73.87
11:09:06 PM     all     24.81      0.00      0.75      0.00      0.00      0.25      0.25      0.00      0.00     73.93
11:09:07 PM     all     19.10      0.00      1.26      0.00      0.00      0.25      0.00      0.00      0.00     79.40
11:09:08 PM     all      6.00      0.00      1.00      0.25      0.00      0.75      0.50      0.00      0.00     91.50
11:09:09 PM     all     25.25      0.00      0.75      0.00      0.00      0.50      0.00      0.00      0.00     73.50
11:09:10 PM     all     24.19      0.00      1.50      0.00      0.00      0.25      0.25      0.00      0.00     73.82
11:09:11 PM     all     23.56      0.00      2.26      0.00      0.00      0.25      0.00      0.00      0.00     73.93
11:09:12 PM     all     24.94      0.00      1.00      0.00      0.00      0.25      0.25      0.00      0.00     73.57
11:09:13 PM     all     24.56      0.00      1.00      0.00      0.00      0.50      0.00      0.00      0.00     73.93
11:09:14 PM     all     24.94      0.00      1.25      0.00      0.00      0.25      0.00      0.00      0.00     73.57
11:09:15 PM     all     24.63      0.00      1.49      0.00      0.00      0.25      0.25      0.00      0.00     73.38
11:09:16 PM     all     24.88      0.00      1.49      0.00      0.00      0.25      0.00      0.00      0.00     73.38
11:09:17 PM     all     24.94      0.00      2.96      0.00      0.00      0.49      0.25      0.00      0.00     71.36
11:09:18 PM     all     24.94      0.00      1.50      0.25      0.00      0.25      0.00      0.00      0.00     73.07
11:09:19 PM     all     24.44      0.00      2.47      0.00      0.00      0.25      0.25      0.00      0.00     72.59
11:09:20 PM     all     24.44      0.00      2.47      0.00      0.00      0.25      0.00      0.00      0.00     72.84
11:09:21 PM     all     15.38      0.00      2.23      0.00      0.00      0.74      0.50      0.00      0.00     81.14
11:09:22 PM     all     24.32      0.00      2.46      0.00      0.00      0.49      0.00      0.00      0.00     72.73
11:09:23 PM     all     24.38      0.00      2.22      0.25      0.00      0.25      0.25      0.00      0.00     72.66
11:09:24 PM     all     24.63      0.00      2.46      0.00      0.00      0.25      0.00      0.00      0.00     72.66
11:09:25 PM     all     25.19      0.00      2.47      0.00      0.00      0.25      0.25      0.00      0.00     71.85
11:09:26 PM     all     24.63      0.00      2.46      0.00      0.00      0.25      0.00      0.00      0.00     72.66
11:09:27 PM     all     24.57      0.00      2.70      0.00      0.00      0.49      0.00      0.00      0.00     72.24
11:09:28 PM     all     24.57      0.00      2.46      0.00      0.00      0.25      0.25      0.00      0.00     72.48
11:09:29 PM     all     24.88      0.00      2.22      0.00      0.00      0.25      0.00      0.00      0.00     72.66
11:09:30 PM     all     24.44      0.00      2.22      0.00      0.00      0.25      0.25      0.00      0.00     72.84
11:09:31 PM     all     24.94      0.00      2.72      0.00      0.00      0.49      0.00      0.00      0.00     71.85
11:09:32 PM     all     24.57      0.00      1.74      0.00      0.00      0.25      0.25      0.00      0.00     73.20
11:09:33 PM     all     24.75      0.00      1.50      0.00      0.00      0.25      0.00      0.00      0.00     73.50
11:09:34 PM     all     18.70      0.00      1.50      0.00      0.00      0.75      0.50      0.00      0.00     78.55
11:09:35 PM     all     24.75      0.00      1.25      0.00      0.00      0.25      0.00      0.00      0.00     73.75
11:09:36 PM     all     24.63      0.00      1.49      0.00      0.00      0.25      0.00      0.00      0.00     73.63
11:09:37 PM     all     24.88      0.00      1.00      1.49      0.00      0.50      0.25      0.00      0.00     71.89
11:09:38 PM     all     25.94      0.00      1.00      0.25      0.00      0.25      0.00      0.00      0.00     72.57
11:09:39 PM     all     24.75      0.00      1.98      0.00      0.00      0.25      0.25      0.00      0.00     72.77
11:09:40 PM     all     25.50      0.00      1.49      0.00      0.00      0.25      0.00      0.00      0.00     72.77
11:09:41 PM     all     24.44      0.00      1.98      0.00      0.00      0.49      0.25      0.00      0.00     72.84
11:09:42 PM     all     24.69      0.00      1.50      0.00      0.00      0.25      0.00      0.00      0.00     73.57
11:09:43 PM     all     24.25      0.00      1.50      0.00      0.00      0.25      0.25      0.00      0.00     73.75
11:09:44 PM     all     24.81      0.00      1.49      0.00      0.00      0.25      0.00      0.00      0.00     73.45
11:09:45 PM     all     24.69      0.00      1.98      0.00      0.00      0.25      0.25      0.00      0.00     72.84
11:09:46 PM     all     24.07      0.00      2.23      0.00      0.00      0.50      0.00      0.00      0.00     73.20
11:09:47 PM     all     14.00      0.00      1.25      0.25      0.00      0.50      0.25      0.00      0.00     83.75
11:09:48 PM     all     24.44      0.00      1.75      0.25      0.00      0.50      0.25      0.00      0.00     72.82
11:09:49 PM     all     25.25      0.00      0.50      0.00      0.00      0.25      0.00      0.00      0.00     74.00
11:09:50 PM     all     24.69      0.00      1.25      0.00      0.00      0.25      0.25      0.00      0.00     73.57
11:09:51 PM     all     24.88      0.00      1.74      0.00      0.00      0.25      0.00      0.00      0.00     73.13
11:09:52 PM     all     24.88      0.00      1.00      0.00      0.00      0.50      0.25      0.00      0.00     73.38
11:09:53 PM     all     25.31      0.00      2.01      0.25      0.00      0.25      0.00      0.00      0.00     72.18
11:09:54 PM     all     25.37      0.00      0.75      0.00      0.00      0.25      0.25      0.00      0.00     73.38
11:09:55 PM     all     25.56      0.00      0.99      0.00      0.00      0.25      0.00      0.00      0.00     73.20
11:09:56 PM     all     25.81      0.00      1.00      0.00      0.00      0.50      0.00      0.00      0.00     72.68
11:09:57 PM     all     25.06      0.00      0.99      0.00      0.00      0.25      0.25      0.00      0.00     73.45
11:09:58 PM     all     25.00      0.00      1.00      0.25      0.00      0.25      0.00      0.00      0.00     73.50
11:09:59 PM     all     25.25      0.00      1.00      0.00      0.00      0.25      0.25      0.00      0.00     73.25
11:10:00 PM     all     25.25      0.00      1.00      0.00      0.00      0.25      0.00      0.00      0.00     73.50
11:10:01 PM     all     19.55      0.00      0.75      0.00      0.00      0.75      0.50      0.00      0.00     78.45
11:10:02 PM     all     25.13      0.00      1.26      0.00      0.00      0.50      0.00      0.00      0.00     73.12
11:10:03 PM     all     25.50      0.00      2.50      0.25      0.00      0.25      0.25      0.00      0.00     71.25
11:10:04 PM     all     24.94      0.00      1.25      0.00      0.00      0.25      0.00      0.00      0.00     73.57
11:10:05 PM     all     25.19      0.00      0.75      0.00      0.00      0.25      0.25      0.00      0.00     73.57
11:10:06 PM     all     25.31      0.00      1.00      0.00      0.00      0.50      0.00      0.00      0.00     73.18
11:10:07 PM     all     25.31      0.00      0.50      0.00      0.00      0.25      0.00      0.00      0.00     73.93
11:10:08 PM     all     24.81      0.00      0.75      0.00      0.00      0.25      0.25      0.00      0.00     73.93
11:10:09 PM     all     25.38      0.00      0.25      0.00      0.00      0.25      0.00      0.00      0.00     74.12
11:10:10 PM     all     24.81      0.00      0.75      0.00      0.00      0.25      0.25      0.00      0.00     73.93
11:10:11 PM     all     25.19      0.00      0.25      0.00      0.00      0.25      0.00      0.00      0.00     74.31
11:10:12 PM     all     25.50      0.00      1.00      0.00      0.00      0.50      0.00      0.00      0.00     73.00
11:10:13 PM     all     24.81      0.00      0.50      0.25      0.00      0.25      0.25      0.00      0.00     73.93
11:10:14 PM     all     16.37      0.00      0.76      0.00      0.00      0.76      0.25      0.00      0.00     81.86
11:10:15 PM     all     24.87      0.00      0.50      0.00      0.00      0.25      0.00      0.00      0.00     74.37
11:10:16 PM     all     25.06      0.00      0.50      0.00      0.00      0.25      0.25      0.00      0.00     73.93
11:10:17 PM     all     25.00      0.00      0.75      0.00      0.00      0.50      0.00      0.00      0.00     73.75
11:10:18 PM     all     25.25      0.00      1.50      0.25      0.00      0.25      0.25      0.00      0.00     72.50
11:10:19 PM     all     25.13      0.00      0.50      0.00      0.00      0.25      0.00      0.00      0.00     74.12
11:10:20 PM     all     24.75      0.00      0.50      0.00      0.00      0.50      0.25      0.00      0.00     74.00
11:10:21 PM     all     25.19      0.00      0.76      0.00      0.00      0.25      0.00      0.00      0.00     73.80
11:10:22 PM     all     24.94      0.00      0.50      0.00      0.00      0.25      0.25      0.00      0.00     74.06
11:10:23 PM     all     24.87      0.00      1.01      0.00      0.00      0.25      0.00      0.00      0.00     73.87
11:10:24 PM     all     24.87      0.00      0.50      0.00      0.00      0.50      0.00      0.00      0.00     74.12
11:10:25 PM     all     25.31      0.00      1.00      0.00      0.00      0.25      0.25      0.00      0.00     73.18
11:10:26 PM     all     24.69      0.00      0.76      0.00      0.00      0.25      0.00      0.00      0.00     74.31
11:10:27 PM     all     18.84      0.00      0.25      0.00      0.00      0.75      0.50      0.00      0.00     79.65
11:10:28 PM     all     25.13      0.00      0.25      0.25      0.00      0.25      0.00      0.00      0.00     74.12
11:10:29 PM     all     24.69      0.00      0.76      0.00      0.00      0.25      0.00      0.00      0.00     74.31
11:10:30 PM     all     25.00      0.00      0.75      0.00      0.00      0.25      0.25      0.00      0.00     73.75
11:10:31 PM     all     24.87      0.00      0.50      0.00      0.00      0.50      0.00      0.00      0.00     74.12
11:10:32 PM     all     24.87      0.00      0.75      0.00      0.00      0.25      0.00      0.00      0.00     74.12
11:10:33 PM     all     24.81      0.00      0.75      0.25      0.00      0.25      0.25      0.00      0.00     73.68
11:10:34 PM     all     25.76      0.00      1.01      0.00      0.00      0.25      0.00      0.00      0.00     72.98
11:10:35 PM     all     24.88      0.00      0.75      0.00      0.00      0.50      0.25      0.00      0.00     73.63
11:10:36 PM     all     25.00      0.00      0.25      0.00      0.00      0.25      0.00      0.00      0.00     74.49
11:10:37 PM     all     24.87      0.00      0.75      0.00      0.00      0.25      0.00      0.00      0.00     74.12
11:10:38 PM     all     24.81      0.00      0.75      0.25      0.00      0.25      0.25      0.00      0.00     73.68
11:10:39 PM     all     24.87      0.00      0.50      0.00      0.00      0.25      0.00      0.00      0.00     74.37
11:10:40 PM     all     16.04      0.00      1.25      0.00      0.00      0.75      0.50      0.00      0.00     81.45
11:10:41 PM     all     25.13      0.00      0.50      0.00      0.00      0.25      0.00      0.00      0.00     74.12
11:10:42 PM     all     24.94      0.00      0.25      0.00      0.00      0.25      0.00      0.00      0.00     74.56
11:10:43 PM     all     24.87      0.00      0.50      0.00      0.00      0.25      0.25      0.00      0.00     74.12
11:10:44 PM     all     24.87      0.00      0.50      0.50      0.00      0.50      0.00      0.00      0.00     73.62
11:10:45 PM     all     25.06      0.00      0.50      0.00      0.00      0.25      0.25      0.00      0.00     73.93
11:10:46 PM     all     25.00      0.00      0.25      0.00      0.00      0.25      0.00      0.00      0.00     74.49
11:10:47 PM     all     24.87      0.00      0.50      0.00      0.00      0.25      0.00      0.00      0.00     74.37
11:10:48 PM     all     25.25      0.00      1.50      0.00      0.00      0.50      0.25      0.00      0.00     72.50
11:10:49 PM     all     24.87      0.00      0.75      0.00      0.00      0.25      0.00      0.00      0.00     74.12
11:10:50 PM     all     24.94      0.00      1.00      0.00      0.00      0.25      0.25      0.00      0.00     73.57
11:10:51 PM     all     25.19      0.00      0.50      0.00      0.00      0.25      0.00      0.00      0.00     74.06
11:10:52 PM     all     24.88      0.00      0.75      0.00      0.00      0.50      0.25      0.00      0.00     73.63
11:10:53 PM     all     17.88      0.00      0.76      0.25      0.00      0.76      0.25      0.00      0.00     80.10
11:10:54 PM     all     25.06      0.00      0.25      0.00      0.00      0.25      0.25      0.00      0.00     74.19
11:10:55 PM     all     25.13      0.00      0.25      0.00      0.00      0.25      0.00      0.00      0.00     74.37
11:10:56 PM     all     25.19      0.00      1.51      0.00      0.00      0.25      0.00      0.00      0.00     73.05
11:10:57 PM     all     24.62      0.00      0.75      0.00      0.00      0.25      0.25      0.00      0.00     74.12
11:10:58 PM     all     24.87      0.00      0.50      0.25      0.00      0.50      0.00      0.00      0.00     73.87
11:10:59 PM     all     24.87      0.00      0.75      0.00      0.00      0.25      0.25      0.00      0.00     73.87
11:11:00 PM     all     24.94      0.00      1.01      0.00      0.00      0.25      0.00      0.00      0.00     73.80
11:11:01 PM     all     24.94      0.00      0.50      0.00      0.00      0.25      0.00      0.00      0.00     74.31
11:11:02 PM     all     24.75      0.00      0.75      0.00      0.00      0.50      0.25      0.00      0.00     73.75
11:11:03 PM     all     25.44      0.00      1.01      0.00      0.00      0.25      0.00      0.00      0.00     73.30
11:11:04 PM     all     25.06      0.00      0.50      0.00      0.00      0.25      0.25      0.00      0.00     73.93
11:11:05 PM     all     23.68      0.00      1.76      0.00      0.00      0.25      0.00      0.00      0.00     74.31
11:11:06 PM     all     20.25      0.00      0.75      0.00      0.00      1.00      0.50      0.00      0.00     77.50
11:11:07 PM     all     25.38      0.00      0.50      0.00      0.00      0.00      0.00      0.00      0.00     74.12
11:11:08 PM     all     25.50      0.00      0.75      0.25      0.00      0.50      0.00      0.00      0.00     73.00
11:11:09 PM     all     25.31      0.00      1.50      1.75      0.00      0.25      0.25      0.00      0.00     70.93
11:11:10 PM     all     24.94      0.00      0.50      0.00      0.00      0.25      0.00      0.00      0.00     74.31
11:11:11 PM     all     24.75      0.00      0.50      0.00      0.00      0.50      0.25      0.00      0.00     74.00
11:11:12 PM     all     25.19      0.00      0.50      0.00      0.00      0.25      0.00      0.00      0.00     74.06
11:11:13 PM     all     24.94      0.00      1.01      0.25      0.00      0.25      0.00      0.00      0.00     73.55
11:11:14 PM     all     25.06      0.00      0.50      0.00      0.00      0.25      0.25      0.00      0.00     73.93
11:11:15 PM     all     25.19      0.00      1.76      0.00      0.00      0.25      0.00      0.00      0.00     72.80
11:11:16 PM     all     25.00      0.00      0.50      0.00      0.00      0.50      0.25      0.00      0.00     73.75
11:11:17 PM     all     25.25      0.00      0.51      0.00      0.00      0.25      0.00      0.00      0.00     73.99
11:11:18 PM     all     17.59      0.00      0.50      0.00      0.00      0.50      0.50      0.00      0.00     80.90
11:11:19 PM     all     24.87      0.00      0.50      0.00      0.00      0.25      0.00      0.00      0.00     74.37
11:11:20 PM     all     25.25      0.00      0.25      0.00      0.00      0.50      0.00      0.00      0.00     74.00
11:11:21 PM     all     24.81      0.00      0.75      0.00      0.00      0.25      0.25      0.00      0.00     73.93
11:11:22 PM     all     24.94      0.00      0.76      0.00      0.00      0.25      0.00      0.00      0.00     74.06
11:11:23 PM     all     25.56      0.00      1.25      0.25      0.00      0.50      0.00      0.00      0.00     72.43
11:11:24 PM     all     24.69      0.00      0.50      0.00      0.00      0.25      0.25      0.00      0.00     74.31
11:11:25 PM     all     25.13      0.00      0.50      0.00      0.00      0.25      0.00      0.00      0.00     74.12
11:11:26 PM     all     25.13      0.00      0.25      0.00      0.00      0.25      0.25      0.00      0.00     74.12
11:11:27 PM     all     24.69      0.00      0.76      0.00      0.00      0.25      0.00      0.00      0.00     74.31
11:11:28 PM     all     24.94      0.00      0.75      0.25      0.00      0.50      0.25      0.00      0.00     73.32
11:11:29 PM     all     25.19      0.00      0.50      0.00      0.00      0.25      0.00      0.00      0.00     74.06
11:11:30 PM     all     25.19      0.00      1.51      0.00      0.00      0.25      0.00      0.00      0.00     73.05
11:11:31 PM     all     24.12      0.00      0.75      0.00      0.00      0.25      0.25      0.00      0.00     74.62
11:11:32 PM     all     17.79      0.00      0.75      0.00      0.00      1.00      0.50      0.00      0.00     79.95
11:11:33 PM     all     25.19      0.00      0.50      0.00      0.00      0.25      0.00      0.00      0.00     74.06
11:11:34 PM     all     24.81      0.00      0.75      0.00      0.00      0.25      0.00      0.00      0.00     74.19
11:11:35 PM     all     24.75      0.00      0.75      0.00      0.00      0.25      0.25      0.00      0.00     74.00
11:11:36 PM     all     24.87      0.00      0.50      0.00      0.00      0.50      0.00      0.00      0.00     74.12
11:11:37 PM     all     25.44      0.00      0.00      0.00      0.00      0.25      0.00      0.00      0.00     74.31
11:11:38 PM     all     25.06      0.00      0.25      0.25      0.00      0.25      0.25      0.00      0.00     73.93
11:11:39 PM     all     24.87      0.00      0.75      0.00      0.00      0.25      0.00      0.00      0.00     74.12
11:11:40 PM     all     25.56      0.00      1.25      0.00      0.00      0.25      0.25      0.00      0.00     72.68
11:11:41 PM     all     25.00      0.00      0.75      0.00      0.00      0.50      0.00      0.00      0.00     73.75
11:11:42 PM     all     25.19      0.00      0.25      0.00      0.00      0.25      0.00      0.00      0.00     74.31
11:11:43 PM     all     25.13      0.00      0.50      0.00      0.00      0.25      0.25      0.00      0.00     73.87
11:11:44 PM     all     23.00      0.00      0.75      0.00      0.00      0.50      0.25      0.00      0.00     75.50
11:11:45 PM     all     21.72      0.00      0.51      0.00      0.00      0.51      0.25      0.00      0.00     77.02
11:11:46 PM     all     24.75      0.00      0.50      0.00      0.00      0.50      0.25      0.00      0.00     74.00
11:11:47 PM     all     25.13      0.00      0.50      0.00      0.00      0.25      0.00      0.00      0.00     74.12
11:11:48 PM     all     24.56      0.00      1.00      0.25      0.00      0.25      0.25      0.00      0.00     73.68
11:11:49 PM     all     25.19      0.00      0.25      0.00      0.00      0.25      0.00      0.00      0.00     74.31
11:11:50 PM     all     24.81      0.00      0.75      0.00      0.00      0.50      0.00      0.00      0.00     73.93
11:11:51 PM     all     25.13      0.00      0.25      0.00      0.00      0.25      0.25      0.00      0.00     74.12
11:11:52 PM     all     25.63      0.00      1.76      0.00      0.00      0.25      0.00      0.00      0.00     72.36
11:11:53 PM     all     25.13      0.00      0.50      0.00      0.00      0.25      0.25      0.00      0.00     73.87
11:11:54 PM     all     25.00      0.00      0.25      0.00      0.00      0.25      0.00      0.00      0.00     74.49
11:11:55 PM     all     25.00      0.00      0.50      0.00      0.00      0.50      0.25      0.00      0.00     73.75
11:11:56 PM     all     24.87      0.00      0.50      0.00      0.00      0.25      0.00      0.00      0.00     74.37
11:11:57 PM     all     22.11      0.00      0.75      0.00      0.00      0.50      0.25      0.00      0.00     76.38
11:11:58 PM     all     22.67      0.00      1.01      0.25      0.00      0.50      0.25      0.00      0.00     75.31
11:11:59 PM     all     25.31      0.00      0.50      0.00      0.00      0.50      0.00      0.00      0.00     73.68
11:12:00 PM     all     25.06      0.00      0.75      0.00      0.00      0.25      0.25      0.00      0.00     73.68
11:12:01 PM     all     25.00      0.00      0.51      0.00      0.00      0.25      0.00      0.00      0.00     74.24
11:12:02 PM     all     25.19      0.00      0.25      0.00      0.00      0.25      0.00      0.00      0.00     74.31
11:12:03 PM     all     25.13      0.00      0.50      0.00      0.00      0.25      0.25      0.00      0.00     73.87
11:12:04 PM     all     25.44      0.00      1.01      0.00      0.00      0.25      0.00      0.00      0.00     73.30
11:12:05 PM     all     24.81      0.00      0.50      0.75      0.00      0.50      0.25      0.00      0.00     73.18
11:12:06 PM     all     25.13      0.00      0.50      0.00      0.00      0.25      0.00      0.00      0.00     74.12
11:12:07 PM     all     24.75      0.00      0.51      0.00      0.00      0.25      0.00      0.00      0.00     74.49
11:12:08 PM     all     25.00      0.00      0.75      0.25      0.00      0.25      0.25      0.00      0.00     73.50
11:12:09 PM     all     24.87      0.00      1.26      0.00      0.00      0.50      0.00      0.00      0.00     73.37
11:12:10 PM     all     19.85      0.00      0.75      0.00      0.00      0.75      0.50      0.00      0.00     78.14
11:12:11 PM     all     25.13      0.00      0.25      0.00      0.00      0.25      0.00      0.00      0.00     74.37
11:12:12 PM     all     24.81      0.00      0.75      0.00      0.00      0.25      0.00      0.00      0.00     74.19
11:12:13 PM     all     24.81      0.00      0.75      0.25      0.00      0.25      0.25      0.00      0.00     73.68
11:12:14 PM     all     24.75      0.00      0.51      0.00      0.00      0.25      0.00      0.00      0.00     74.49
11:12:15 PM     all     25.44      0.00      1.25      0.00      0.00      0.50      0.25      0.00      0.00     72.57
11:12:16 PM     all     24.69      0.00      2.02      0.00      0.00      0.25      0.00      0.00      0.00     73.05
11:12:17 PM     all     24.87      0.00      0.50      0.00      0.00      0.25      0.25      0.00      0.00     74.12
11:12:18 PM     all     28.54      0.00      2.78      0.25      0.00      0.51      0.00      0.00      0.00     67.93
11:12:19 PM     all     38.68      0.00     10.69      0.00      0.00      0.51      0.25      0.00      0.00     49.87
11:12:20 PM     all     39.69      0.00      9.41      0.00      0.00      0.76      0.25      0.00      0.00     49.87
11:12:21 PM     all     38.31      0.00      9.45      1.00      0.00      0.75      0.25      0.00      0.00     50.25
11:12:22 PM     all     38.71      0.00     11.17      0.00      0.00      0.50      0.25      0.00      0.00     49.38
11:12:23 PM     all     34.91      0.00     10.47      0.25      0.00      0.75      0.25      0.00      0.00     53.37
11:12:24 PM     all     13.43      0.00      9.45      0.00      0.00      0.50      0.25      0.00      0.00     76.37
11:12:25 PM     all     13.72      0.00      9.48      0.00      0.00      0.50      0.00      0.00      0.00     76.31
11:12:26 PM     all     13.90      0.00     10.67      0.00      0.00      0.50      0.25      0.00      0.00     74.69
11:12:27 PM     all     13.00      0.00     11.00      0.00      0.00      0.50      0.00      0.00      0.00     75.50
11:12:28 PM     all     13.43      0.00      9.95      0.00      0.00      0.25      0.25      0.00      0.00     76.12
11:12:29 PM     all     11.66      0.00      8.19     15.63      0.00      0.74      0.25      0.00      0.00     63.52
11:12:30 PM     all     12.25      0.00      5.00     22.50      0.00      0.25      0.00      0.00      0.00     60.00
11:12:31 PM     all      0.25      0.00      1.51     23.62      0.00      0.25      0.25      0.00      0.00     74.12
11:12:32 PM     all      0.50      0.00      1.50     23.00      0.00      0.00      0.25      0.00      0.00     74.75
11:12:33 PM     all      1.51      0.00      1.26     32.91      0.00      0.25      0.00      0.00      0.00     64.07
