Linux 4.9.253-tegra (nano-desktop) 	10/16/2023 	_aarch64_	(4 CPU)

09:57:05 PM kbmemfree   kbavail kbmemused  %memused kbbuffers  kbcached  kbcommit   %commit  kbactive   kbinact   kbdirty  kbanonpg    kbslab  kbkstack   kbpgtbl  kbvmused
09:57:06 PM     89316    609336   3969924     97.80     10500    641204   6634832    108.97   2111504    984828      2212   2459416    122964      8880     18576         0
09:57:07 PM     87828    607912   3971412     97.84     10536    641232   6638956    109.03   2113572    984856      2240   2461496    122968      8880     18576         0
09:57:08 PM     94276    600960   3964964     97.68     10748    628272   6638956    109.03   2113052    978776      2256   2467664    122028      8864     18560         0
09:57:09 PM     94276    601096   3964964     97.68     10768    628204   6638956    109.03   2113176    978816      2300   2467900    122028      8864     18560         0
09:57:10 PM     94300    601184   3964940     97.68     10816    628220   6638956    109.03   2113480    978840      3980   2468056    122084      8864     18560         0
09:57:11 PM     94728    601612   3964512     97.67     10828    628236   6638956    109.03   2113480    978840      4012   2468180    122084      8864     18560         0
09:57:12 PM     94760    601684   3964480     97.67     10832    628276   6638956    109.03   2113656    978860      4036   2468216    122084      8864     18560         0
09:57:13 PM     94480    601428   3964760     97.67     10848    628280   6638956    109.03   2113812    978872      4040   2468372    122084      8864     18560         0
09:57:14 PM     94280    601228   3964960     97.68     10852    628276   6638956    109.03   2113868    978872      4044   2468436    122084      8864     18560         0
09:57:15 PM     94108    601180   3965132     97.68     10904    628320   6638956    109.03   2114128    978908      4168   2468632    122084      8864     18560         0
09:57:16 PM     94016    601088   3965224     97.68     10908    628316   6638956    109.03   2114252    978908      4168   2468632    122084      8864     18560         0
09:57:17 PM     91272    603244   3967968     97.75     10916    628344   6642940    109.10   2117004    978932      4192   2471440    122084      8864     18572         0
09:57:18 PM     92388    604360   3966852     97.72     10916    628344   6642940    109.10   2116328    978932      4192   2470812    122084      8864     18564         0
09:57:19 PM     94400    606436   3964840     97.67     10940    628384   6642940    109.10   2113220    978972      4240   2467668    122080      8896     18568         0
09:57:20 PM     93408    605560   3965832     97.70     11036    628404   6642940    109.10   2114064    979004      4356   2468416    122080      8896     18568         0
09:57:21 PM     91796    603956   3967444     97.74     11040    628408   6642940    109.10   2116000    979012      4360   2470352    122080      8896     18568         0
09:57:22 PM     86092    598260   3973148     97.88     11040    628416   6642940    109.10   2122420    979016      4364   2476820    122080      8896     18580         0
09:57:23 PM     86092    598264   3973148     97.88     11040    628420   6642940    109.10   2122548    979020      4368   2476932    122080      8896     18584         0
09:57:24 PM     85844    598016   3973396     97.89     11040    628424   6642940    109.10   2122548    979020      4372   2476932    122080      8896     18584         0
09:57:25 PM     85596    597788   3973644     97.89     11048    628436   6642940    109.10   2122652    979040      4384   2477084    122080      8896     18584         0
09:57:26 PM     85348    597576   3973892     97.90     11068    628448   6642940    109.10   2122920    979052      4424   2477272    122080      8896     18584         0
09:57:27 PM     85348    597576   3973892     97.90     11072    628444   6642940    109.10   2122920    979052      4424   2477272    122080      8896     18584         0
09:57:28 PM     85224    597472   3974016     97.90     11080    628456   6642940    109.10   2123080    979060      4432   2477444    122080      8896     18584         0
09:57:29 PM     85100    597348   3974140     97.90     11080    628460   6642940    109.10   2123192    979060      4436   2477544    122080      8896     18584         0
09:57:30 PM     84944    597216   3974296     97.91     11104    628460   6642940    109.10   2123268    979056      3992   2477588    122088      8896     18584         0
09:57:31 PM     84200    596472   3975040     97.93     11104    628472   6647020    109.17   2123708    979044      4212   2477920    122088      8896     18584         0
09:57:32 PM     82464    594744   3976776     97.97     11104    628476   6647020    109.17   2125760    979052      4240   2480080    122088      8896     18584         0
09:57:33 PM     84152    596436   3975088     97.93     11128    628452   6653064    109.27   2122716    979056      4240   2477016    122088      8896     18588         0
09:57:34 PM     83780    596120   3975460     97.94     11132    628504   6657096    109.33   2123176    979088      4296   2477448    122088      8912     18592         0
09:57:35 PM     81304    593676   3977936     98.00     11160    628500   6657096    109.33   2125692    979092       852   2479884    122020      8912     18592         0
09:57:36 PM     84928    588268   3974312     97.91     11128    619488   6657096    109.33   2126652    974656       900   2485468    122052      8912     18604         0
09:57:37 PM     84680    587944   3974560     97.91     11128    619424   6657096    109.33   2126700    974592       936   2485556    122056      8912     18604         0
09:57:38 PM     84308    587572   3974932     97.92     11156    619396   6657096    109.33   2126700    974592       936   2485556    122056      8912     18604         0
09:57:39 PM     84432    587740   3974808     97.92     11160    619448   6657096    109.33   2127020    974600      1028   2485772    122056      8912     18604         0
09:57:40 PM     84184    587492   3975056     97.93     11176    619432   6657096    109.33   2127144    974600      1212   2485896    122056      8912     18604         0
09:57:41 PM     84120    587448   3975120     97.93     11176    619452   6657096    109.33   2127284    974612       960   2486012    122124      8912     18608         0
09:57:42 PM     84120    587448   3975120     97.93     11176    619452   6657096    109.33   2127284    974612       964   2486012    122124      8912     18608         0
09:57:43 PM     84120    587456   3975120     97.93     11176    619460   6657096    109.33   2127408    974620       984   2486184    122124      8912     18608         0
09:57:44 PM     83996    587332   3975244     97.93     11176    619460   6657096    109.33   2127520    974620       984   2486256    122124      8912     18608         0
09:57:45 PM     83252    586592   3975988     97.95     11184    619456   6657096    109.33   2128060    974620      1048   2486780    122124      8912     18608         0
09:57:46 PM     81392    584744   3977848     97.99     11184    619464   6657096    109.33   2130196    974628      1132   2488944    122124      8912     18608         0
09:57:47 PM     83324    586688   3975916     97.95     11188    619480   6667368    109.50   2127248    974640      1112   2485980    122124      8928     18612         0
09:57:48 PM     83328    586716   3975912     97.95     11188    619496   6667368    109.50   2127504    974652      1132   2486352    122124      8928     18616         0
09:57:49 PM     82584    585980   3976656     97.97     11188    619496   6667368    109.50   2128168    974660      1132   2486960    122124      8928     18616         0
09:57:50 PM     80972    584368   3978268     98.01     11216    619468   6667368    109.50   2129780    974660      1132   2488572    122124      8928     18616         0
09:57:51 PM     80848    584312   3978392     98.01     11228    619528   6667368    109.50   2129968    974692      1136   2488724    122124      8928     18620         0
09:57:52 PM     80724    584192   3978516     98.01     11228    619532   6667368    109.50   2130132    974696      1144   2488836    122124      8928     18620         0
09:57:53 PM     80724    584192   3978516     98.01     11228    619536   6667368    109.50   2130132    974696      1148   2488836    122124      8928     18620         0
09:57:54 PM     80724    584196   3978516     98.01     11228    619536   6667368    109.50   2130352    974700      1152   2489048    122124      8928     18620         0
09:57:55 PM     80724    584196   3978516     98.01     11248    619516   6667368    109.50   2130352    974700      1152   2489048    122124      8928     18620         0
09:57:56 PM     80724    584220   3978516     98.01     11248    619544   6667368    109.50   2130568    974712      1216   2489288    122128      8928     18620         0
09:57:57 PM     80724    584220   3978516     98.01     11248    619544   6667368    109.50   2130568    974712      1216   2489288    122128      8928     18620         0
09:57:58 PM     80600    584108   3978640     98.01     11248    619556   6667368    109.50   2130764    974720      1232   2489452    122128      8928     18620         0
09:57:59 PM     89156    583116   3970084     97.80     11244    610632   6667368    109.50   2126560    970260      1232   2489796    122128      8928     18620         0
09:58:00 PM     87792    581920   3971448     97.84     11332    610604   6667368    109.50   2128892    970252      1560   2492024    122128      8928     18624         0
09:58:01 PM     90144    584276   3969096     97.78     11332    610608   6676584    109.65   2125960    970256      1564   2489064    122128      8928     18624         0
09:58:02 PM     89884    584024   3969356     97.79     11332    610608   6676584    109.65   2126284    970260      1584   2489420    122128      8944     18632         0
09:58:03 PM     84676    578816   3974564     97.91     11332    610608   6676584    109.65   2132252    970248      1592   2495536    122128      8944     18632         0
09:58:04 PM     82940    577080   3976300     97.96     11332    610608   6676584    109.65   2133984    970248      1592   2497044    122128      8944     18640         0
09:58:05 PM     82816    576964   3976424     97.96     11352    610612   6676584    109.65   2134160    970252      1608   2497292    122128      8944     18644         0
09:58:06 PM     82820    576984   3976420     97.96     11352    610612   6676584    109.65   2134324    970256      1432   2497448    122000      8944     18644         0
09:58:07 PM     82696    576860   3976544     97.96     11352    610612   6676584    109.65   2134376    970252      1424   2497448    122000      8944     18644         0
09:58:08 PM     82696    576860   3976544     97.96     11352    610612   6676584    109.65   2134544    970252      1480   2497624    122000      8944     18644         0
09:58:09 PM     82572    576744   3976668     97.97     11360    610616   6676584    109.65   2134596    970256      1512   2497680    122000      8944     18644         0
09:58:10 PM     82572    576756   3976668     97.97     11368    610616   6676584    109.65   2134700    970264      1552   2497800    122000      8944     18644         0
09:58:11 PM     82324    576516   3976916     97.97     11372    610620   6676584    109.65   2134904    970264       696   2497872    122000      8944     18644         0
09:58:12 PM     82200    576468   3977040     97.97     11388    610684   6676584    109.65   2135072    970316       848   2498104    122012      8944     18644         0
09:58:13 PM     81456    575724   3977784     97.99     11388    610688   6676584    109.65   2135444    970316       856   2498448    122012      8944     18644         0
09:58:14 PM     79100    573380   3980140     98.05     11388    610696   6676584    109.65   2137664    970328       884   2500704    122012      8944     18644         0
09:58:15 PM     79524    573804   3979716     98.04     11416    610668   6685032    109.79   2136892    970328      1068   2499748    122012      8944     18644         0
09:58:16 PM     78980    573308   3980260     98.05     11416    610716   6685032    109.79   2137168    970348      1048   2500156    122020      8960     18652         0
09:58:17 PM     78484    572812   3980756     98.07     11416    610720   6685032    109.79   2137664    970348      1060   2500652    122020      8960     18652         0
09:58:18 PM     86172    571780   3973068     97.88     11372    602088   6685032    109.79   2134388    965916      1092   2501640    122020      8960     18656         0
09:58:19 PM     86172    571816   3973068     97.88     11372    602072   6685032    109.79   2134516    965780      1096   2501604    122020      8960     18656         0
09:58:20 PM     85800    571444   3973440     97.89     11380    602064   6685032    109.79   2134516    965780      1096   2501756    122020      8960     18656         0
09:58:21 PM     85676    571328   3973564     97.89     11384    602076   6685032    109.79   2134792    965784      1216   2501896    122020      8960     18656         0
09:58:22 PM     85676    571336   3973564     97.89     11388    602072   6685032    109.79   2134800    965784      1184   2501896    122020      8960     18656         0
09:58:23 PM     85540    571208   3973700     97.89     11388    602084   6685032    109.79   2134972    965788      1224   2502092    122020      8960     18656         0
09:58:24 PM     85416    571084   3973824     97.90     11388    602084   6685032    109.79   2134972    965788      1224   2502092    122020      8960     18656         0
09:58:25 PM     85416    571084   3973824     97.90     11396    602080   6685032    109.79   2135140    965788      1284   2502256    122020      8960     18656         0
09:58:26 PM     85168    570844   3974072     97.90     11400    602084   6685032    109.79   2135304    965792      1292   2502396    122020      8960     18656         0
09:58:27 PM     84812    570500   3974428     97.91     11400    602088   6680828    109.72   2136004    965792       368   2503112    122044      8960     18652         0
09:58:28 PM     85332    571120   3973908     97.90     11468    602116   6680828    109.72   2134972    965824       588   2501972    122012      8960     18656         0
09:58:29 PM     85416    571204   3973824     97.90     11468    602116   6688392    109.85   2135020    965824       588   2502028    122012      8976     18664         0
09:58:30 PM     85044    570872   3974196     97.90     11492    602132   6688392    109.85   2135484    965832      1032   2502492    122012      8976     18664         0
09:58:31 PM     79464    565292   3979776     98.04     11492    602136   6688392    109.85   2141364    965832      1036   2508396    122000      8976     18664         0
09:58:32 PM     77852    563680   3981388     98.08     11492    602136   6688392    109.85   2143156    965832      1060   2510180    122000      8976     18676         0
09:58:33 PM     77728    563556   3981512     98.09     11492    602136   6688392    109.85   2143156    965832      1060   2510304    122000      8976     18676         0
09:58:34 PM     77604    563432   3981636     98.09     11492    602136   6688392    109.85   2143380    965832      1112   2510412    122000      8976     18676         0
09:58:35 PM     77604    563432   3981636     98.09     11500    602128   6688392    109.85   2143380    965832      1112   2510412    122000      8976     18676         0
09:58:36 PM     77480    563316   3981760     98.09     11500    602152   6688392    109.85   2143520    965832      1192   2510532    122000      8976     18680         0
09:58:37 PM     77356    563196   3981884     98.09     11500    602152   6688392    109.85   2143584    965836      1116   2510580    122000      8976     18680         0
09:58:38 PM     77232    563100   3982008     98.10     11516    602156   6688392    109.85   2143844    965856      1196   2510812    122000      8976     18680         0
09:58:39 PM     76984    562852   3982256     98.10     11524    602148   6688392    109.85   2143844    965856      1196   2510812    122000      8976     18680         0
09:58:40 PM     76892    562776   3982348     98.11     11532    602168   6688392    109.85   2144032    965872      1248   2510996    121984      8960     18680         0
09:58:41 PM     92268    561520   3966972     97.73     11432    585620   6692428    109.91   2142888    951136      1288   2511868    121984      8960     18680         0
09:58:42 PM     94296    563560   3964944     97.68     11436    585628   6702144    110.07   2140896    951144      1308   2509756    121984      8960     18680         0
09:58:43 PM     94080    563344   3965160     97.68     11436    585628   6702144    110.07   2141176    951144      1316   2510108    121984      8976     18688         0
09:58:44 PM     93832    563096   3965408     97.69     11436    585628   6702144    110.07   2141796    951144      1316   2510728    121984      8976     18688         0
09:58:45 PM     91972    561244   3967268     97.73     11444    585628   6702144    110.07   2143664    951148      1336   2512620    121984      8976     18692         0
09:58:46 PM     91848    561120   3967392     97.74     11444    585632   6702144    110.07   2143664    951148      1336   2512620    121984      8976     18692         0
09:58:47 PM     91724    561080   3967516     97.74     11444    585716   6702144    110.07   2143860    951232      1388   2512788    121984      8976     18692         0
09:58:48 PM     91600    560956   3967640     97.74     11452    585708   6702144    110.07   2143984    951232      1388   2512932    121984      8976     18692         0
09:58:49 PM     91476    560844   3967764     97.75     11452    585720   6702144    110.07   2144020    951240      1412   2512956    121984      8976     18692         0
09:58:50 PM     91352    560720   3967888     97.75     11460    585716   6702144    110.07   2144188    951240      1424   2513120    121984      8976     18692         0
09:58:51 PM     90980    560348   3968260     97.76     11460    585724   6702144    110.07   2144188    951240      1436   2513120    121984      8976     18692         0
09:58:52 PM     90856    560224   3968384     97.76     11460    585724   6702144    110.07   2144300    951240      1444   2513244    121984      8976     18692         0
09:58:53 PM     90856    560240   3968384     97.76     11460    585728   6702144    110.07   2144464    951244      1448   2513368    121984      8976     18692         0
09:58:54 PM     89740    559124   3969500     97.79     11460    585728   6702144    110.07   2145252    951244      1460   2514036    121984      8976     18696         0
09:58:55 PM     88500    557904   3970740     97.82     11488    585728   6702144    110.07   2146856    951252      1472   2515764    121984      8976     18696         0
09:58:56 PM     90636    560056   3968604     97.77     11488    585744   6702144    110.07   2143940    951252      1492   2512844    121984      8976     18696         0
09:58:57 PM     90332    559752   3968908     97.77     11488    585744   6702144    110.07   2144288    951252      1124   2513044    121888      8976     18696         0
09:58:58 PM     88376    557816   3970864     97.82     11492    585748   6702144    110.07   2146104    951264      1344   2514936    121984      8976     18696         0
09:58:59 PM     82052    551492   3977188     97.98     11492    585752   6702144    110.07   2152196    951264      1352   2521060    121984      8976     18708         0
09:59:00 PM     82020    551484   3977220     97.98     11512    585760   6702144    110.07   2152336    951280      1564   2521200    121984      8976     18708         0
09:59:01 PM     81928    551400   3977312     97.98     11512    585768   6702144    110.07   2152444    951284      1676   2521308    121984      8976     18708         0
09:59:02 PM     81772    551252   3977468     97.99     11512    585768   6702144    110.07   2152672    951280       896   2521460    122048      8976     18708         0
09:59:03 PM     81556    551040   3977684     97.99     11516    585768   6702144    110.07   2152724    951284       908   2521488    121988      8976     18708         0
09:59:04 PM     81556    551056   3977684     97.99     11516    585784   6702144    110.07   2152956    951296      1020   2521728    121988      8976     18708         0
09:59:05 PM     81556    551056   3977684     97.99     11524    585776   6702144    110.07   2152956    951296      1204   2521728    121988      8976     18708         0
09:59:06 PM     81432    550944   3977808     97.99     11528    585784   6702144    110.07   2153052    951300      1232   2521852    121988      8976     18708         0
09:59:07 PM     81432    550952   3977808     97.99     11528    585796   6702144    110.07   2153160    951304      1252   2521964    121988      8976     18708         0
09:59:08 PM     80472    549992   3978768     98.02     11528    585796   6702144    110.07   2154028    951304      1068   2522680    121988      8976     18708         0
09:59:09 PM     81580    551104   3977660     97.99     11528    585800   6702144    110.07   2152516    951308      1188   2521320    121960      8976     18708         0
09:59:10 PM     81664    551188   3977576     97.99     11548    585780   6702144    110.07   2152696    951308      1204   2521472    121960      8992     18708         0
09:59:11 PM     81044    550596   3978196     98.00     11548    585804   6702144    110.07   2153332    951324      1288   2522124    121960      8992     18708         0
09:59:12 PM     80548    550100   3978692     98.02     11548    585804   6702144    110.07   2153780    951324      1300   2522580    121960      8992     18712         0
09:59:13 PM     80672    550224   3978568     98.01     11548    585804   6702144    110.07   2153780    951324      1300   2522588    121960      8992     18712         0
09:59:14 PM     80300    549860   3978940     98.02     11548    585812   6702144    110.07   2154032    951324      1272   2522816    121960      8992     18712         0
09:59:15 PM     80300    549860   3978940     98.02     11560    585808   6702144    110.07   2154032    951324      1300   2522828    121960      8992     18712         0
09:59:16 PM     80300    549872   3978940     98.02     11560    585820   6702144    110.07   2154192    951332      1328   2523020    121960      8992     18712         0
09:59:17 PM     80176    549748   3979064     98.02     11560    585820   6706164    110.14   2154304    951332      1336   2523128    121960      8992     18712         0
09:59:18 PM     79928    549500   3979312     98.03     11568    585812   6706164    110.14   2154428    951332      1336   2523252    121960      8992     18712         0
09:59:19 PM     79928    549520   3979312     98.03     11568    585824   6706164    110.14   2154536    951336      1328   2523312    121960      8992     18712         0
09:59:20 PM     79804    549396   3979436     98.03     11576    585820   6706164    110.14   2154592    951336      1336   2523364    121960      8992     18712         0
09:59:21 PM     79804    549400   3979436     98.03     11576    585832   6706164    110.14   2154816    951336      1412   2523568    121960      8992     18712         0
09:59:22 PM     92700    547652   3966540     97.72     11476    571284   6710168    110.20   2146604    946172      1420   2525084    121960      8992     18712         0
09:59:23 PM     94684    549528   3964556     97.67     11476    571176   6710168    110.20   2144012    946040      1420   2522348    121960      8992     18712         0
09:59:24 PM     94684    549540   3964556     97.67     11476    571180   6710168    110.20   2144292    946052      1392   2522692    121960      8992     18712         0
09:59:25 PM     93816    548716   3965424     97.69     11516    571188   6710168    110.20   2145872    946060      1408   2524232    121960      8992     18712         0
09:59:26 PM     87740    542644   3971500     97.84     11516    571192   6710168    110.20   2152288    946064      1412   2530820    121960      8992     18724         0
09:59:27 PM     87616    542532   3971624     97.84     11520    571196   6710168    110.20   2152504    946072      1428   2530924    121960      8992     18724         0
09:59:28 PM     87492    542408   3971748     97.84     11556    571164   6710168    110.20   2152504    946072      1064   2530924    121960      8992     18724         0
09:59:29 PM     87212    542184   3972028     97.85     11556    571220   6710168    110.20   2152696    946088      1356   2531028    121992      8992     18724         0
09:59:30 PM     87212    542184   3972028     97.85     11568    571208   6710168    110.20   2152808    946088      1528   2531128    121992      8992     18724         0
09:59:31 PM     87088    542080   3972152     97.85     11568    571228   6710168    110.20   2153032    946096      1544   2531352    121992      8992     18728         0
09:59:32 PM     86964    541956   3972276     97.86     11568    571228   6710168    110.20   2153032    946096      1544   2531476    121992      8992     18728         0
09:59:33 PM     87028    542024   3972212     97.86     11568    571228   6710168    110.20   2153140    946100      1180   2531476    121928      8992     18728         0
09:59:34 PM     86808    541804   3972432     97.86     11568    571232   6710168    110.20   2153240    946096      1216   2531660    122024      8992     18728         0
09:59:35 PM     86684    541688   3972556     97.86     11576    571232   6710168    110.20   2153460    946100      1364   2531728    122024      8992     18728         0
09:59:36 PM     84576    539584   3974664     97.92     11576    571236   6714172    110.27   2155452    946104      1388   2533752    122024      8992     18728         0
09:59:37 PM     86148    541156   3973092     97.88     11576    571236   6714172    110.27   2152768    946104      1388   2531040    122032      8992     18728         0
09:59:38 PM     85884    540900   3973356     97.88     11576    571240   6714172    110.27   2153100    946108       680   2531312    122072      8992     18728         0
09:59:39 PM     84784    539800   3974456     97.91     11576    571240   6714172    110.27   2154260    946108       752   2532504    122036      8992     18728         0
09:59:40 PM     83544    538564   3975696     97.94     11584    571236   6714172    110.27   2156056    946108       992   2534316    122036      8992     18732         0
09:59:41 PM     83544    538564   3975696     97.94     11584    571236   6714172    110.27   2156056    946108       992   2534316    122036      8992     18732         0
09:59:42 PM     83420    538444   3975820     97.94     11584    571240   6714172    110.27   2156220    946112      1040   2534472    122036      8992     18732         0
09:59:43 PM     83420    538444   3975820     97.94     11584    571240   6714172    110.27   2156332    946112      1048   2534636    122036      8992     18732         0
09:59:44 PM     83420    538444   3975820     97.94     11584    571240   6714172    110.27   2156352    946112       988   2534636    122036      8992     18732         0
09:59:45 PM     83296    538324   3975944     97.95     11592    571240   6714172    110.27   2156572    946116      1056   2534808    122036      8992     18732         0
09:59:46 PM     83172    538200   3976068     97.95     11592    571240   6714172    110.27   2156572    946116      1056   2534808    122036      8992     18732         0
09:59:47 PM     83048    538080   3976192     97.95     11592    571248   6714172    110.27   2156772    946116      1088   2535040    122036      8992     18732         0
09:59:48 PM     82800    537832   3976440     97.96     11592    571248   6714172    110.27   2156772    946116      1096   2535084    122036      8992     18732         0
09:59:49 PM     82616    537648   3976624     97.96     11592    571248   6714172    110.27   2156884    946116       368   2535132    122036      8992     18732         0
09:59:50 PM     80568    535616   3978672     98.02     11600    571252   6714172    110.27   2159456    946120       700   2537708    122040      8992     18736         0
09:59:51 PM     83048    538104   3976192     97.95     11612    571248   6714172    110.27   2156508    946124       888   2534692    122040      8992     18736         0
09:59:52 PM     82800    537896   3976440     97.96     11612    571292   6714172    110.27   2156624    946148       924   2534848    122040      8992     18736         0
09:59:53 PM     80692    535788   3978548     98.01     11612    571292   6714172    110.27   2158708    946148       928   2536972    122040      8992     18736         0
09:59:54 PM     83420    529716   3975820     97.94     11580    563032   6714172    110.27   2160536    941832       964   2542744    122028      8992     18748         0
09:59:55 PM     83544    529840   3975696     97.94     11588    563024   6714172    110.27   2160536    941832       964   2542744    122028      8992     18748         0
09:59:56 PM     83420    529728   3975820     97.94     11588    563044   6714172    110.27   2160752    941844      1116   2542984    122028      8992     18748         0
09:59:57 PM     83172    529480   3976068     97.95     11588    563044   6714172    110.27   2160752    941844      1116   2542984    122028      8992     18748         0
09:59:58 PM     83172    529480   3976068     97.95     11600    563032   6714172    110.27   2160932    941844      1120   2543148    122028      8992     18748         0
09:59:59 PM     83172    529496   3976068     97.95     11608    563040   6714172    110.27   2161028    941848      1168   2543240    122028      8992     18748         0
10:00:00 PM     80768    529088   3978472     98.01     12580    564092   6714172    110.27   2162252    942720      1360   2543308    122028      8992     18748         0
10:00:01 PM     80676    529120   3978564     98.01     12580    564192   6714172    110.27   2162576    942748      1456   2543532    122064      8976     18748         0
10:00:02 PM     80676    529120   3978564     98.01     12580    564192   6714172    110.27   2162576    942748      1456   2543532    122064      8976     18748         0
10:00:03 PM     80056    528500   3979184     98.03     12580    564192   6718144    110.34   2163296    942748      1476   2544228    122064      8976     18748         0
10:00:04 PM     78228    526672   3981012     98.07     12580    564192   6718144    110.34   2165188    942748       372   2546140    122036      8976     18748         0
10:00:05 PM     79960    528404   3979280     98.03     12592    564180   6718144    110.34   2162376    942748       740   2543316    122032      8976     18748         0
10:00:06 PM     79932    528408   3979308     98.03     12592    564204   6718144    110.34   2162520    942768       852   2543540    122032      8976     18748         0
10:00:07 PM     79808    528284   3979432     98.03     12592    564204   6718144    110.34   2163136    942768       852   2544108    122032      8976     18748         0
10:00:08 PM     79684    528160   3979556     98.04     12592    564204   6718144    110.34   2163360    942768       928   2544332    122032      8976     18752         0
10:00:09 PM     79560    528036   3979680     98.04     12592    564204   6718144    110.34   2163360    942768       928   2544332    122032      8976     18752         0
10:00:10 PM     79436    527912   3979804     98.04     12600    564208   6718144    110.34   2163528    942768      1108   2544496    122032      8976     18752         0
10:00:11 PM     79436    527916   3979804     98.04     12600    564208   6718144    110.34   2163636    942772      1108   2544584    122032      8976     18752         0
10:00:12 PM     79312    527800   3979928     98.05     12600    564208   6718144    110.34   2163748    942772      1120   2544680    122032      8976     18752         0
10:00:13 PM     79188    527676   3980052     98.05     12600    564208   6718144    110.34   2163860    942772      1136   2544752    122032      8976     18752         0
10:00:14 PM     78940    527432   3980300     98.06     12600    564208   6718144    110.34   2164024    942776      1152   2544928    122032      8976     18752         0
10:00:15 PM     78816    527308   3980424     98.06     12608    564208   6718144    110.34   2164080    942776      1156   2544992    122032      8976     18752         0
10:00:16 PM     78692    527196   3980548     98.06     12608    564212   6718144    110.34   2164184    942784      1168   2545084    122032      8976     18752         0
10:00:17 PM     86132    526564   3973108     97.88     12576    556064   6718144    110.34   2160604    938812      1212   2545564    122032      8976     18752         0
10:00:18 PM     84768    525052   3974472     97.91     12576    556064   6718144    110.34   2162392    938760      1216   2547596    121964      8976     18752         0
10:00:19 PM     86444    526732   3972796     97.87     12576    556072   6718144    110.34   2159816    938760         0   2544904    121864      8976     18752         0
10:00:20 PM     86380    526676   3972860     97.87     12584    556064   6718144    110.34   2160128    938764       508   2545220    121968      8976     18752         0
10:00:21 PM     81172    521480   3978068     98.00     12584    556072   6718144    110.34   2165880    938768       760   2550952    121968      8976     18760         0
10:00:22 PM     79436    519744   3979804     98.04     12584    556072   6718144    110.34   2167592    938768       784   2552680    121968      8976     18760         0
10:00:23 PM     79064    519372   3980176     98.05     12604    556052   6718144    110.34   2167672    938768       784   2552756    121968      8976     18764         0
10:00:24 PM     79064    519408   3980176     98.05     12608    556084   6718144    110.34   2167884    938780       876   2552932    121968      8976     18764         0
10:00:25 PM     78940    519284   3980300     98.06     12616    556076   6718144    110.34   2167996    938780       896   2553052    121968      8976     18764         0
10:00:26 PM     78692    519036   3980548     98.06     12616    556084   6718144    110.34   2167996    938780       980   2553052    121968      8976     18764         0
10:00:27 PM     78692    519040   3980548     98.06     12616    556088   6718144    110.34   2168160    938784      1016   2553216    121968      8976     18768         0
10:00:28 PM     78196    518568   3981044     98.07     12632    556096   6718144    110.34   2168320    938792      1104   2553364    121968      8976     18768         0
10:00:29 PM     78072    518452   3981168     98.08     12632    556100   6718144    110.34   2168376    938792      1116   2553404    121968      8976     18768         0
10:00:30 PM     77948    518352   3981292     98.08     12640    556116   6718144    110.34   2168564    938812      1140   2553580    121968      8976     18768         0
10:00:31 PM     92828    516652   3966412     97.71     12560    540168   6718144    110.34   2161352    930716      1232   2554380    121892      8976     18768         0
10:00:32 PM     94124    517952   3965116     97.68     12560    540176   6718144    110.34   2159908    930720      1252   2552840    121892      8976     18768         0
10:00:33 PM     94032    517860   3965208     97.68     12572    540164   6718144    110.34   2160032    930720      1252   2552964    121892      8976     18768         0
10:00:34 PM     94036    517884   3965204     97.68     12572    540184   6718144    110.34   2160404    930728      1284   2553332    121892      8976     18768         0
10:00:35 PM     93664    517516   3965576     97.69     12580    540180   6718144    110.34   2160960    930732      1288   2553868    121892      8976     18768         0
10:00:36 PM     91928    515780   3967312     97.74     12580    540188   6718144    110.34   2162448    930732      1324   2555480    121892      8976     18768         0
10:00:37 PM     91804    515656   3967436     97.74     12580    540188   6718144    110.34   2162640    930732      1332   2555632    121892      8976     18772         0
10:00:38 PM     91680    515532   3967560     97.74     12580    540188   6718144    110.34   2162752    930732      1332   2555692    121892      8976     18772         0
10:00:39 PM     91680    515556   3967560     97.74     12588    540196   6718144    110.34   2162960    930748      1376   2555876    121892      8976     18772         0
10:00:40 PM     91680    515556   3967560     97.74     12604    540180   6718144    110.34   2162960    930748      1376   2555876    121892      8976     18772         0
10:00:41 PM     91556    515452   3967684     97.74     12604    540204   6718144    110.34   2163180    930752      1408   2556044    121892      8976     18772         0
10:00:42 PM     91432    515328   3967808     97.75     12604    540204   6718144    110.34   2163180    930752      1408   2556168    121892      8976     18772         0
10:00:43 PM     91308    515208   3967932     97.75     12604    540208   6718144    110.34   2163356    930752      1424   2556232    121892      8976     18772         0
10:00:44 PM     91308    515208   3967932     97.75     12604    540208   6718144    110.34   2163412    930752      1424   2556292    121892      8976     18772         0
10:00:45 PM     90688    514588   3968552     97.77     12612    540204   6718144    110.34   2164392    930752      1448   2557392    121892      8976     18776         0
10:00:46 PM     91928    515856   3967312     97.74     12612    540216   6718144    110.34   2163020    930772      1460   2555912    121892      8976     18776         0
10:00:47 PM     91804    515752   3967436     97.74     12612    540236   6718144    110.34   2163256    930792      1496   2556124    121892      8976     18776         0
10:00:48 PM     91308    515256   3967932     97.75     12612    540236   6718144    110.34   2163616    930792      1496   2556532    121892      8976     18776         0
10:00:49 PM     85728    509676   3973512     97.89     12612    540240   6718144    110.34   2169496    930792      1508   2562420    121892      8976     18776         0
10:00:50 PM     84116    508064   3975124     97.93     12620    540232   6718144    110.34   2171064    930792       404   2564000    121892      8976     18788         0
10:00:51 PM     83868    507824   3975372     97.93     12620    540240   6718144    110.34   2171340    930788       860   2564196    121900      8976     18788         0
10:00:52 PM     83868    507824   3975372     97.93     12620    540240   6718144    110.34   2171340    930788       860   2564196    121900      8976     18788         0
10:00:53 PM     83868    507828   3975372     97.93     12620    540240   6718144    110.34   2171504    930792       968   2564392    121900      8976     18788         0
10:00:54 PM     83620    507580   3975620     97.94     12620    540244   6718144    110.34   2171560    930792       984   2564452    121900      8976     18788         0
10:00:55 PM     83496    507456   3975744     97.94     12628    540236   6718144    110.34   2171616    930792       940   2564520    121900      8976     18788         0
10:00:56 PM     83404    507368   3975836     97.95     12628    540240   6718144    110.34   2171748    930792       972   2564692    121864      8976     18788         0
10:00:57 PM     83404    507368   3975836     97.95     12628    540240   6718144    110.34   2171748    930792       972   2564816    121864      8976     18788         0
10:00:58 PM     83280    507244   3975960     97.95     12628    540240   6718144    110.34   2171972    930792      1084   2564928    121864      8976     18788         0
10:00:59 PM     81792    505772   3977448     97.99     12628    540252   6718144    110.34   2173716    930804      1096   2566644    121864      8976     18788         0
10:01:00 PM     83496    507504   3975744     97.94     12640    540268   6713980    110.27   2171668    930828      1188   2564396    121864      8976     18788         0
10:01:01 PM     83620    507676   3975620     97.94     12640    540316   6713980    110.27   2171932    930868      1300   2564772    121864      8976     18788         0
10:01:02 PM     83000    507056   3976240     97.96     12640    540316   6713980    110.27   2172548    930868      1312   2565424    121864      8976     18788         0
10:01:03 PM     82876    506944   3976364     97.96     12640    540328   6713980    110.27   2172704    930880      1344   2565528    121864      8976     18792         0
10:01:04 PM     82752    506820   3976488     97.96     12640    540328   6713980    110.27   2172704    930880      1344   2565528    121864      8976     18792         0
10:01:05 PM     82504    506576   3976736     97.97     12648    540324   6713980    110.27   2172872    930880      1432   2565748    121864      8976     18792         0
10:01:06 PM     82504    506576   3976736     97.97     12648    540328   6713980    110.27   2172872    930880      1432   2565748    121864      8976     18792         0
10:01:07 PM     82396    506472   3976844     97.97     12648    540332   6717964    110.33   2173096    930880      1396   2565956    121864      8960     18792         0
10:01:08 PM     82396    506472   3976844     97.97     12648    540332   6717964    110.33   2173096    930880      1396   2565956    121864      8960     18792         0
10:01:09 PM     82396    506492   3976844     97.97     12648    540364   6717964    110.33   2173216    930900      1428   2566064    121864      8960     18792         0
10:01:10 PM     82396    506492   3976844     97.97     12656    540356   6717964    110.33   2173328    930900      1448   2566212    121856      8960     18792         0
10:01:11 PM     82056    506156   3977184     97.98     12656    540376   6717964    110.33   2173484    930904      1412   2566328    121824      8960     18792         0
10:01:12 PM     81436    505572   3977804     97.99     12656    540380   6722108    110.40   2173740    930932      1424   2566624    121824      8960     18792         0
10:01:13 PM     79452    503588   3979788     98.04     12656    540380   6722108    110.40   2175924    930932      1424   2568920    121824      8960     18792         0
10:01:14 PM     81560    505708   3977680     97.99     12656    540396   6722108    110.40   2173056    930944      1460   2565888    121824      8960     18792         0
10:01:15 PM     81312    505472   3977928     98.00     12668    540396   6722108    110.40   2173264    930948      1476   2566140    121824      8960     18792         0
10:01:16 PM     80320    504484   3978920     98.02     12668    540396   6722108    110.40   2174016    930952      1476   2566868    121824      8960     18792         0
10:01:17 PM     79188    503372   3980052     98.05     12712    540372   6722108    110.40   2175680    930968      1488   2568500    121824      8976     18796         0
10:01:18 PM     78940    503188   3980300     98.06     12712    540452   6722108    110.40   2175760    931000      1540   2568684    121824      8976     18796         0
10:01:19 PM     78940    503188   3980300     98.06     12712    540452   6722108    110.40   2175872    931000      1548   2568720    121824      8976     18796         0
10:01:20 PM     78816    503064   3980424     98.06     12720    540444   6722108    110.40   2175984    931000      1732   2568788    121824      8976     18796         0
10:01:21 PM     78660    502920   3980580     98.06     12724    540452   6722108    110.40   2176204    931004      1480   2569012    121856      8976     18796         0
10:01:22 PM     78536    502800   3980704     98.07     12732    540448   6722108    110.40   2176256    931008      1440   2569060    121856      8976     18796         0
10:01:23 PM     78552    502828   3980688     98.06     12732    540460   6722108    110.40   2176364    931012      1544   2569176    121856      8960     18800         0
10:01:24 PM     78304    502580   3980936     98.07     12740    540452   6722108    110.40   2176488    931012      1544   2569176    121856      8960     18800         0
10:01:25 PM     78180    502484   3981060     98.07     12748    540456   6722108    110.40   2176688    931024      1608   2569452    121856      8960     18800         0
10:01:26 PM    108428    501776   3950812     97.33     12572    510652   6722108    110.40   2162352    915508      1040   2569576    121876      8960     18800         0
10:01:27 PM    109548    502772   3949692     97.30     12572    510576   6722108    110.40   2160824    915448      1176   2568072    121876      8944     18800         0
10:01:28 PM    109156    502380   3950084     97.31     12572    510592   6722108    110.40   2161304    915428      1236   2568228    121880      8960     18836         0
10:01:29 PM    108784    502168   3950456     97.32     12680    510628   6722108    110.40   2161996    915488      1276   2568864    121888      8960     18836         0
10:01:30 PM    108196    501784   3951044     97.33     12688    510828   6722108    110.40   2162504    915468      1568   2569332    121892      8944     18800         0
10:01:31 PM    108196    501784   3951044     97.33     12688    510828   6722108    110.40   2162604    915468      1208   2569548    121892      8944     18800         0
10:01:32 PM    108040    501636   3951200     97.34     12688    510828   6722108    110.40   2162724    915468      1272   2569700    121924      8944     18800         0
10:01:33 PM    108040    501636   3951200     97.34     12688    510828   6722108    110.40   2162780    915468      1300   2569752    121924      8944     18800         0
10:01:34 PM    108040    501636   3951200     97.34     12688    510828   6722108    110.40   2162948    915468      1316   2569900    121924      8944     18800         0
10:01:35 PM    107792    501388   3951448     97.34     12696    510824   6722108    110.40   2162948    915468      1320   2569900    121924      8944     18800         0
10:01:36 PM    107792    501392   3951448     97.34     12696    510828   6722108    110.40   2163200    915468      1344   2570128    121924      8944     18800         0
10:01:37 PM    107792    501392   3951448     97.34     12696    510828   6722108    110.40   2163200    915468      1344   2570128    121924      8944     18800         0
10:01:38 PM    107792    501408   3951448     97.34     12704    510844   6722108    110.40   2163360    915476      1372   2570292    121924      8944     18800         0
10:01:39 PM    107668    501284   3951572     97.35     12704    510844   6722108    110.40   2163416    915476      1376   2570348    121924      8944     18800         0
10:01:40 PM    106180    499796   3953060     97.38     12712    510836   6722108    110.40   2165072    915476      1400   2572128    121924      8944     18804         0
10:01:41 PM    107664    501296   3951576     97.35     12712    510844   6722108    110.40   2163068    915472      1424   2569916    121924      8944     18804         0
10:01:42 PM    107544    501184   3951696     97.35     12712    510848   6722108    110.40   2163412    915476      1424   2570236    121924      8944     18804         0
10:01:43 PM    106924    500568   3952316     97.37     12712    510852   6722108    110.40   2163936    915480      1460   2570788    121924      8944     18804         0
10:01:44 PM    105312    498956   3953928     97.41     12712    510852   6722108    110.40   2165580    915480      1460   2572472    121924      8944     18808         0
10:01:45 PM    105188    498832   3954052     97.41     12720    510852   6722108    110.40   2165748    915480      1528   2572620    121924      8944     18808         0
10:01:46 PM    104940    498584   3954300     97.41     12720    510852   6722108    110.40   2165872    915480      1528   2572744    121924      8944     18808         0
10:01:47 PM    105004    498648   3954236     97.41     12720    510856   6722108    110.40   2165916    915480      1552   2572788    121860      8944     18808         0
10:01:48 PM    104880    498544   3954360     97.42     12720    510868   6722108    110.40   2166104    915492      1540   2572984    121860      8944     18808         0
10:01:49 PM    104756    498420   3954484     97.42     12720    510868   6722108    110.40   2166104    915492      1540   2572984    121860      8944     18808         0
10:01:50 PM    104756    498420   3954484     97.42     12728    510860   6722108    110.40   2166272    915492      1556   2573152    121860      8944     18808         0
10:01:51 PM    104632    498296   3954608     97.42     12728    510872   6722108    110.40   2166272    915492      1568   2573152    121860      8944     18808         0
10:01:52 PM    104396    498064   3954844     97.43     12728    510876   6722108    110.40   2166528    915496       324   2573404    122008      8944     18808         0
10:01:53 PM    104220    497900   3955020     97.43     12728    510880   6722108    110.40   2166648    915500       540   2573516    121908      8944     18808         0
10:01:54 PM    102608    496288   3956632     97.47     12728    510880   6722108    110.40   2168260    915500       540   2575100    121908      8944     18808         0
10:01:55 PM    104468    498152   3954772     97.43     12740    510884   6722108    110.40   2166164    915504       884   2572996    121908      8944     18808         0
10:01:56 PM    104344    498028   3954896     97.43     12740    510884   6722108    110.40   2166412    915504       884   2573244    121908      8944     18808         0
10:01:57 PM    103848    497544   3955392     97.44     12740    510888   6722108    110.40   2166992    915516      1048   2573932    121908      8944     18808         0
10:01:58 PM    103600    497296   3955640     97.45     12748    510880   6722108    110.40   2167116    915516      1048   2574056    121908      8944     18808         0
10:01:59 PM    103476    497184   3955764     97.45     12748    510892   6722108    110.40   2167264    915524      1104   2574176    121908      8944     18812         0
10:02:00 PM    103336    497044   3955904     97.45     12756    510884   6722108    110.40   2167264    915524      1288   2574300    121908      8944     18812         0
10:02:01 PM    103336    497084   3955904     97.45     12768    510900   6722108    110.40   2167544    915532      1400   2574392    121904      8960     18812         0
10:02:02 PM    103336    497084   3955904     97.45     12768    510900   6722108    110.40   2167544    915532      1400   2574392    121904      8960     18812         0
10:02:03 PM    103212    496960   3956028     97.46     12768    510900   6722108    110.40   2167668    915532      1400   2574516    121904      8960     18812         0
10:02:04 PM    102964    496712   3956276     97.46     12768    510900   6722108    110.40   2167824    915532      1444   2574672    121904      8960     18812         0
10:02:05 PM    102964    496712   3956276     97.46     12776    510892   6722108    110.40   2167992    915532      1456   2574840    121904      8960     18812         0
10:02:06 PM    102964    496712   3956276     97.46     12776    510904   6722108    110.40   2167992    915532      1480   2574840    121904      8960     18812         0
10:02:07 PM     99616    493364   3959624     97.55     12776    510904   6722108    110.40   2171204    915532      1484   2578060    121904      8960     18812         0
10:02:08 PM     85416    476996   3973824     97.90     12908    510996   6722108    110.40   2170536    915544      1684   2577204    121904      8960     18812         0
10:02:09 PM     87552    479220   3971688     97.84     12932    511020   6726072    110.47   2168344    915608      1708   2574972    121904      8960     18812         0
10:02:10 PM     87152    478876   3972088     97.85     12940    511072   6726072    110.47   2168640    915656      2004   2575264    121904      8976     18812         0
10:02:11 PM     86824    478596   3972416     97.86     12940    511104   6726072    110.47   2168992    915688      2052   2575620    121924      8976     18812         0
10:02:12 PM     86812    478620   3972428     97.86     12944    511104   6726072    110.47   2169160    915708      2060   2575792    121924      8976     18812         0
10:02:13 PM     86548    478404   3972692     97.87     12944    511144   6726072    110.47   2169472    915748      2108   2576096    121924      8960     18816         0
10:02:14 PM     86516    478372   3972724     97.87     12944    511148   6726072    110.47   2169472    915748      2112   2576096    121924      8960     18816         0
10:02:15 PM     86516    478388   3972724     97.87     12952    511160   6726072    110.47   2169872    915764      2148   2576520    121924      8960     18816         0
10:02:16 PM     86020    477892   3973220     97.88     12952    511168   6726072    110.47   2170120    915764      2164   2576768    121924      8960     18816         0
10:02:17 PM     85632    477604   3973608     97.89     12952    511268   6726072    110.47   2170348    915864      2228   2577020    121924      8960     18816         0
10:02:18 PM     83632    476752   3975608     97.94     13612    511980   6734420    110.60   2171376    916372      2608   2577308    121924      8976     18816         0
