Linux 4.9.253-tegra (nano-desktop) 	10/16/2023 	_aarch64_	(4 CPU)

10:39:21 PM kbmemfree   kbavail kbmemused  %memused kbbuffers  kbcached  kbcommit   %commit  kbactive   kbinact   kbdirty  kbanonpg    kbslab  kbkstack   kbpgtbl  kbvmused
10:39:22 PM    339864    536692   3719376     91.63     76356    262788   9700336    159.31   2004116    736168         4   2416032    129552     10784     27020         0
10:39:23 PM    348640    545616   3710600     91.41     76452    262776   7536144    123.77   1999224    736180         4   2409156    129420     10752     22744         0
10:39:24 PM    348500    551156   3710740     91.41     76548    262792   7536144    123.77   1999460    736180         0   2409280    129424     10752     22744         0
10:39:25 PM    347044    549984   3712196     91.45     76728    262900   7536144    123.77   2000388    736332       140   2410104    129396     10752     22744         0
10:39:26 PM    345912    549264   3713328     91.48     76948    263076   7536144    123.77   2001488    736464         0   2410912    129476     10752     22752         0
10:39:27 PM    344160    547604   3715080     91.52     77048    263064   7536144    123.77   2003140    736464         0   2412472    129472     10768     22756         0
10:39:28 PM    344160    547732   3715080     91.52     77148    263092   7536144    123.77   2003264    736468         0   2412472    129472     10768     22756         0
10:39:29 PM    344160    547824   3715080     91.52     77268    263064   7536144    123.77   2003356    736468         4   2412472    129472     10768     22756         0
10:39:30 PM    344036    547804   3715204     91.52     77344    263092   7536144    123.77   2003456    736472         4   2412472    129472     10768     22756         0
10:39:31 PM    344020    547860   3715220     91.53     77440    263072   7536144    123.77   2003524    736484         0   2412480    129476     10768     22756         0
10:39:32 PM    343664    547696   3715576     91.53     77572    263128   7536144    123.77   2003736    736532        28   2412548    129472     10768     22756         0
10:39:33 PM    343540    547684   3715700     91.54     77648    263164   7536144    123.77   2003852    736540         0   2412560    129480     10768     22756         0
10:39:34 PM    343416    547652   3715824     91.54     77756    263148   7536144    123.77   2003940    736544         0   2412560    129480     10768     22756         0
10:39:35 PM    343292    547676   3715948     91.54     77896    263156   7536144    123.77   2004088    736544        28   2412560    129480     10768     22756         0
10:39:36 PM    343152    547640   3716088     91.55     78012    263140   7536144    123.77   2004176    736552         4   2412560    129492     10768     22756         0
10:39:37 PM    343028    547648   3716212     91.55     78108    263172   7536144    123.77   2004308    736552         0   2412560    129500     10768     22756         0
10:39:38 PM    342920    547684   3716320     91.55     78252    263172   7536144    123.77   2004476    736564       108   2412596    129488     10752     22756         0
10:39:39 PM    342796    547684   3716444     91.56     78356    263192   7536144    123.77   2004612    736572        16   2412616    129488     10752     22756         0
10:39:40 PM    342548    547552   3716692     91.56     78464    263200   7536144    123.77   2004736    736576         8   2412628    129488     10752     22756         0
10:39:41 PM    342548    547636   3716692     91.56     78572    263176   7536144    123.77   2004820    736576         0   2412628    129500     10752     22756         0
10:39:42 PM    342424    547628   3716816     91.56     78664    263200   7536144    123.77   2004936    736576         0   2412628    129488     10752     22756         0
10:39:43 PM    342300    547568   3716940     91.57     78744    263188   7536144    123.77   2004996    736580         0   2412628    129496     10752     22756         0
10:39:44 PM    342176    547544   3717064     91.57     78852    263176   7536144    123.77   2005128    736584       120   2412664    129492     10752     22756         0
10:39:45 PM    342176    547688   3717064     91.57     78960    263216   7536144    123.77   2005280    736592        20   2412680    129492     10752     22756         0
10:39:46 PM    342036    547660   3717204     91.57     79068    263208   7536144    123.77   2005396    736592        24   2412692    129504     10752     22756         0
10:39:47 PM    341912    547644   3717328     91.58     79168    263220   7536144    123.77   2005496    736600        24   2412692    129504     10752     22756         0
10:39:48 PM    341788    547592   3717452     91.58     79248    263208   7536144    123.77   2005568    736600         8   2412692    129508     10752     22756         0
10:39:49 PM    341788    547676   3717452     91.58     79356    263184   7536144    123.77   2005652    736600         0   2412692    129512     10752     22756         0
10:39:50 PM    341540    547588   3717700     91.59     79480    263228   7536144    123.77   2005804    736608        68   2412696    129520     10752     22756         0
10:39:51 PM    340764    546992   3718476     91.61     79632    263248   7540312    123.84   2006668    736616        12   2413536    129548     10752     22756         0
10:39:52 PM    339772    546096   3719468     91.63     79732    263240   7540312    123.84   2007652    736628        20   2414428    129548     10752     22756         0
10:39:53 PM    339524    545960   3719716     91.64     79848    263224   7540312    123.84   2008604    736628         8   2415140    129544     10752     22756         0
10:39:54 PM    341740    548296   3717500     91.58     79944    263260   7540312    123.84   2005712    736636        12   2412136    129540     10768     22756         0
10:39:55 PM    341740    548388   3717500     91.58     80032    263260   7540312    123.84   2005800    736640         4   2412136    129544     10768     22756         0
10:39:56 PM    341740    548484   3717500     91.58     80116    263268   7540312    123.84   2005888    736648         4   2412136    129544     10768     22756         0
10:39:57 PM    341492    548332   3717748     91.59     80236    263244   7540312    123.84   2006024    736656         0   2412184    129540     10768     22756         0
10:39:58 PM    341244    548288   3717996     91.59     80396    263288   7540312    123.84   2006388    736672         0   2412384    129540     10768     22756         0
10:39:59 PM    340624    547720   3718616     91.61     80500    263232   7540312    123.84   2006832    736672       188   2412772    129540     10768     22756         0
10:40:00 PM    340624    547908   3718616     91.61     80604    263316   7540312    123.84   2007148    736688         4   2412896    129544     10768     22756         0
10:40:01 PM    340500    547820   3718740     91.61     80684    263276   7540312    123.84   2007184    736688        20   2412896    129544     10768     22756         0
10:40:02 PM    340376    547828   3718864     91.61     80784    263316   7540312    123.84   2007312    736692         0   2412896    129548     10768     22756         0
10:40:03 PM    340252    547888   3718988     91.62     80880    263396   7540312    123.84   2007464    736768         0   2412940    129552     10768     22756         0
10:40:04 PM    340244    547996   3718996     91.62     80980    263408   7540312    123.84   2007576    736784         4   2412952    129556     10768     22756         0
10:40:05 PM    339996    547824   3719244     91.62     81088    263376   7540312    123.84   2007656    736788        32   2412960    129556     10768     22756         0
10:40:06 PM    339996    547932   3719244     91.62     81172    263404   7540312    123.84   2007768    736792        16   2412968    129556     10768     22760         0
10:40:07 PM    339748    547780   3719492     91.63     81284    263396   7540312    123.84   2007864    736792         0   2412968    129556     10768     22760         0
10:40:08 PM    339748    547904   3719492     91.63     81376    263416   7540312    123.84   2007984    736796        16   2412968    129556     10768     22760         0
10:40:09 PM    339748    547992   3719492     91.63     81488    263396   7540312    123.84   2008068    736800        76   2412968    129556     10768     22760         0
10:40:10 PM    339344    547720   3719896     91.64     81612    263404   7540312    123.84   2008232    736808        88   2413008    129592     10768     22760         0
10:40:11 PM    339376    547868   3719864     91.64     81716    263412   7540312    123.84   2008352    736812         0   2413016    129560     10768     22760         0
10:40:12 PM    339252    547872   3719988     91.64     81828    263424   7540312    123.84   2008472    736816        64   2413028    129580     10768     22760         0
10:40:13 PM    339252    547996   3719988     91.64     81936    263436   7540312    123.84   2008600    736820         4   2413028    129580     10768     22760         0
10:40:14 PM    339252    548112   3719988     91.64     82040    263448   7540312    123.84   2008712    736824         0   2413028    129568     10768     22760         0
10:40:15 PM    339128    548064   3720112     91.65     82144    263420   7540312    123.84   2008788    736824         4   2413028    129572     10768     22760         0
10:40:16 PM    339004    548064   3720236     91.65     82264    263428   7540312    123.84   2008932    736836         0   2413064    129580     10768     22760         0
10:40:17 PM    339004    548192   3720236     91.65     82360    263452   7540312    123.84   2009068    736840         4   2413076    129588     10768     22760         0
10:40:18 PM    339004    548328   3720236     91.65     82492    263460   7540312    123.84   2009196    736844        32   2413076    129592     10768     22760         0
10:40:19 PM    339004    548420   3720236     91.65     82572    263464   7540312    123.84   2009296    736852         0   2413092    129600     10768     22760         0
10:40:20 PM    339004    548540   3720236     91.65     82696    263460   7540312    123.84   2009412    736856        24   2413092    129600     10768     22760         0
10:40:21 PM    339004    548628   3720236     91.65     82796    263448   7540312    123.84   2009500    736856         8   2413092    129600     10768     22760         0
10:40:22 PM    339004    548756   3720236     91.65     82936    263440   7540312    123.84   2009624    736856        80   2413108    129608     10768     22760         0
10:40:23 PM    335780    545696   3723460     91.73     83044    263496   7544268    123.90   2012924    736864         4   2416236    129600     10768     22760         0
10:40:24 PM    338384    548388   3720856     91.66     83148    263472   7544268    123.90   2010160    736864         0   2413400    129600     10768     22760         0
10:40:25 PM    336896    547044   3722344     91.70     83272    263488   7544268    123.90   2011764    736872         0   2414896    129600     10768     22760         0
10:40:26 PM    336524    546728   3722716     91.71     83364    263456   7544268    123.90   2012288    736872         4   2415448    129600     10768     22760         0
10:40:27 PM    336400    546744   3722840     91.71     83448    263508   7544268    123.90   2012636    736876         8   2415536    129604     10768     22760         0
10:40:28 PM    338724    549144   3720516     91.66     83564    263468   7544268    123.90   2009636    736880       132   2412464    129604     10768     22760         0
10:40:29 PM    338756    549332   3720484     91.65     83668    263516   7544268    123.90   2009824    736888        64   2412508    129616     10768     22760         0
10:40:30 PM    338384    549060   3720856     91.66     83780    263500   7544268    123.90   2010036    736896         8   2412660    129620     10768     22760         0
10:40:31 PM    337640    548492   3721600     91.68     83916    263540   7544268    123.90   2010616    736904       272   2413056    129620     10768     22760         0
10:40:32 PM    337516    548484   3721724     91.69     84040    263532   7544268    123.90   2010896    736908         0   2413212    129620     10768     22760         0
10:40:33 PM    337268    548336   3721972     91.69     84164    263504   7544268    123.90   2010988    736912         4   2413212    129624     10768     22760         0
10:40:34 PM    335656    546860   3723584     91.73     84252    263548   7544268    123.90   2012604    736916        16   2414700    129636     10768     22760         0
10:40:35 PM    335284    546616   3723956     91.74     84380    263548   7544268    123.90   2012836    736920         0   2414808    129636     10768     22764         0
10:40:36 PM    335160    546568   3724080     91.74     84500    263504   7544268    123.90   2012916    736924         0   2414816    129632     10768     22764         0
10:40:37 PM    335036    546572   3724204     91.75     84608    263524   7544268    123.90   2013040    736928         0   2414816    129632     10768     22764         0
10:40:38 PM    334912    546596   3724328     91.75     84712    263572   7544268    123.90   2013196    736936         0   2414840    129648     10768     22764         0
10:40:39 PM    334664    546412   3724576     91.76     84808    263528   7544268    123.90   2013260    736936         0   2414840    129648     10768     22764         0
10:40:40 PM    334664    546552   3724576     91.76     84904    263572   7544268    123.90   2013400    736936         8   2414840    129652     10768     22764         0
10:40:41 PM    334664    546612   3724576     91.76     85016    263520   7544268    123.90   2013460    736936       128   2414840    129652     10768     22764         0
10:40:42 PM    334512    546600   3724728     91.76     85132    263588   7544268    123.90   2013660    736952         0   2414880    129576     10752     22764         0
10:40:43 PM    334512    546684   3724728     91.76     85236    263560   7544268    123.90   2013744    736952        20   2414880    129576     10752     22764         0
10:40:44 PM    334512    546788   3724728     91.76     85332    263568   7544268    123.90   2013844    736956         0   2414880    129576     10752     22764         0
10:40:45 PM    334388    546796   3724852     91.76     85456    263580   7544268    123.90   2013988    736964        40   2414904    129588     10752     22764         0
10:40:46 PM    334264    546812   3724976     91.77     85588    263580   7544268    123.90   2014128    736964         0   2414904    129596     10752     22764         0
10:40:47 PM    333892    546552   3725348     91.77     85688    263592   7544268    123.90   2014236    736968       104   2414904    129596     10752     22764         0
10:40:48 PM    333892    546616   3725348     91.77     85772    263568   7544268    123.90   2014324    736968         0   2414932    129592     10752     22764         0
10:40:49 PM    333768    546652   3725472     91.78     85896    263604   7544268    123.90   2014496    736968         4   2414944    129596     10752     22764         0
10:40:50 PM    333768    546732   3725472     91.78     85996    263584   7544268    123.90   2014572    736972         8   2414944    129604     10752     22764         0
10:40:51 PM    333644    546692   3725596     91.78     86080    263592   7544268    123.90   2014656    736972        92   2414956    129608     10752     22764         0
10:40:52 PM    333396    546580   3725844     91.79     86204    263600   7544268    123.90   2014804    736976        12   2414964    129608     10752     22764         0
10:40:53 PM    333396    546676   3725844     91.79     86304    263588   7544268    123.90   2014896    736976        24   2414964    129612     10752     22764         0
10:40:54 PM    333156    546628   3726084     91.79     86460    263620   7544268    123.90   2015100    736984        16   2414984    129604     10752     22764         0
10:40:55 PM    333156    546704   3726084     91.79     86572    263572   7544268    123.90   2015168    736984         0   2414988    129624     10752     22764         0
10:40:56 PM    332784    546488   3726456     91.80     86672    263628   7548384    123.97   2015528    736992         0   2415216    129624     10752     22764         0
10:40:57 PM    332412    546204   3726828     91.81     86784    263608   7548384    123.97   2015828    736992         4   2415548    129624     10752     22764         0
10:40:58 PM    331544    545488   3727696     91.83     86900    263636   7548384    123.97   2017136    737000        24   2416612    129636     10752     22764         0
10:40:59 PM    331172    545204   3728068     91.84     86996    263624   7548384    123.97   2017452    737004         4   2416816    129640     10752     22764         0
10:41:00 PM    330272    544408   3728968     91.86     87116    263608   7548384    123.97   2018124    737020       144   2417432    129628     10752     22764         0
10:41:01 PM    332536    546816   3726704     91.81     87212    263656   7544288    123.90   2015224    737024         8   2414360    129648     10752     22764         0
10:41:02 PM    332536    546984   3726704     91.81     87368    263668   7544288    123.90   2015400    737032         0   2414376    129648     10752     22764         0
10:41:03 PM    332412    546884   3726828     91.81     87440    263620   7544288    123.90   2015424    737032         0   2414376    129652     10752     22764         0
10:41:04 PM    332288    546912   3726952     91.81     87544    263676   7544288    123.90   2015740    737040         0   2414552    129656     10752     22764         0
10:41:05 PM    331172    545944   3728068     91.84     87692    263660   7544288    123.90   2016500    737040        12   2415216    129660     10752     22764         0
10:41:06 PM    331048    545952   3728192     91.84     87808    263676   7544288    123.90   2016928    737048         0   2415472    129660     10752     22764         0
10:41:07 PM    330792    545776   3728448     91.85     87912    263652   7544288    123.90   2017008    737048         0   2415472    129660     10752     22764         0
10:41:08 PM    330544    545660   3728696     91.86     88040    263652   7544288    123.90   2017144    737048       148   2415480    129672     10752     22764         0
10:41:09 PM    330544    545780   3728696     91.86     88140    263668   7544288    123.90   2017256    737064         0   2415492    129684     10752     22764         0
10:41:10 PM    330544    545868   3728696     91.86     88220    263684   7544288    123.90   2017344    737064         4   2415492    129688     10752     22764         0
10:41:11 PM    330296    545768   3728944     91.86     88356    263688   7544288    123.90   2017512    737068        96   2415516    129688     10752     22764         0
10:41:12 PM    330048    545604   3729192     91.87     88452    263672   7544288    123.90   2017588    737072        48   2415516    129692     10752     22764         0
10:41:13 PM    329924    545604   3729316     91.87     88552    263712   7544288    123.90   2017720    737076        16   2415528    129696     10752     22764         0
10:41:14 PM    329808    545584   3729432     91.88     88664    263680   7544288    123.90   2017824    737076         0   2415536    129684     10752     22764         0
10:41:15 PM    329824    545748   3729416     91.87     88776    263716   7544288    123.90   2017976    737080         0   2415548    129688     10736     22764         0
10:41:16 PM    329576    545556   3729664     91.88     88864    263680   7544288    123.90   2018032    737080         0   2415548    129692     10736     22764         0
10:41:17 PM    329560    545668   3729680     91.88     88956    263720   7544288    123.90   2018156    737084       180   2415548    129692     10752     22764         0
10:41:18 PM    329312    545552   3729928     91.89     89092    263716   7544288    123.90   2018272    737120       168   2415572    129696     10752     22764         0
10:41:19 PM    329312    545648   3729928     91.89     89152    263744   7544288    123.90   2018372    737124        16   2415580    129696     10752     22764         0
10:41:20 PM    329188    545628   3730052     91.89     89276    263724   7544288    123.90   2018472    737128         0   2415580    129704     10752     22764         0
10:41:21 PM    329064    545632   3730176     91.89     89364    263768   7544288    123.90   2018616    737132        12   2415600    129704     10752     22764         0
10:41:22 PM    328940    545608   3730300     91.90     89488    263748   7544288    123.90   2018724    737136         8   2415612    129708     10752     22764         0
10:41:23 PM    328816    545584   3730424     91.90     89556    263768   7544288    123.90   2018812    737144        16   2415612    129720     10752     22764         0
10:41:24 PM    328692    545576   3730548     91.90     89660    263776   7544288    123.90   2018944    737148        76   2415636    129748     10752     22764         0
10:41:25 PM    328692    545672   3730548     91.90     89744    263784   7544288    123.90   2019032    737152        20   2415636    129732     10752     22764         0
10:41:26 PM    328568    545608   3730672     91.91     89832    263756   7544288    123.90   2019088    737156         0   2415636    129732     10752     22764         0
10:41:27 PM    328212    545376   3731028     91.91     89944    263784   7544288    123.90   2019604    737156        20   2416124    129724     10736     22764         0
10:41:28 PM    326724    544016   3732516     91.95     90064    263776   7544288    123.90   2021144    737168        16   2417496    129724     10736     22764         0
10:41:29 PM    325328    543404   3733912     91.99     90136    264300   7544288    123.90   2022736    737036         4   2418008    129724     10736     22760         0
10:41:30 PM    328584    546648   3730656     91.91     90236    264380   7544288    123.90   2019596    736864        12   2414740    129728     10736     22764         0
10:41:31 PM    328296    546480   3730944     91.91     90300    264424   7544288    123.90   2019708    736888         0   2414852    129780     10736     22760         0
10:41:32 PM    328172    546444   3731068     91.92     90376    264436   7544288    123.90   2019792    736892        24   2414852    129784     10736     22760         0
10:41:33 PM    327832    546180   3731408     91.92     90476    264412   7544288    123.90   2019992    736892         4   2414984    129752     10736     22760         0
10:41:34 PM    327832    546292   3731408     91.92     90560    264440   7544288    123.90   2020228    736896         4   2415104    129752     10736     22760         0
10:41:35 PM    327088    545680   3732152     91.94     90680    264448   7544288    123.90   2020896    736896         0   2415768    129760     10736     22764         0
10:41:36 PM    326964    545640   3732276     91.95     90780    264432   7544288    123.90   2021156    736904        16   2415828    129760     10736     22764         0
10:41:37 PM    325220    544012   3734020     91.99     90868    264460   7544288    123.90   2022780    736908         0   2417340    129764     10752     22764         0
10:41:38 PM    325220    544056   3734020     91.99     90948    264424   7544288    123.90   2022892    736912         0   2417412    129768     10752     22768         0
10:41:39 PM    325096    544052   3734144     91.99     91028    264464   7544288    123.90   2023008    736916         8   2417412    129760     10752     22768         0
10:41:40 PM    325096    544156   3734144     91.99     91120    264472   7544288    123.90   2023100    736920        68   2417412    129768     10752     22768         0
10:41:41 PM    324848    543984   3734392     92.00     91196    264468   7544288    123.90   2023200    736920         0   2417440    129764     10752     22768         0
10:41:42 PM    324848    544048   3734392     92.00     91268    264460   7544288    123.90   2023280    736912         0   2417448    129776     10752     22768         0
10:41:43 PM    324724    544004   3734516     92.00     91368    264440   7544288    123.90   2023376    736912         0   2417460    129768     10752     22768         0
10:41:44 PM    324724    544092   3734516     92.00     91444    264452   7544288    123.90   2023464    736916        20   2417464    129768     10752     22768         0
10:41:45 PM    324724    544164   3734516     92.00     91480    264488   7544288    123.90   2023540    736912         0   2417464    129776     10752     22768         0
10:41:46 PM    324600    544072   3734640     92.00     91544    264456   7544288    123.90   2023584    736908         0   2417472    129776     10752     22768         0
10:41:47 PM    324476    544064   3734764     92.01     91616    264496   7544288    123.90   2023724    736900        16   2417492    129780     10752     22768         0
10:41:48 PM    322740    543972   3736500     92.05     91680    266100   7544288    123.90   2023768    738500         0   2417492    129780     10752     22768         0
10:41:49 PM    322616    544044   3736624     92.05     91760    266192   7544288    123.90   2023992    738520        44   2417536    129784     10752     22768         0
10:41:50 PM    322492    544000   3736748     92.06     91832    266200   7544288    123.90   2024100    738512         0   2417548    129784     10752     22768         0
10:41:51 PM    322368    543948   3736872     92.06     91900    266204   7544288    123.90   2024172    738512         4   2417548    129780     10752     22768         0
10:41:52 PM    322244    543864   3736996     92.06     91936    266208   7544288    123.90   2024216    738508        36   2417548    129784     10752     22768         0
10:41:53 PM    322244    543928   3736996     92.06     92004    266204   7544288    123.90   2024292    738504        64   2417564    129788     10752     22768         0
10:41:54 PM    322120    543876   3737120     92.06     92060    266216   7544288    123.90   2024380    738504         0   2417576    129792     10752     22768         0
10:41:55 PM    321996    543776   3737244     92.07     92144    266156   7544288    123.90   2024408    738500         0   2417576    129792     10752     22768         0
10:41:56 PM    319888    541808   3739352     92.12     92228    266208   7544288    123.90   2026560    738492         0   2419708    129792     10752     22768         0
10:41:57 PM    321252    543232   3737988     92.09     92284    266212   7544288    123.90   2025108    738492         0   2418072    129792     10752     22768         0
10:41:58 PM    320756    542800   3738484     92.10     92352    266208   7544288    123.90   2025868    738492        12   2418768    129792     10752     22768         0
10:41:59 PM    320260    542360   3738980     92.11     92404    266212   7544288    123.90   2026388    738488         0   2419228    129796     10752     22768         0
10:42:00 PM    319424    541620   3739816     92.13     92496    266216   7544288    123.90   2027280    738476       188   2420016    129800     10752     22768         0
10:42:01 PM    321836    544088   3737404     92.07     92544    266220   7544288    123.90   2024280    738468         0   2416952    129840     10752     22768         0
10:42:02 PM    321840    544192   3737400     92.07     92624    266244   7544288    123.90   2024404    738464        28   2416976    129808     10752     22768         0
10:42:03 PM    321840    544240   3737400     92.07     92668    266248   7544288    123.90   2024464    738452         0   2416976    129820     10752     22768         0
10:42:04 PM    321468    543912   3737772     92.08     92708    266244   7544288    123.90   2024628    738452         8   2417096    129820     10752     22768         0
10:42:05 PM    321484    543976   3737756     92.08     92780    266220   7544288    123.90   2024740    738444         0   2417152    129820     10736     22768         0
10:42:06 PM    321096    543680   3738144     92.09     92848    266244   7544288    123.90   2025036    738444        16   2417368    129820     10752     22768         0
10:42:07 PM    320972    543620   3738268     92.09     92940    266224   7544288    123.90   2025428    738440        16   2417700    129820     10752     22768         0
10:42:08 PM    320848    543612   3738392     92.10     93004    266264   7544288    123.90   2025572    738444        64   2417716    129820     10752     22768         0
10:42:09 PM    320724    543560   3738516     92.10     93076    266264   7544288    123.90   2025660    738432        88   2417720    129824     10752     22768         0
10:42:10 PM    320724    543624   3738516     92.10     93128    266280   7544288    123.90   2025720    738436         4   2417720    129824     10752     22768         0
10:42:11 PM    320476    543432   3738764     92.11     93180    266280   7544288    123.90   2025776    738436         0   2417720    129824     10752     22768         0
10:42:12 PM    320476    543504   3738764     92.11     93244    266292   7544288    123.90   2025856    738424         8   2417720    129828     10752     22768         0
10:42:13 PM    320352    543472   3738888     92.11     93340    266284   7544288    123.90   2025976    738432         4   2417756    129828     10752     22768         0
10:42:14 PM    320320    543488   3738920     92.11     93392    266276   7544288    123.90   2026040    738416         0   2417756    129860     10752     22768         0
10:42:15 PM    320104    543384   3739136     92.11     93476    266304   7544288    123.90   2026160    738416         0   2417768    129832     10752     22768         0
10:42:16 PM    320104    543412   3739136     92.11     93540    266264   7544288    123.90   2026200    738408         0   2417772    129836     10752     22768         0
10:42:17 PM    320104    543520   3739136     92.11     93596    266316   7544288    123.90   2026300    738416         8   2417772    129836     10752     22768         0
10:42:18 PM    320104    543548   3739136     92.11     93636    266304   7544288    123.90   2026328    738416         0   2417772    129836     10752     22768         0
10:42:19 PM    319980    543488   3739260     92.12     93688    266320   7544288    123.90   2026392    738416        24   2417772    129840     10752     22768         0
10:42:20 PM    319824    543392   3739416     92.12     93768    266300   7544288    123.90   2026488    738412         0   2417808    129876     10752     22768         0
10:42:21 PM    319748    543428   3739492     92.12     93844    266328   7544288    123.90   2026612    738408        12   2417816    129844     10736     22768         0
10:42:22 PM    319748    543512   3739492     92.12     93928    266332   7544288    123.90   2026708    738400        12   2417820    129844     10736     22768         0
10:42:23 PM    319624    543472   3739616     92.13     94020    266324   7544288    123.90   2026796    738396        24   2417820    129852     10736     22768         0
10:42:24 PM    319624    543532   3739616     92.13     94092    266308   7544288    123.90   2026852    738400         0   2417820    129856     10736     22768         0
10:42:25 PM    319500    543488   3739740     92.13     94148    266332   7544288    123.90   2026928    738400         0   2417820    129860     10736     22768         0
10:42:26 PM    319252    543308   3739988     92.14     94240    266304   7544288    123.90   2027020    738400         0   2417844    129860     10736     22768         0
10:42:27 PM    319252    543404   3739988     92.14     94316    266328   7544288    123.90   2027152    738388        40   2417868    129860     10736     22768         0
10:42:28 PM    319252    543436   3739988     92.14     94360    266312   7544288    123.90   2027196    738384         0   2417876    129856     10736     22768         0
10:42:29 PM    319252    543520   3739988     92.14     94412    266344   7544288    123.90   2027292    738372         8   2417876    129856     10736     22768         0
10:42:30 PM    319128    543424   3740112     92.14     94464    266320   7544288    123.90   2027324    738368         0   2417876    129856     10736     22768         0
10:42:31 PM    318756    543140   3740484     92.15     94536    266332   7548356    123.97   2027412    738364         0   2417876    129872     10736     22768         0
10:42:32 PM    318260    542716   3740980     92.16     94596    266344   7548356    123.97   2028196    738376        80   2418600    129872     10736     22768         0
10:42:33 PM    316740    541280   3742500     92.20     94668    266356   7548356    123.97   2029580    738376         0   2419912    129912     10736     22768         0
10:42:34 PM    318908    543500   3740332     92.14     94752    266320   7548356    123.97   2026972    738372        60   2417240    129876     10736     22768         0
10:42:35 PM    319004    543700   3740236     92.14     94820    266356   7548356    123.97   2027068    738380        12   2417240    129876     10736     22768         0
10:42:36 PM    319004    543728   3740236     92.14     94868    266348   7548356    123.97   2027100    738376         0   2417240    129880     10736     22768         0
10:42:37 PM    319004    543796   3740236     92.14     94936    266336   7548356    123.97   2027180    738364         0   2417240    129884     10736     22768         0
10:42:38 PM    319020    543780   3740220     92.14     94996    266240   7548356    123.97   2027108    738228         8   2417068    129884     10720     22744         0
10:42:39 PM    319828    543884   3739412     92.12     95080    265452   7548356    123.97   2025988    737536       120   2415960    129924     10624     22580         0
10:42:40 PM    319488    543576   3739752     92.13     95104    265460   7548356    123.97   2026544    737528        40   2416476    129884     10624     22580         0
10:42:41 PM    319488    543616   3739752     92.13     95144    265460   7548356    123.97   2026588    737528         0   2416480    129884     10624     22580         0
10:42:42 PM    319488    543632   3739752     92.13     95164    265456   7548356    123.97   2026608    737524         4   2416480    129884     10624     22580         0
10:42:43 PM    319488    543676   3739752     92.13     95200    265464   7548356    123.97   2026652    737524        16   2416480    129884     10624     22580         0
10:42:44 PM    319488    543704   3739752     92.13     95232    265460   7548356    123.97   2026684    737520         0   2416480    129884     10624     22580         0
10:42:45 PM    319364    543636   3739876     92.13     95296    265452   7548356    123.97   2026748    737516         0   2416496    129880     10624     22580         0
10:42:46 PM    319364    543676   3739876     92.13     95360    265428   7548356    123.97   2026820    737516        20   2416520    129876     10624     22580         0
10:42:47 PM    319364    543736   3739876     92.13     95380    265472   7548356    123.97   2026904    737500         8   2416528    129876     10624     22580         0
10:42:48 PM    319364    543776   3739876     92.13     95416    265472   7548356    123.97   2026948    737500         8   2416528    129876     10624     22580         0
10:42:49 PM    319364    543804   3739876     92.13     95440    265476   7548356    123.97   2026984    737492         4   2416528    129876     10624     22580         0
10:42:50 PM    319364    543832   3739876     92.13     95468    265476   7548356    123.97   2027016    737488         0   2416528    129876     10624     22580         0
10:42:51 PM    319364    543888   3739876     92.13     95528    265472   7548356    123.97   2027100    737484         0   2416552    129876     10624     22580         0
10:42:52 PM    319364    543956   3739876     92.13     95596    265476   7548356    123.97   2027184    737484        64   2416568    129876     10624     22580         0
10:42:53 PM    319364    544004   3739876     92.13     95644    265476   7548356    123.97   2027236    737484         4   2416572    129876     10624     22580         0
10:42:54 PM    319364    544048   3739876     92.13     95688    265472   7548356    123.97   2027280    737484         4   2416572    129876     10624     22580         0
10:42:55 PM    319364    544080   3739876     92.13     95724    265468   7548356    123.97   2027308    737488         4   2416572    129876     10624     22580         0
10:42:56 PM    319364    544128   3739876     92.13     95768    265476   7548356    123.97   2027356    737488        16   2416572    129876     10624     22580         0
10:42:57 PM    319364    544208   3739876     92.13     95832    265488   7548356    123.97   2027440    737488        72   2416580    129876     10624     22580         0
10:42:58 PM    319240    544124   3740000     92.14     95884    265472   7548356    123.97   2027504    737484         0   2416600    129880     10624     22580         0
10:42:59 PM    319240    544208   3740000     92.14     95948    265492   7548356    123.97   2027604    737480         0   2416616    129880     10624     22580         0
10:43:00 PM    319256    544256   3739984     92.14     95988    265488   7548356    123.97   2027644    737476         4   2416616    129880     10624     22580         0
10:43:01 PM    319224    544264   3740016     92.14     96028    265484   7548356    123.97   2027688    737472         0   2416616    129880     10640     22580         0
10:43:02 PM    319224    544320   3740016     92.14     96068    265500   7548356    123.97   2027744    737472         4   2416616    129880     10640     22580         0
10:43:03 PM    319100    544256   3740140     92.14     96128    265508   7548356    123.97   2027816    737464       204   2416644    129884     10640     22580         0
10:43:04 PM    318728    543904   3740512     92.15     96172    265472   7548356    123.97   2027852    737472       104   2416648    129888     10640     22580         0
10:43:05 PM    318232    543516   3741008     92.16     96244    265508   7548356    123.97   2027972    737464         0   2416624    129892     10640     22580         0
10:43:06 PM    318232    543548   3741008     92.16     96280    265508   7548356    123.97   2028472    737460         0   2417164    129896     10640     22580         0
10:43:07 PM    318108    543468   3741132     92.16     96316    265508   7548356    123.97   2028948    737456         4   2417684    129896     10640     22580         0
10:43:08 PM    317612    543004   3741628     92.18     96344    265512   7548356    123.97   2029344    737456         8   2417912    129896     10640     22580         0
10:43:09 PM    317364    542772   3741876     92.18     96360    265512   7548356    123.97   2029796    737456         0   2418368    129896     10640     22580         0
10:43:10 PM    318568    544052   3740672     92.15     96432    265516   7548356    123.97   2027528    737460         0   2416008    129896     10640     22580         0
10:43:11 PM    318728    544268   3740512     92.15     96492    265512   7548356    123.97   2027596    737456         4   2416020    129900     10640     22580         0
10:43:12 PM    318728    544308   3740512     92.15     96528    265516   7548356    123.97   2027652    737452         4   2416028    129900     10640     22580         0
10:43:13 PM    318728    544332   3740512     92.15     96564    265504   7548356    123.97   2027676    737452         0   2416028    129900     10640     22580         0
10:43:14 PM    318728    544384   3740512     92.15     96600    265520   7548356    123.97   2027896    737452         0   2416200    129904     10640     22580         0
10:43:15 PM    318728    544404   3740512     92.15     96640    265504   7548356    123.97   2027924    737444         8   2416200    129904     10640     22580         0
10:43:16 PM    318728    544484   3740512     92.15     96700    265520   7548356    123.97   2028004    737444       104   2416348    129904     10640     22580         0
10:43:17 PM    318728    544548   3740512     92.15     96756    265524   7548356    123.97   2028572    737440         0   2416700    129904     10640     22580         0
10:43:18 PM    318728    544588   3740512     92.15     96796    265524   7548356    123.97   2028672    737436         0   2416756    129904     10640     22580         0
10:43:19 PM    318728    544632   3740512     92.15     96832    265532   7548356    123.97   2028704    737448        24   2416756    129904     10640     22580         0
10:43:20 PM    318744    544692   3740496     92.15     96872    265536   7548356    123.97   2028752    737444         0   2416756    129904     10624     22580         0
10:43:21 PM    318744    544732   3740496     92.15     96928    265520   7548356    123.97   2028792    737444         0   2416756    129904     10624     22580         0
10:43:22 PM    318744    544760   3740496     92.15     96948    265528   7548356    123.97   2028832    737436       152   2416760    129904     10624     22580         0
10:43:23 PM    318620    544736   3740620     92.15     97032    265540   7548356    123.97   2028988    737416        32   2416800    129912     10624     22580         0
10:43:24 PM    318496    544668   3740744     92.15     97104    265524   7548356    123.97   2029048    737412        40   2416800    129916     10624     22580         0
10:43:25 PM    318496    544728   3740744     92.15     97148    265540   7548356    123.97   2029120    737404         0   2416804    129916     10624     22580         0
10:43:26 PM    318496    544744   3740744     92.15     97164    265540   7548356    123.97   2029140    737400         4   2416804    129916     10624     22580         0
10:43:27 PM    318496    544764   3740744     92.15     97196    265528   7548356    123.97   2029168    737392         0   2416804    129916     10624     22580         0
10:43:28 PM    318496    544828   3740744     92.15     97244    265544   7548356    123.97   2029244    737380        16   2416804    129916     10624     22580         0
10:43:29 PM    318248    544612   3740992     92.16     97308    265512   7548356    123.97   2029312    737364         0   2416828    129920     10624     22580         0
10:43:30 PM    318000    544456   3741240     92.17     97372    265536   7548356    123.97   2029416    737368         0   2416844    129920     10624     22580         0
10:43:31 PM    318124    544628   3741116     92.16     97400    265556   7548356    123.97   2029480    737360        12   2416852    129924     10624     22580         0
10:43:32 PM    318124    544664   3741116     92.16     97440    265552   7548356    123.97   2029524    737352         0   2416852    129924     10624     22580         0
10:43:33 PM    318124    544708   3741116     92.16     97476    265560   7548356    123.97   2029564    737356        12   2416852    129924     10624     22580         0
10:43:34 PM    318124    544732   3741116     92.16     97496    265564   7548356    123.97   2029596    737348         4   2416852    129924     10624     22580         0
10:43:35 PM    318000    544668   3741240     92.17     97564    265560   7548356    123.97   2029680    737344         4   2416872    129924     10624     22580         0
10:43:36 PM    317876    544644   3741364     92.17     97648    265572   7548356    123.97   2029808    737340        48   2416896    129924     10624     22580         0
10:43:37 PM    317752    544544   3741488     92.17     97684    265560   7548356    123.97   2029832    737340         0   2416896    129924     10624     22580         0
10:43:38 PM    317752    544580   3741488     92.17     97708    265572   7548356    123.97   2029884    737324         4   2416896    129924     10624     22580         0
10:43:39 PM    317752    544604   3741488     92.17     97736    265568   7548356    123.97   2029920    737312        12   2416896    129924     10624     22580         0
10:43:40 PM    317752    544648   3741488     92.17     97776    265568   7548356    123.97   2029960    737312         4   2416896    129928     10624     22580         0
10:43:41 PM    317628    544596   3741612     92.18     97840    265576   7548356    123.97   2030056    737308        44   2416916    129932     10624     22580         0
10:43:42 PM    317504    544508   3741736     92.18     97904    265544   7548356    123.97   2030100    737308         0   2416928    129936     10624     22580         0
10:43:43 PM    317380    544468   3741860     92.18     97944    265588   7548356    123.97   2030204    737304        40   2416944    129936     10624     22580         0
10:43:44 PM    317380    544488   3741860     92.18     97964    265588   7548356    123.97   2030228    737300        12   2416916    129936     10624     22580         0
10:43:45 PM    317132    544288   3742108     92.19     98008    265592   7548356    123.97   2030588    737304         0   2417260    129936     10624     22580         0
10:43:46 PM    316884    544068   3742356     92.19     98040    265588   7548356    123.97   2030896    737304         0   2417552    129936     10624     22580         0
10:43:47 PM    316512    543732   3742728     92.20     98080    265584   7548356    123.97   2031316    737304         0   2417932    129936     10624     22580         0
10:43:48 PM    317500    544780   3741740     92.18     98152    265572   7544284    123.90   2029756    737292        12   2416292    129940     10624     22580         0
10:43:49 PM    317628    544956   3741612     92.18     98184    265588   7544284    123.90   2029816    737288        36   2416300    129940     10624     22580         0
10:43:50 PM    317628    545008   3741612     92.18     98220    265600   7544284    123.90   2029876    737284        12   2416308    129944     10624     22580         0
10:43:51 PM    317628    545052   3741612     92.18     98268    265596   7544284    123.90   2029920    737284         8   2416308    129944     10624     22580         0
10:43:52 PM    317628    545064   3741612     92.18     98276    265600   7544284    123.90   2029952    737264         4   2416308    129944     10624     22580         0
10:43:53 PM    317504    544976   3741736     92.18     98308    265604   7544284    123.90   2030072    737264         4   2416404    129944     10624     22580         0
10:43:54 PM    312664    543876   3746576     92.30     99100    268760   7557464    124.12   2031284    740612         0   2417372    129944     10688     22580         0
10:43:55 PM    307664    542976   3751576     92.42     99700    272120   7541308    123.85   2033732    743184         0   2418096    130208     10656     22620         0
10:43:56 PM    303332    539532   3755908     92.53     99720    272940   7561696    124.19   2036492    743740         0   2420620    130316     10688     22632         0
10:43:57 PM    303280    539516   3755960     92.53     99740    272984   7561696    124.19   2036492    743788         8   2420512    130332     10688     22640         0
10:43:58 PM    303156    539416   3756084     92.53     99776    272976   7561696    124.19   2036516    743788         0   2420512    130332     10688     22640         0
10:43:59 PM    303156    539452   3756084     92.53     99792    272992   7561696    124.19   2036564    743776        12   2420512    130332     10688     22640         0
10:44:00 PM    303124    539444   3756116     92.53     99824    272992   7561696    124.19   2036588    743776         8   2420512    130332     10688     22640         0
10:44:01 PM    303156    539528   3756084     92.53     99872    272988   7561696    124.19   2036644    743772         0   2420512    130332     10688     22640         0
10:44:02 PM    303156    539604   3756084     92.53     99920    273016   7561696    124.19   2036756    743796        12   2420612    130344     10688     22640         0
10:44:03 PM    303032    539536   3756208     92.53     99956    273028   7561696    124.19   2036848    743796        16   2420616    130344     10688     22640         0
10:44:04 PM    303032    539560   3756208     92.53     99980    273028   7561696    124.19   2036872    743796         0   2420616    130344     10688     22640         0
10:44:05 PM    303032    539576   3756208     92.53    100004    273020   7561696    124.19   2036888    743796         0   2420616    130344     10688     22640         0
10:44:06 PM    304348    540916   3754892     92.50    100044    273028   7540884    123.85   2036984    742720         8   2419592    130060     10656     22588         0
10:44:07 PM    304348    540960   3754892     92.50    100112    273000   7540884    123.85   2037032    742716       224   2419592    130060     10656     22588         0
10:44:08 PM    304380    541072   3754860     92.50    100152    273040   7540884    123.85   2037148    742724         0   2419636    130020     10656     22588         0
10:44:09 PM    304380    541096   3754860     92.50    100188    273028   7540884    123.85   2037172    742724        12   2419636    130020     10656     22588         0
10:44:10 PM    304380    541144   3754860     92.50    100232    273048   7540884    123.85   2037220    742724         8   2419636    130020     10656     22588         0
10:44:11 PM    304272    541092   3754968     92.50    100276    273044   7540884    123.85   2037272    742728         4   2419636    130020     10640     22588         0
10:44:12 PM    304272    541120   3754968     92.50    100312    273036   7540884    123.85   2037300    742728         4   2419636    130020     10640     22588         0
10:44:13 PM    304148    541052   3755092     92.51    100360    273044   7540884    123.85   2037380    742732         4   2419664    130020     10640     22588         0
10:44:14 PM    304024    540996   3755216     92.51    100436    273036   7540884    123.85   2037468    742724       136   2419676    130020     10640     22588         0
10:44:15 PM    304024    541028   3755216     92.51    100456    273048   7540884    123.85   2037504    742720         8   2419676    130020     10640     22588         0
10:44:16 PM    303900    540956   3755340     92.51    100508    273048   7540884    123.85   2037556    742720         0   2419676    130020     10640     22588         0
10:44:17 PM    303900    540988   3755340     92.51    100540    273048   7540884    123.85   2037588    742720         4   2419676    130020     10640     22588         0
10:44:18 PM    303900    541012   3755340     92.51    100568    273044   7540884    123.85   2037616    742716         0   2419676    130020     10640     22588         0
10:44:19 PM    303776    540948   3755464     92.52    100616    273052   7540884    123.85   2037704    742708       124   2419700    130028     10640     22588         0
10:44:20 PM    303776    540980   3755464     92.52    100652    273048   7540884    123.85   2037756    742704        92   2419716    130028     10640     22588         0
10:44:21 PM    303528    540772   3755712     92.52    100712    273040   7540884    123.85   2037812    742692        92   2419816    130028     10640     22588         0
10:44:22 PM    300300    532104   3758940     92.60    100772    273096   7540884    123.85   2038328    742752         4   2420192    130028     10640     22588         0
10:44:23 PM    299772    531628   3759468     92.62    100800    273120   7540884    123.85   2038808    742740         8   2420584    130028     10640     22588         0
10:44:24 PM    299088    530984   3760152     92.63    100840    273120   7540884    123.85   2039480    742740        12   2421340    130028     10640     22588         0
10:44:25 PM    298968    530904   3760272     92.63    100884    273132   7540884    123.85   2039956    742740       160   2421688    130036     10640     22588         0
10:44:26 PM    300696    532744   3758544     92.59    100912    273196   7540884    123.85   2037404    742816         0   2419068    130164     10656     22588         0
10:44:27 PM    300692    532812   3758548     92.59    100968    273212   7540884    123.85   2037496    742828         0   2419100    130068     10656     22588         0
10:44:28 PM    300660    532812   3758580     92.59    101004    273208   7540884    123.85   2037540    742824        12   2419108    130076     10656     22588         0
10:44:29 PM    300548    532744   3758692     92.60    101040    273216   7540884    123.85   2037584    742824         0   2419108    130076     10656     22588         0
10:44:30 PM    300644    532872   3758596     92.59    101068    273224   7540884    123.85   2037616    742824        16   2419108    130076     10656     22588         0
10:44:31 PM    300676    532956   3758564     92.59    101112    273228   7540884    123.85   2037668    742824         8   2419108    130076     10656     22588         0
10:44:32 PM    300596    532956   3758644     92.59    101160    273256   7540884    123.85   2037780    742840         0   2419160    130100     10656     22588         0
10:44:33 PM    300836    533224   3758404     92.59    101204    273240   7540884    123.85   2037824    742832        80   2419168    130100     10656     22588         0
10:44:34 PM    300432    532880   3758808     92.60    101244    273260   7540884    123.85   2037884    742840        20   2419176    130080     10656     22588         0
10:44:35 PM    300592    533092   3758648     92.59    101292    273264   7540884    123.85   2037944    742832         0   2419176    130080     10656     22588         0
