Linux 4.9.253-tegra (nano-desktop) 	10/16/2023 	_aarch64_	(4 CPU)

10:39:20 PM     CPU      %usr     %nice      %sys   %iowait    %steal      %irq     %soft    %guest    %gnice     %idle
10:39:21 PM     all      5.03      0.00     90.95      1.51      0.00      1.26      0.00      0.00      0.00      1.26
10:39:22 PM     all      9.02      0.00     84.96      2.51      0.00      1.00      0.25      0.00      0.00      2.26
10:39:23 PM     all     11.72      0.00     82.04      2.74      0.00      0.75      0.25      0.00      0.00      2.49
10:39:24 PM     all      4.74      0.00     90.27      2.00      0.00      0.75      0.00      0.00      0.00      2.24
10:39:25 PM     all     19.00      0.00     39.25     26.25      0.00      1.00      0.25      0.00      0.00     14.25
10:39:26 PM     all     25.06      0.00     46.90     13.90      0.00      0.74      0.25      0.00      0.00     13.15
10:39:27 PM     all      8.02      0.00     85.71      2.76      0.00      0.75      0.25      0.00      0.00      2.51
10:39:28 PM     all      4.52      0.00     89.45      2.76      0.00      0.75      0.00      0.00      0.00      2.51
10:39:29 PM     all      8.68      0.00     84.62      2.98      0.00      0.74      0.25      0.00      0.00      2.73
10:39:30 PM     all      7.52      0.00     87.72      2.01      0.00      0.75      0.00      0.00      0.00      2.01
10:39:31 PM     all     14.57      0.00     59.55     18.59      0.00      0.75      0.25      0.00      0.00      6.28
10:39:32 PM     all     19.45      0.00     58.85      9.48      0.00      1.00      0.25      0.00      0.00     10.97
10:39:33 PM     all     12.56      0.00     74.62      6.53      0.00      0.75      0.00      0.00      0.00      5.53
10:39:34 PM     all      4.28      0.00     90.18      2.27      0.00      0.76      0.25      0.00      0.00      2.27
10:39:35 PM     all      6.55      0.00     87.41      3.02      0.00      0.76      0.00      0.00      0.00      2.27
10:39:36 PM     all      5.00      0.00     89.00      2.50      0.00      0.75      0.25      0.00      0.00      2.50
10:39:37 PM     all     10.50      0.00     84.00      2.25      0.00      0.75      0.00      0.00      0.00      2.50
10:39:38 PM     all     17.93      0.00     41.16     23.48      0.00      0.76      0.25      0.00      0.00     16.41
10:39:39 PM     all     15.00      0.00     79.50      2.50      0.00      0.75      0.25      0.00      0.00      2.00
10:39:40 PM     all     15.66      0.00     68.69      8.08      0.00      0.76      0.00      0.00      0.00      6.82
10:39:41 PM     all      5.51      0.00     88.47      2.26      0.00      0.75      0.25      0.00      0.00      2.76
10:39:42 PM     all      8.84      0.00     85.10      2.53      0.00      0.76      0.00      0.00      0.00      2.78
10:39:43 PM     all      4.75      0.00     90.00      2.25      0.00      0.75      0.25      0.00      0.00      2.00
10:39:44 PM     all     15.75      0.00     59.75     13.50      0.00      0.75      0.25      0.00      0.00     10.00
10:39:45 PM     all      9.25      0.00     82.25      4.00      0.00      1.00      0.00      0.00      0.00      3.50
10:39:46 PM     all      9.00      0.00     78.00      6.25      0.00      0.75      0.25      0.00      0.00      5.75
10:39:47 PM     all      5.08      0.00     89.34      2.54      0.00      0.76      0.00      0.00      0.00      2.28
10:39:48 PM     all      6.47      0.00     88.31      1.74      0.00      0.75      0.25      0.00      0.00      2.49
10:39:49 PM     all      7.52      0.00     86.22      2.76      0.00      0.75      0.00      0.00      0.00      2.76
10:39:50 PM     all     10.53      0.00     70.93     10.53      0.00      0.75      0.25      0.00      0.00      7.02
10:39:51 PM     all     20.30      0.00     64.66      7.52      0.00      0.75      0.25      0.00      0.00      6.52
10:39:52 PM     all      8.88      0.00     79.95      4.57      0.00      0.76      0.00      0.00      0.00      5.84
10:39:53 PM     all     10.25      0.00     83.75      2.50      0.00      1.00      0.50      0.00      0.00      2.00
10:39:54 PM     all      3.98      0.00     88.56      2.99      0.00      1.00      0.25      0.00      0.00      3.23
10:39:55 PM     all      2.99      0.00     92.54      1.74      0.00      0.75      0.00      0.00      0.00      1.99
10:39:56 PM     all      7.29      0.00     85.93      2.51      0.00      0.75      0.25      0.00      0.00      3.27
10:39:57 PM     all     18.11      0.00     56.58     13.15      0.00      0.74      0.25      0.00      0.00     11.17
10:39:58 PM     all     13.38      0.00     74.75      6.06      0.00      0.76      0.00      0.00      0.00      5.05
10:39:59 PM     all     12.81      0.00     74.87      6.28      0.00      0.75      0.25      0.00      0.00      5.03
10:40:00 PM     all      6.52      0.00     88.47      2.01      0.00      0.75      0.00      0.00      0.00      2.26
10:40:01 PM     all      3.26      0.00     91.23      2.76      0.00      0.75      0.25      0.00      0.00      1.75
10:40:02 PM     all      7.96      0.00     86.57      2.24      0.00      0.75      0.00      0.00      0.00      2.49
10:40:03 PM     all     15.58      0.00     54.02     17.09      0.00      0.75      0.25      0.00      0.00     12.31
10:40:04 PM     all     20.30      0.00     68.32      6.19      0.00      0.99      0.25      0.00      0.00      3.96
10:40:05 PM     all     10.47      0.00     71.57      9.73      0.00      0.75      0.00      0.00      0.00      7.48
10:40:06 PM     all      7.54      0.00     87.19      2.26      0.00      0.75      0.25      0.00      0.00      2.01
10:40:07 PM     all      5.29      0.00     88.16      3.02      0.00      0.76      0.25      0.00      0.00      2.52
10:40:08 PM     all      8.25      0.00     86.75      2.00      0.00      0.75      0.00      0.00      0.00      2.25
10:40:09 PM     all     13.85      0.00     66.50     11.34      0.00      0.76      0.25      0.00      0.00      7.30
10:40:10 PM     all     14.25      0.00     71.00      7.25      0.00      1.00      0.00      0.00      0.00      6.50
10:40:11 PM     all      3.98      0.00     90.30      2.49      0.00      0.75      0.25      0.00      0.00      2.24
10:40:12 PM     all     13.78      0.00     73.68      6.27      0.00      0.75      0.25      0.00      0.00      5.26
10:40:13 PM     all      4.51      0.00     88.97      3.01      0.00      0.75      0.00      0.00      0.00      2.76
10:40:14 PM     all      5.75      0.00     87.00      3.25      0.00      0.75      0.25      0.00      0.00      3.00
10:40:15 PM     all      6.77      0.00     86.72      3.01      0.00      0.75      0.00      0.00      0.00      2.76
10:40:16 PM     all     14.32      0.00     62.06     13.82      0.00      1.01      0.25      0.00      0.00      8.54
10:40:17 PM     all     13.78      0.00     76.44      5.01      0.00      0.75      0.25      0.00      0.00      3.76
10:40:18 PM     all     19.25      0.00     64.00      8.00      0.00      0.75      0.00      0.00      0.00      8.00
10:40:19 PM     all     10.28      0.00     82.21      3.01      0.00      0.75      0.25      0.00      0.00      3.51
10:40:20 PM     all      4.25      0.00     89.75      2.00      0.00      0.75      0.00      0.00      0.00      3.25
10:40:21 PM     all      5.78      0.00     88.19      2.51      0.00      0.75      0.25      0.00      0.00      2.51
10:40:22 PM     all     16.16      0.00     57.07     15.15      0.00      0.76      0.25      0.00      0.00     10.61
10:40:23 PM     all     13.97      0.00     76.06      4.74      0.00      0.75      0.00      0.00      0.00      4.49
10:40:24 PM     all      3.47      0.00     90.57      2.73      0.00      0.74      0.25      0.00      0.00      2.23
10:40:25 PM     all     18.16      0.00     67.16      6.97      0.00      0.75      0.00      0.00      0.00      6.97
10:40:26 PM     all      4.00      0.00     91.75      1.50      0.00      1.00      0.25      0.00      0.00      1.50
10:40:27 PM     all      7.04      0.00     86.93      2.26      0.00      0.75      0.25      0.00      0.00      2.76
10:40:28 PM     all     11.19      0.00     70.65      8.96      0.00      1.24      0.50      0.00      0.00      7.46
10:40:29 PM     all     15.21      0.00     68.33      8.73      0.00      0.75      0.00      0.00      0.00      6.98
10:40:30 PM     all     19.14      0.00     74.56      3.02      0.00      0.76      0.25      0.00      0.00      2.27
10:40:31 PM     all     11.78      0.00     70.93      9.77      0.00      0.75      0.00      0.00      0.00      6.77
10:40:32 PM     all      7.64      0.00     84.73      3.45      0.00      0.74      0.25      0.00      0.00      3.20
10:40:33 PM     all      6.27      0.00     88.47      2.26      0.00      0.75      0.00      0.00      0.00      2.26
10:40:34 PM     all      4.01      0.00     90.23      2.76      0.00      1.00      0.25      0.00      0.00      1.75
10:40:35 PM     all     20.30      0.00     54.64     14.54      0.00      0.75      0.25      0.00      0.00      9.52
10:40:36 PM     all     14.71      0.00     76.81      3.74      0.00      0.75      0.00      0.00      0.00      3.99
10:40:37 PM     all      6.28      0.00     87.69      2.51      0.00      0.75      0.25      0.00      0.00      2.51
10:40:38 PM     all     13.50      0.00     61.00     11.25      0.00      0.75      0.25      0.00      0.00     13.25
10:40:39 PM     all      6.50      0.00     88.50      1.75      0.00      0.75      0.00      0.00      0.00      2.50
10:40:40 PM     all      8.52      0.00     85.21      2.26      0.00      0.75      0.25      0.00      0.00      3.01
10:40:41 PM     all     17.29      0.00     53.38     16.79      0.00      0.75      0.25      0.00      0.00     11.53
10:40:42 PM     all     18.36      0.00     68.73      6.20      0.00      0.99      0.00      0.00      0.00      5.71
10:40:43 PM     all      7.52      0.00     86.47      2.51      0.00      0.75      0.25      0.00      0.00      2.51
10:40:44 PM     all      4.20      0.00     90.37      2.22      0.00      0.74      0.00      0.00      0.00      2.47
10:40:45 PM     all     12.75      0.00     68.00      8.25      0.00      0.75      0.25      0.00      0.00     10.00
10:40:46 PM     all      5.79      0.00     86.90      3.27      0.00      0.76      0.25      0.00      0.00      3.02
10:40:47 PM     all     10.53      0.00     68.67     11.28      0.00      0.75      0.00      0.00      0.00      8.77
10:40:48 PM     all      8.25      0.00     82.50      4.50      0.00      0.75      0.25      0.00      0.00      3.75
10:40:49 PM     all     13.25      0.00     74.75      6.00      0.00      0.75      0.25      0.00      0.00      5.00
10:40:50 PM     all      5.93      0.00     87.90      2.72      0.00      0.99      0.00      0.00      0.00      2.47
10:40:51 PM     all     12.06      0.00     72.61      8.54      0.00      0.75      0.25      0.00      0.00      5.78
10:40:52 PM     all      5.78      0.00     86.93      3.02      0.00      0.75      0.00      0.00      0.00      3.52
10:40:53 PM     all      6.00      0.00     89.00      2.00      0.00      0.75      0.25      0.00      0.00      2.00
10:40:54 PM     all     13.25      0.00     66.00     11.25      0.00      0.75      0.00      0.00      0.00      8.75
10:40:55 PM     all     12.00      0.00     72.00      7.50      0.00      0.75      0.25      0.00      0.00      7.50
10:40:56 PM     all      7.50      0.00     85.50      3.25      0.00      0.75      0.25      0.00      0.00      2.75
10:40:57 PM     all      4.56      0.00     89.87      2.28      0.00      0.76      0.00      0.00      0.00      2.53
10:40:58 PM     all     11.56      0.00     70.60      8.29      0.00      0.75      0.25      0.00      0.00      8.54
10:40:59 PM     all      4.49      0.00     89.28      2.74      0.00      0.75      0.00      0.00      0.00      2.74
10:41:00 PM     all     11.22      0.00     66.08     13.22      0.00      1.00      0.50      0.00      0.00      7.98
10:41:01 PM     all      3.01      0.00     90.73      2.51      0.00      1.25      0.25      0.00      0.00      2.26
10:41:02 PM     all     21.11      0.00     58.54     11.81      0.00      0.75      0.25      0.00      0.00      7.54
10:41:03 PM     all     10.25      0.00     84.50      2.25      0.00      0.75      0.00      0.00      0.00      2.25
10:41:04 PM     all      6.48      0.00     87.78      2.24      0.00      0.75      0.00      0.00      0.00      2.74
10:41:05 PM     all     10.53      0.00     72.43      9.02      0.00      0.75      0.25      0.00      0.00      7.02
10:41:06 PM     all     13.13      0.00     73.23      6.06      0.00      0.76      0.25      0.00      0.00      6.57
10:41:07 PM     all     12.34      0.00     75.82      5.79      0.00      0.76      0.00      0.00      0.00      5.29
10:41:08 PM     all     12.53      0.00     68.17      9.77      0.00      0.75      0.25      0.00      0.00      8.52
10:41:09 PM     all      6.00      0.00     88.00      2.25      0.00      0.75      0.25      0.00      0.00      2.75
10:41:10 PM     all      5.28      0.00     89.20      2.01      0.00      0.75      0.00      0.00      0.00      2.76
10:41:11 PM     all     17.21      0.00     67.33      8.98      0.00      0.75      0.25      0.00      0.00      5.49
10:41:12 PM     all      9.07      0.00     78.84      6.30      0.00      1.01      0.00      0.00      0.00      4.79
10:41:13 PM     all      7.73      0.00     78.80      8.73      0.00      0.75      0.25      0.00      0.00      3.74
10:41:14 PM     all     12.00      0.00     80.25      3.25      0.00      0.75      0.25      0.00      0.00      3.50
10:41:15 PM     all     13.13      0.00     73.23      7.58      0.00      0.76      0.00      0.00      0.00      5.30
10:41:16 PM     all      6.70      0.00     87.59      2.48      0.00      0.74      0.25      0.00      0.00      2.23
10:41:17 PM     all      9.25      0.00     70.00     11.75      0.00      1.00      0.25      0.00      0.00      7.75
10:41:18 PM     all     16.37      0.00     68.51      7.56      0.00      0.76      0.00      0.00      0.00      6.80
10:41:19 PM     all      6.93      0.00     88.12      2.23      0.00      0.74      0.25      0.00      0.00      1.73
10:41:20 PM     all     15.44      0.00     67.09      8.35      0.00      0.76      0.00      0.00      0.00      8.35
10:41:21 PM     all     13.50      0.00     72.25      7.00      0.00      0.75      0.25      0.00      0.00      6.25
10:41:22 PM     all      6.45      0.00     86.85      2.98      0.00      0.99      0.25      0.00      0.00      2.48
10:41:23 PM     all      5.75      0.00     89.50      2.25      0.00      0.75      0.00      0.00      0.00      1.75
10:41:24 PM     all     21.36      0.00     59.55     10.05      0.00      0.75      0.25      0.00      0.00      8.04
10:41:25 PM     all      6.55      0.00     87.66      2.27      0.00      0.76      0.25      0.00      0.00      2.52
10:41:26 PM     all      7.04      0.00     79.65      6.03      0.00      0.75      0.00      0.00      0.00      6.53
10:41:27 PM     all     18.75      0.00     71.75      4.25      0.00      0.75      0.25      0.00      0.00      4.25
10:41:28 PM     all     15.79      0.00     63.16     10.78      0.00      0.75      0.00      0.00      0.00      9.52
10:41:29 PM     all      7.46      0.00     84.83      3.73      0.00      0.75      0.25      0.00      0.00      2.99
10:41:30 PM     all      7.46      0.00     79.10      5.47      0.00      1.49      0.50      0.00      0.00      5.97
10:41:31 PM     all     13.60      0.00     71.54      5.04      0.00      0.76      0.25      0.00      0.00      8.82
10:41:32 PM     all      7.20      0.00     87.59      2.23      0.00      0.74      0.00      0.00      0.00      2.23
10:41:33 PM     all     13.18      0.00     69.65      8.21      0.00      0.75      0.25      0.00      0.00      7.96
10:41:34 PM     all      8.56      0.00     74.81      9.57      0.00      0.76      0.25      0.00      0.00      6.05
10:41:35 PM     all      8.91      0.00     84.65      2.48      0.00      0.74      0.00      0.00      0.00      3.22
10:41:36 PM     all      5.49      0.00     87.03      3.49      0.00      0.75      0.25      0.00      0.00      2.99
10:41:37 PM     all     14.86      0.00     64.99     11.84      0.00      0.76      0.00      0.00      0.00      7.56
10:41:38 PM     all      7.21      0.00     86.32      2.49      0.00      0.75      0.25      0.00      0.00      2.99
10:41:39 PM     all      8.31      0.00     86.15      2.52      0.00      0.76      0.00      0.00      0.00      2.27
10:41:40 PM     all     11.72      0.00     66.83     10.22      0.00      0.75      0.25      0.00      0.00     10.22
10:41:41 PM     all     12.31      0.00     70.10      9.05      0.00      0.75      0.25      0.00      0.00      7.54
10:41:42 PM     all     10.38      0.00     83.54      2.28      0.00      0.76      0.00      0.00      0.00      3.04
10:41:43 PM     all     21.00      0.00     59.25      8.75      0.00      0.75      0.25      0.00      0.00     10.00
10:41:44 PM     all      6.00      0.00     88.25      2.50      0.00      1.00      0.00      0.00      0.00      2.25
10:41:45 PM     all      5.03      0.00     89.95      2.01      0.00      0.75      0.25      0.00      0.00      2.01
10:41:46 PM     all     11.50      0.00     66.25     13.50      0.00      0.75      0.25      0.00      0.00      7.75
10:41:47 PM     all     11.47      0.00     81.80      2.49      0.00      0.75      0.00      0.00      0.00      3.49
10:41:48 PM     all     20.10      0.00     41.96     25.13      0.00      0.75      0.25      0.00      0.00     11.81
10:41:49 PM     all     19.85      0.00     67.59      5.78      0.00      0.75      0.00      0.00      0.00      6.03
10:41:50 PM     all     17.79      0.00     64.91      9.77      0.00      1.00      0.25      0.00      0.00      6.27
10:41:51 PM     all      6.00      0.00     88.00      1.50      0.00      0.75      0.25      0.00      0.00      3.50
10:41:52 PM     all      6.80      0.00     87.41      2.77      0.00      0.76      0.00      0.00      0.00      2.27
10:41:53 PM     all     14.29      0.00     69.17      8.02      0.00      0.75      0.25      0.00      0.00      7.52
10:41:54 PM     all      6.03      0.00     89.45      2.01      0.00      0.75      0.00      0.00      0.00      1.76
10:41:55 PM     all     16.79      0.00     64.20      9.14      0.00      0.74      0.25      0.00      0.00      8.89
10:41:56 PM     all     12.53      0.00     74.69      6.52      0.00      0.75      0.25      0.00      0.00      5.26
10:41:57 PM     all      7.56      0.00     87.41      2.27      0.00      0.76      0.00      0.00      0.00      2.02
10:41:58 PM     all      8.23      0.00     86.28      2.24      0.00      0.75      0.25      0.00      0.00      2.24
10:41:59 PM     all      5.20      0.00     88.61      3.71      0.00      0.74      0.00      0.00      0.00      1.73
10:42:00 PM     all     11.94      0.00     65.17     12.19      0.00      1.00      0.25      0.00      0.00      9.45
10:42:01 PM     all      7.50      0.00     77.50      7.25      0.00      1.25      0.50      0.00      0.00      6.00
10:42:02 PM     all     18.45      0.00     57.11     11.97      0.00      0.75      0.25      0.00      0.00     11.47
10:42:03 PM     all      7.52      0.00     86.97      2.26      0.00      0.75      0.25      0.00      0.00      2.26
10:42:04 PM     all      5.46      0.00     89.08      2.23      0.00      0.74      0.00      0.00      0.00      2.48
10:42:05 PM     all      6.50      0.00     88.50      2.25      0.00      0.75      0.00      0.00      0.00      2.00
10:42:06 PM     all     10.97      0.00     70.82     11.47      0.00      0.75      0.25      0.00      0.00      5.74
10:42:07 PM     all     19.25      0.00     58.25     13.00      0.00      0.75      0.25      0.00      0.00      8.50
10:42:08 PM     all     11.47      0.00     76.81      5.24      0.00      1.00      0.25      0.00      0.00      5.24
10:42:09 PM     all     16.62      0.00     73.55      4.53      0.00      0.76      0.00      0.00      0.00      4.53
10:42:10 PM     all      6.80      0.00     88.16      2.27      0.00      0.50      0.25      0.00      0.00      2.02
10:42:11 PM     all      4.52      0.00     89.45      2.76      0.00      1.01      0.00      0.00      0.00      2.26
10:42:12 PM     all     15.63      0.00     77.67      3.47      0.00      0.74      0.25      0.00      0.00      2.23
10:42:13 PM     all     16.00      0.00     63.50     10.00      0.00      0.75      0.00      0.00      0.00      9.75
10:42:14 PM     all      7.71      0.00     81.84      4.98      0.00      0.75      0.25      0.00      0.00      4.48
10:42:15 PM     all     14.75      0.00     67.50      9.75      0.00      0.75      0.25      0.00      0.00      7.00
10:42:16 PM     all      7.25      0.00     87.00      2.50      0.00      0.75      0.00      0.00      0.00      2.50
10:42:17 PM     all      8.75      0.00     85.25      2.50      0.00      1.00      0.25      0.00      0.00      2.25
10:42:18 PM     all      4.77      0.00     90.45      1.76      0.00      0.50      0.00      0.00      0.00      2.51
10:42:19 PM     all      7.27      0.00     80.95      6.27      0.00      1.00      0.25      0.00      0.00      4.26
10:42:20 PM     all     13.25      0.00     72.25      7.25      0.00      0.75      0.00      0.00      0.00      6.50
10:42:21 PM     all     16.58      0.00     64.36     10.15      0.00      0.74      0.25      0.00      0.00      7.92
10:42:22 PM     all      5.81      0.00     89.39      2.02      0.00      0.76      0.25      0.00      0.00      1.77
10:42:23 PM     all      5.00      0.00     88.75      2.50      0.00      0.75      0.00      0.00      0.00      3.00
10:42:24 PM     all      6.72      0.00     87.81      2.24      0.00      0.75      0.25      0.00      0.00      2.24
10:42:25 PM     all      6.06      0.00     88.89      2.27      0.00      0.76      0.00      0.00      0.00      2.02
10:42:26 PM     all     14.54      0.00     60.40     14.79      0.00      0.75      0.25      0.00      0.00      9.27
10:42:27 PM     all     11.75      0.00     74.75      7.25      0.00      1.00      0.00      0.00      0.00      5.25
10:42:28 PM     all      6.02      0.00     86.22      3.01      0.00      0.50      0.25      0.00      0.00      4.01
10:42:29 PM     all      8.96      0.00     81.09      6.22      0.00      1.00      0.25      0.00      0.00      2.49
10:42:30 PM     all      5.01      0.00     90.73      1.75      0.00      0.75      0.00      0.00      0.00      1.75
10:42:31 PM     all      6.50      0.00     87.25      2.75      0.00      0.75      0.25      0.00      0.00      2.50
10:42:32 PM     all     11.06      0.00     71.61     10.80      0.00      0.75      0.00      0.00      0.00      5.78
10:42:33 PM     all     11.31      0.00     76.38      5.03      0.00      0.75      0.25      0.00      0.00      6.28
10:42:34 PM     all      8.82      0.00     75.06      6.80      0.00      1.26      0.50      0.00      0.00      7.56
10:42:35 PM     all      6.55      0.00     86.65      3.78      0.00      0.76      0.25      0.00      0.00      2.02
10:42:36 PM     all      4.28      0.00     90.93      2.02      0.00      0.76      0.00      0.00      0.00      2.02
10:42:37 PM     all      4.74      0.00     89.03      2.24      0.00      0.75      0.25      0.00      0.00      2.99
10:42:38 PM     all      8.04      0.00     86.43      3.02      0.00      0.75      0.00      0.00      0.00      1.76
10:42:39 PM     all     21.16      0.00     44.33     16.37      0.00      0.76      0.25      0.00      0.00     17.13
10:42:40 PM     all     21.70      0.00     63.84      7.48      0.00      0.75      0.25      0.00      0.00      5.99
10:42:41 PM     all      5.49      0.00     91.27      0.75      0.00      1.00      0.00      0.00      0.00      1.50
10:42:42 PM     all      6.55      0.00     91.44      0.76      0.00      0.50      0.00      0.00      0.00      0.76
10:42:43 PM     all      3.23      0.00     93.03      1.24      0.00      1.00      0.25      0.00      0.00      1.24
10:42:44 PM     all      3.27      0.00     93.97      1.01      0.00      0.50      0.00      0.00      0.00      1.26
10:42:45 PM     all     12.78      0.00     59.40     17.29      0.00      1.00      0.25      0.00      0.00      9.27
10:42:46 PM     all     20.90      0.00     69.65      4.98      0.00      0.75      0.25      0.00      0.00      3.48
10:42:47 PM     all     12.16      0.00     79.65      4.47      0.00      0.74      0.00      0.00      0.00      2.98
10:42:48 PM     all      4.50      0.00     92.25      1.00      0.00      0.75      0.00      0.00      0.00      1.50
10:42:49 PM     all      5.25      0.00     91.50      1.25      0.00      0.75      0.25      0.00      0.00      1.00
10:42:50 PM     all      4.99      0.00     90.52      1.50      0.00      0.75      0.00      0.00      0.00      2.24
10:42:51 PM     all     17.09      0.00     66.58      7.54      0.00      0.75      0.25      0.00      0.00      7.79
10:42:52 PM     all     18.45      0.00     63.84      8.98      0.00      0.75      0.25      0.00      0.00      7.73
10:42:53 PM     all      5.97      0.00     91.04      1.00      0.00      1.00      0.00      0.00      0.00      1.00
10:42:54 PM     all      5.51      0.00     90.73      1.50      0.00      0.50      0.00      0.00      0.00      1.75
10:42:55 PM     all      5.00      0.00     90.25      1.25      0.00      1.00      0.25      0.00      0.00      2.25
10:42:56 PM     all      5.00      0.00     91.75      1.50      0.00      0.50      0.00      0.00      0.00      1.25
10:42:57 PM     all     12.31      0.00     64.82     11.56      0.00      1.01      0.25      0.00      0.00     10.05
10:42:58 PM     all     15.15      0.00     70.20      6.82      0.00      0.51      0.25      0.00      0.00      7.07
10:42:59 PM     all     10.17      0.00     78.41      4.96      0.00      0.99      0.00      0.00      0.00      5.46
10:43:00 PM     all      3.51      0.00     92.98      1.50      0.00      0.75      0.00      0.00      0.00      1.25
10:43:01 PM     all      3.52      0.00     92.96      1.26      0.00      0.75      0.25      0.00      0.00      1.26
10:43:02 PM     all      3.76      0.00     91.98      1.75      0.00      0.75      0.00      0.00      0.00      1.75
10:43:03 PM     all     12.72      0.00     69.08      8.73      0.00      0.75      0.25      0.00      0.00      8.48
10:43:04 PM     all     16.04      0.00     70.43      8.02      0.00      0.75      0.00      0.00      0.00      4.76
10:43:05 PM     all     24.12      0.00     62.06      7.04      0.00      0.75      0.25      0.00      0.00      5.78
10:43:06 PM     all      4.24      0.00     93.02      1.25      0.00      0.75      0.00      0.00      0.00      0.75
10:43:07 PM     all      5.51      0.00     90.23      1.00      0.00      0.75      0.25      0.00      0.00      2.26
10:43:08 PM     all      3.71      0.00     92.82      1.49      0.00      0.74      0.00      0.00      0.00      1.24
10:43:09 PM     all      3.75      0.00     93.00      0.50      0.00      0.75      0.00      0.00      0.00      2.00
10:43:10 PM     all     14.25      0.00     63.75     13.00      0.00      1.25      0.75      0.00      0.00      7.00
10:43:11 PM     all      6.48      0.00     80.80      5.99      0.00      0.75      0.00      0.00      0.00      5.99
10:43:12 PM     all     14.11      0.00     71.54      8.31      0.00      0.76      0.00      0.00      0.00      5.29
10:43:13 PM     all      4.98      0.00     92.04      1.00      0.00      0.75      0.25      0.00      0.00      1.00
10:43:14 PM     all      3.24      0.00     93.27      1.50      0.00      0.75      0.00      0.00      0.00      1.25
10:43:15 PM     all      5.00      0.00     90.00      1.50      0.00      0.75      0.25      0.00      0.00      2.50
10:43:16 PM     all     16.54      0.00     63.66      9.77      0.00      0.75      0.00      0.00      0.00      9.27
10:43:17 PM     all     16.96      0.00     68.35      8.10      0.00      0.76      0.25      0.00      0.00      5.57
10:43:18 PM     all     11.56      0.00     80.15      3.27      0.00      1.01      0.00      0.00      0.00      4.02
10:43:19 PM     all      5.22      0.00     89.05      1.49      0.00      0.75      0.25      0.00      0.00      3.23
10:43:20 PM     all      3.27      0.00     92.96      1.51      0.00      0.50      0.00      0.00      0.00      1.76
10:43:21 PM     all      5.22      0.00     91.29      1.00      0.00      1.00      0.25      0.00      0.00      1.24
10:43:22 PM     all      6.73      0.00     82.04      5.74      0.00      0.50      0.00      0.00      0.00      4.99
10:43:23 PM     all     15.92      0.00     59.45     11.69      0.00      1.00      0.25      0.00      0.00     11.69
10:43:24 PM     all      9.50      0.00     79.50      4.50      0.00      0.75      0.00      0.00      0.00      5.75
10:43:25 PM     all      6.03      0.00     89.95      1.51      0.00      0.75      0.25      0.00      0.00      1.51
10:43:26 PM     all      3.51      0.00     93.23      1.00      0.00      0.75      0.00      0.00      0.00      1.50
10:43:27 PM     all      4.75      0.00     91.00      1.50      0.00      0.75      0.25      0.00      0.00      1.75
10:43:28 PM     all      5.99      0.00     90.77      1.25      0.00      0.75      0.00      0.00      0.00      1.25
10:43:29 PM     all     20.85      0.00     51.01     16.33      0.00      0.75      0.25      0.00      0.00     10.80
10:43:30 PM     all     13.47      0.00     74.31      7.48      0.00      0.75      0.00      0.00      0.00      3.99
10:43:31 PM     all     10.47      0.00     85.54      1.50      0.00      0.75      0.25      0.00      0.00      1.50
10:43:32 PM     all      4.50      0.00     92.25      1.25      0.00      0.75      0.00      0.00      0.00      1.25
10:43:33 PM     all      4.50      0.00     92.50      0.75      0.00      0.75      0.25      0.00      0.00      1.25
10:43:34 PM     all      4.27      0.00     92.21      1.26      0.00      0.75      0.00      0.00      0.00      1.51
10:43:35 PM     all     15.46      0.00     58.35     13.97      0.00      0.75      0.25      0.00      0.00     11.22
10:43:36 PM     all     15.91      0.00     64.14     10.10      0.00      0.76      0.00      0.00      0.00      9.09
10:43:37 PM     all      6.68      0.00     89.85      1.24      0.00      0.99      0.25      0.00      0.00      0.99
10:43:38 PM     all      3.02      0.00     94.47      1.01      0.00      0.75      0.00      0.00      0.00      0.75
10:43:39 PM     all      7.27      0.00     89.22      1.25      0.00      0.75      0.25      0.00      0.00      1.25
10:43:40 PM     all      4.02      0.00     92.46      2.01      0.00      0.75      0.00      0.00      0.00      0.75
10:43:41 PM     all     10.86      0.00     65.15     14.90      0.00      0.76      0.25      0.00      0.00      8.08
10:43:42 PM     all     17.68      0.00     68.69      6.82      0.00      0.76      0.00      0.00      0.00      6.06
10:43:43 PM     all     17.71      0.00     71.07      5.99      0.00      0.75      0.25      0.00      0.00      4.24
10:43:44 PM     all      4.02      0.00     92.96      1.26      0.00      0.75      0.00      0.00      0.00      1.01
10:43:45 PM     all      3.75      0.00     93.00      1.25      0.00      0.75      0.25      0.00      0.00      1.00
10:43:46 PM     all      3.25      0.00     94.00      1.25      0.00      0.75      0.00      0.00      0.00      0.75
10:43:47 PM     all      5.01      0.00     92.23      0.50      0.00      0.75      0.00      0.00      0.00      1.50
10:43:48 PM     all     19.25      0.00     43.50     21.25      0.00      1.25      0.75      0.00      0.00     14.00
10:43:49 PM     all      9.77      0.00     75.94      5.76      0.00      1.00      0.00      0.00      0.00      7.52
10:43:50 PM     all      2.99      0.00     93.77      1.25      0.00      0.50      0.25      0.00      0.00      1.25
10:43:51 PM     all      5.49      0.00     91.52      0.75      0.00      1.00      0.00      0.00      0.00      1.25
10:43:52 PM     all      5.96      0.00     90.82      1.24      0.00      0.50      0.00      0.00      0.00      1.49
10:43:53 PM     all      5.22      0.00     91.54      1.00      0.00      0.75      0.25      0.00      0.00      1.24
10:43:54 PM     all     20.35      0.00     28.39     30.90      0.00      0.50      0.00      0.00      0.00     19.85
10:43:55 PM     all     24.81      0.00      3.76     55.89      0.00      0.50      0.25      0.00      0.00     14.79
10:43:56 PM     all     16.75      0.00     63.25     11.00      0.00      0.75      0.25      0.00      0.00      8.00
10:43:57 PM     all      5.79      0.00     89.42      1.26      0.00      0.76      0.00      0.00      0.00      2.77
10:43:58 PM     all     14.32      0.00     78.39      2.51      0.00      0.75      0.25      0.00      0.00      3.77
10:43:59 PM     all      6.23      0.00     89.78      1.50      0.00      0.75      0.00      0.00      0.00      1.75
10:44:00 PM     all      3.98      0.00     93.53      0.75      0.00      0.75      0.00      0.00      0.00      1.00
10:44:01 PM     all      7.98      0.00     85.29      3.49      0.00      1.00      0.25      0.00      0.00      2.00
10:44:02 PM     all     19.00      0.00     61.00     10.25      0.00      0.75      0.25      0.00      0.00      8.75
10:44:03 PM     all      8.25      0.00     87.50      1.50      0.00      0.75      0.00      0.00      0.00      2.00
10:44:04 PM     all      2.48      0.00     94.55      0.99      0.00      0.74      0.25      0.00      0.00      0.99
10:44:05 PM     all      5.01      0.00     91.98      0.75      0.00      0.75      0.00      0.00      0.00      1.50
10:44:06 PM     all      3.77      0.00     91.46      1.51      0.00      0.75      0.00      0.00      0.00      2.51
10:44:07 PM     all      9.32      0.00     74.81      8.56      0.00      0.76      0.25      0.00      0.00      6.30
10:44:08 PM     all     19.95      0.00     63.09      7.48      0.00      0.75      0.25      0.00      0.00      8.48
10:44:09 PM     all      4.50      0.00     92.25      0.75      0.00      0.75      0.00      0.00      0.00      1.75
10:44:10 PM     all      3.50      0.00     93.75      1.00      0.00      0.75      0.00      0.00      0.00      1.00
10:44:11 PM     all      7.98      0.00     87.78      1.25      0.00      0.75      0.25      0.00      0.00      2.00
10:44:12 PM     all      6.98      0.00     89.53      1.75      0.00      0.75      0.00      0.00      0.00      1.00
10:44:13 PM     all     12.59      0.00     65.49     13.60      0.00      0.76      0.25      0.00      0.00      7.30
10:44:14 PM     all     15.46      0.00     71.82      5.24      0.00      0.75      0.25      0.00      0.00      6.48
10:44:15 PM     all      7.98      0.00     87.53      1.25      0.00      0.75      0.00      0.00      0.00      2.49
10:44:16 PM     all      4.70      0.00     92.82      0.99      0.00      0.74      0.00      0.00      0.00      0.74
10:44:17 PM     all      3.97      0.00     93.05      0.99      0.00      0.99      0.25      0.00      0.00      0.74
10:44:18 PM     all      5.49      0.00     91.52      1.00      0.00      0.75      0.00      0.00      0.00      1.25
10:44:19 PM     all     12.28      0.00     65.41     12.78      0.00      0.75      0.25      0.00      0.00      8.52
10:44:20 PM     all     14.43      0.00     75.87      5.22      0.00      0.75      0.00      0.00      0.00      3.73
10:44:21 PM     all     10.89      0.00     79.49      4.81      0.00      0.76      0.25      0.00      0.00      3.80
10:44:22 PM     all      6.06      0.00     90.40      1.26      0.00      0.76      0.00      0.00      0.00      1.52
10:44:23 PM     all      8.48      0.00     88.28      1.25      0.00      1.00      0.25      0.00      0.00      0.75
10:44:24 PM     all      8.48      0.00     88.78      0.75      0.00      0.75      0.00      0.00      0.00      1.25
10:44:25 PM     all     10.50      0.00     82.50      3.00      0.00      1.00      0.25      0.00      0.00      2.75
10:44:26 PM     all     16.50      0.00     54.25     15.50      0.00      1.00      0.50      0.00      0.00     12.25
10:44:27 PM     all      5.68      0.00     78.77      6.91      0.00      0.99      0.25      0.00      0.00      7.41
10:44:28 PM     all      2.24      0.00     93.78      1.49      0.00      0.75      0.00      0.00      0.00      1.74
10:44:29 PM     all      2.76      0.00     93.22      1.01      0.00      0.75      0.25      0.00      0.00      2.01
10:44:30 PM     all      2.51      0.00     93.72      1.26      0.00      0.75      0.00      0.00      0.00      1.76
10:44:31 PM     all      1.00      0.00     95.75      1.25      0.00      0.75      0.00      0.00      0.00      1.25
10:44:32 PM     all      5.25      0.00     60.25     18.50      0.00      1.00      0.25      0.00      0.00     14.75
10:44:33 PM     all      3.77      0.00     78.89      9.05      0.00      0.75      0.25      0.00      0.00      7.29
10:44:34 PM     all      3.50      0.00     86.75      4.25      0.00      1.00      0.25      0.00      0.00      4.25
10:44:35 PM     all      1.51      0.00     93.72      2.26      0.00      0.75      0.00      0.00      0.00      1.76
