Linux 4.9.253-tegra (nano-desktop) 	10/16/2023 	_aarch64_	(4 CPU)

10:45:45 PM     CPU      %usr     %nice      %sys   %iowait    %steal      %irq     %soft    %guest    %gnice     %idle
10:45:46 PM     all     82.29      0.00     15.21      0.00      0.00      2.24      0.25      0.00      0.00      0.00
10:45:47 PM     all     91.98      0.00      6.52      0.00      0.00      1.50      0.00      0.00      0.00      0.00
10:45:48 PM     all     91.50      0.00      6.50      0.00      0.00      1.75      0.25      0.00      0.00      0.00
10:45:49 PM     all     91.25      0.00      7.00      0.00      0.00      1.50      0.25      0.00      0.00      0.00
10:45:50 PM     all     94.00      0.00      4.25      0.00      0.00      1.75      0.00      0.00      0.00      0.00
10:45:51 PM     all     92.75      0.00      5.25      0.00      0.00      1.75      0.25      0.00      0.00      0.00
10:45:52 PM     all     94.76      0.00      2.99      0.00      0.00      2.00      0.25      0.00      0.00      0.00
10:45:53 PM     all     94.99      0.00      3.01      0.00      0.00      2.01      0.00      0.00      0.00      0.00
10:45:54 PM     all     95.50      0.00      2.50      0.00      0.00      1.75      0.25      0.00      0.00      0.00
10:45:55 PM     all     95.24      0.00      2.76      0.00      0.00      2.01      0.00      0.00      0.00      0.00
10:45:56 PM     all     92.77      0.00      4.99      0.00      0.00      2.00      0.25      0.00      0.00      0.00
10:45:57 PM     all     94.75      0.00      3.00      0.00      0.00      2.00      0.25      0.00      0.00      0.00
10:45:58 PM     all     95.50      0.00      2.50      0.00      0.00      2.00      0.00      0.00      0.00      0.00
10:45:59 PM     all     95.25      0.00      2.75      0.00      0.00      1.75      0.25      0.00      0.00      0.00
10:46:00 PM     all     94.75      0.00      3.00      0.00      0.00      2.00      0.25      0.00      0.00      0.00
10:46:01 PM     all     94.99      0.00      3.01      0.00      0.00      2.01      0.00      0.00      0.00      0.00
10:46:02 PM     all     92.02      0.00      5.74      0.00      0.00      2.00      0.25      0.00      0.00      0.00
10:46:03 PM     all     94.78      0.00      2.99      0.00      0.00      1.99      0.25      0.00      0.00      0.00
10:46:04 PM     all     95.00      0.00      3.00      0.00      0.00      2.00      0.00      0.00      0.00      0.00
10:46:05 PM     all     95.24      0.00      2.51      0.00      0.00      2.01      0.25      0.00      0.00      0.00
10:46:06 PM     all     94.75      0.00      3.00      0.00      0.00      2.25      0.00      0.00      0.00      0.00
10:46:07 PM     all     91.75      0.00      4.25      0.00      0.00      2.75      1.25      0.00      0.00      0.00
10:46:08 PM     all     94.03      0.00      3.48      0.00      0.00      2.24      0.25      0.00      0.00      0.00
10:46:09 PM     all     95.48      0.00      2.51      0.00      0.00      2.01      0.00      0.00      0.00      0.00
10:46:10 PM     all     95.51      0.00      2.00      0.00      0.00      2.24      0.25      0.00      0.00      0.00
10:46:11 PM     all     95.75      0.00      2.25      0.00      0.00      1.75      0.25      0.00      0.00      0.00
10:46:12 PM     all     96.00      0.00      2.00      0.00      0.00      2.00      0.00      0.00      0.00      0.00
10:46:13 PM     all     93.75      0.00      4.00      0.00      0.00      2.00      0.25      0.00      0.00      0.00
10:46:14 PM     all     95.74      0.00      2.51      0.00      0.00      1.75      0.00      0.00      0.00      0.00
10:46:15 PM     all     96.01      0.00      1.75      0.00      0.00      2.00      0.25      0.00      0.00      0.00
10:46:16 PM     all     97.00      0.00      1.25      0.00      0.00      1.50      0.25      0.00      0.00      0.00
10:46:17 PM     all     94.50      0.00      3.00      0.00      0.00      2.25      0.25      0.00      0.00      0.00
10:46:18 PM     all     94.50      0.00      3.75      0.00      0.00      1.50      0.25      0.00      0.00      0.00
10:46:19 PM     all     88.97      0.00      9.52      0.00      0.00      1.50      0.00      0.00      0.00      0.00
10:46:20 PM     all     94.76      0.00      3.49      0.00      0.00      1.50      0.25      0.00      0.00      0.00
10:46:21 PM     all     96.75      0.00      1.50      0.00      0.00      1.50      0.25      0.00      0.00      0.00
10:46:22 PM     all     94.75      0.00      3.00      0.00      0.00      2.00      0.25      0.00      0.00      0.00
10:46:23 PM     all     96.00      0.00      2.00      0.00      0.00      2.00      0.00      0.00      0.00      0.00
10:46:24 PM     all     94.24      0.00      3.76      0.00      0.00      1.75      0.25      0.00      0.00      0.00
10:46:25 PM     all     96.00      0.00      1.75      0.00      0.00      2.25      0.00      0.00      0.00      0.00
10:46:26 PM     all     96.00      0.00      1.75      0.00      0.00      2.00      0.25      0.00      0.00      0.00
10:46:27 PM     all     95.51      0.00      2.24      0.00      0.00      2.00      0.25      0.00      0.00      0.00
10:46:28 PM     all     93.23      0.00      2.51      0.00      0.00      3.26      1.00      0.00      0.00      0.00
10:46:29 PM     all     95.99      0.00      2.01      0.00      0.00      2.01      0.00      0.00      0.00      0.00
10:46:30 PM     all     93.78      0.00      3.73      0.00      0.00      2.24      0.25      0.00      0.00      0.00
10:46:31 PM     all     96.25      0.00      1.50      0.00      0.00      2.00      0.25      0.00      0.00      0.00
10:46:32 PM     all     95.74      0.00      2.26      0.00      0.00      2.01      0.00      0.00      0.00      0.00
10:46:33 PM     all     97.00      0.00      0.75      0.00      0.00      2.00      0.25      0.00      0.00      0.00
10:46:34 PM     all     96.76      0.00      1.00      0.00      0.00      2.00      0.25      0.00      0.00      0.00
10:46:35 PM     all     94.99      0.00      3.01      0.00      0.00      2.01      0.00      0.00      0.00      0.00
10:46:36 PM     all     97.01      0.00      0.75      0.00      0.00      2.00      0.25      0.00      0.00      0.00
10:46:37 PM     all     96.25      0.00      1.75      0.00      0.00      2.00      0.00      0.00      0.00      0.00
10:46:38 PM     all     96.75      0.00      1.00      0.00      0.00      2.00      0.25      0.00      0.00      0.00
10:46:39 PM     all     96.27      0.00      1.49      0.00      0.00      1.99      0.25      0.00      0.00      0.00
10:46:40 PM     all     97.49      0.00      0.75      0.00      0.00      1.75      0.00      0.00      0.00      0.00
10:46:41 PM     all     94.75      0.00      3.00      0.00      0.00      2.00      0.25      0.00      0.00      0.00
10:46:42 PM     all     97.00      0.00      1.25      0.00      0.00      1.75      0.00      0.00      0.00      0.00
10:46:43 PM     all     96.76      0.00      1.00      0.00      0.00      2.00      0.25      0.00      0.00      0.00
10:46:44 PM     all     97.24      0.00      1.01      0.00      0.00      1.76      0.00      0.00      0.00      0.00
10:46:45 PM     all     96.51      0.00      1.25      0.00      0.00      2.00      0.25      0.00      0.00      0.00
10:46:46 PM     all     95.26      0.00      2.49      0.00      0.00      2.00      0.25      0.00      0.00      0.00
10:46:47 PM     all     95.51      0.00      1.75      0.00      0.00      2.24      0.50      0.00      0.00      0.00
10:46:48 PM     all     94.49      0.00      2.26      0.00      0.00      2.51      0.75      0.00      0.00      0.00
10:46:49 PM     all     94.74      0.00      3.76      0.00      0.00      1.50      0.00      0.00      0.00      0.00
10:46:50 PM     all     92.98      0.00      5.26      0.00      0.00      1.50      0.25      0.00      0.00      0.00
10:46:51 PM     all     93.78      0.00      4.23      0.00      0.00      1.74      0.25      0.00      0.00      0.00
10:46:52 PM     all     93.27      0.00      4.74      0.00      0.00      1.75      0.25      0.00      0.00      0.00
10:46:53 PM     all     97.24      0.00      1.01      0.00      0.00      1.76      0.00      0.00      0.00      0.00
10:46:54 PM     all     96.25      0.00      1.50      0.00      0.00      2.00      0.25      0.00      0.00      0.00
10:46:55 PM     all     97.00      0.00      1.00      0.00      0.00      2.00      0.00      0.00      0.00      0.00
10:46:56 PM     all     97.00      0.00      1.00      0.00      0.00      1.75      0.25      0.00      0.00      0.00
10:46:57 PM     all     95.26      0.00      2.49      0.00      0.00      2.00      0.25      0.00      0.00      0.00
10:46:58 PM     all     96.00      0.00      2.00      0.00      0.00      2.00      0.00      0.00      0.00      0.00
10:46:59 PM     all     97.24      0.00      0.50      0.00      0.00      2.01      0.25      0.00      0.00      0.00
10:47:00 PM     all     96.75      0.00      1.25      0.00      0.00      2.00      0.00      0.00      0.00      0.00
10:47:01 PM     all     96.51      0.00      1.25      0.00      0.00      2.00      0.25      0.00      0.00      0.00
10:47:02 PM     all     97.25      0.00      0.50      0.00      0.00      2.00      0.25      0.00      0.00      0.00
10:47:03 PM     all     95.75      0.00      2.25      0.00      0.00      2.00      0.00      0.00      0.00      0.00
10:47:04 PM     all     97.24      0.00      0.75      0.00      0.00      1.75      0.25      0.00      0.00      0.00
10:47:05 PM     all     97.24      0.00      0.75      0.00      0.00      2.01      0.00      0.00      0.00      0.00
10:47:06 PM     all     96.26      0.00      1.25      0.00      0.00      2.24      0.25      0.00      0.00      0.00
10:47:07 PM     all     96.24      0.00      1.50      0.00      0.00      2.01      0.25      0.00      0.00      0.00
10:47:08 PM     all     92.77      0.00      3.24      0.00      0.00      2.99      1.00      0.00      0.00      0.00
10:47:09 PM     all     96.49      0.00      1.25      0.00      0.00      2.26      0.00      0.00      0.00      0.00
10:47:10 PM     all     96.77      0.00      1.00      0.00      0.00      1.99      0.25      0.00      0.00      0.00
10:47:11 PM     all     97.24      0.00      0.50      0.00      0.00      2.01      0.25      0.00      0.00      0.00
10:47:12 PM     all     97.00      0.00      1.00      0.00      0.00      2.00      0.00      0.00      0.00      0.00
10:47:13 PM     all     97.25      0.00      0.50      0.00      0.00      2.00      0.25      0.00      0.00      0.00
10:47:14 PM     all     95.00      0.00      3.25      0.00      0.00      1.75      0.00      0.00      0.00      0.00
10:47:15 PM     all     96.52      0.00      1.24      0.00      0.00      1.99      0.25      0.00      0.00      0.00
10:47:16 PM     all     96.99      0.00      1.00      0.00      0.00      1.75      0.25      0.00      0.00      0.00
10:47:17 PM     all     95.25      0.00      3.00      0.00      0.00      1.75      0.00      0.00      0.00      0.00
10:47:18 PM     all     96.01      0.00      1.75      0.00      0.00      2.00      0.25      0.00      0.00      0.00
10:47:19 PM     all     95.99      0.00      2.26      0.00      0.00      1.50      0.25      0.00      0.00      0.00
10:47:20 PM     all     93.77      0.00      4.49      0.00      0.00      1.75      0.00      0.00      0.00      0.00
10:47:21 PM     all     94.50      0.00      3.50      0.00      0.00      1.75      0.25      0.00      0.00      0.00
10:47:22 PM     all     96.74      0.00      1.50      0.00      0.00      1.75      0.00      0.00      0.00      0.00
10:47:23 PM     all     96.25      0.00      1.75      0.00      0.00      1.75      0.25      0.00      0.00      0.00
10:47:24 PM     all     95.76      0.00      2.24      0.00      0.00      1.75      0.25      0.00      0.00      0.00
10:47:25 PM     all     94.49      0.00      3.76      0.00      0.00      1.75      0.00      0.00      0.00      0.00
10:47:26 PM     all     96.76      0.00      1.00      0.00      0.00      2.00      0.25      0.00      0.00      0.00
10:47:27 PM     all     95.75      0.00      2.00      0.00      0.00      2.00      0.25      0.00      0.00      0.00
10:47:28 PM     all     93.48      0.00      2.26      0.00      0.00      3.01      1.00      0.00      0.00      0.25
10:47:29 PM     all     96.51      0.00      1.00      0.00      0.00      2.24      0.25      0.00      0.00      0.00
10:47:30 PM     all     96.99      0.00      1.00      0.00      0.00      2.01      0.00      0.00      0.00      0.00
10:47:31 PM     all     95.01      0.00      2.49      0.00      0.00      2.24      0.25      0.00      0.00      0.00
10:47:32 PM     all     96.26      0.00      1.50      0.00      0.00      2.24      0.00      0.00      0.00      0.00
10:47:33 PM     all     96.74      0.00      1.25      0.00      0.00      1.75      0.25      0.00      0.00      0.00
10:47:34 PM     all     96.50      0.00      1.25      0.00      0.00      2.00      0.25      0.00      0.00      0.00
10:47:35 PM     all     96.75      0.00      1.25      0.00      0.00      2.00      0.00      0.00      0.00      0.00
10:47:36 PM     all     94.75      0.00      3.00      0.00      0.00      2.00      0.25      0.00      0.00      0.00
10:47:37 PM     all     97.24      0.00      1.00      0.00      0.00      1.75      0.00      0.00      0.00      0.00
10:47:38 PM     all     96.52      0.00      1.24      0.00      0.00      1.99      0.25      0.00      0.00      0.00
10:47:39 PM     all     97.25      0.00      0.75      0.00      0.00      1.75      0.25      0.00      0.00      0.00
10:47:40 PM     all     97.49      0.00      0.50      0.00      0.00      2.01      0.00      0.00      0.00      0.00
10:47:41 PM     all     97.25      0.00      0.75      0.00      0.00      1.75      0.25      0.00      0.00      0.00
10:47:42 PM     all     95.01      0.00      2.74      0.00      0.00      2.24      0.00      0.00      0.00      0.00
10:47:43 PM     all     96.99      0.00      1.00      0.00      0.00      1.75      0.25      0.00      0.00      0.00
10:47:44 PM     all     96.25      0.00      1.75      0.00      0.00      1.75      0.25      0.00      0.00      0.00
10:47:45 PM     all     96.24      0.00      2.01      0.00      0.00      1.75      0.00      0.00      0.00      0.00
10:47:46 PM     all     95.76      0.00      2.00      0.00      0.00      2.00      0.25      0.00      0.00      0.00
10:47:47 PM     all     95.00      0.00      3.00      0.00      0.00      1.75      0.25      0.00      0.00      0.00
10:47:48 PM     all     93.98      0.00      2.01      0.00      0.00      3.01      1.00      0.00      0.00      0.00
10:47:49 PM     all     96.52      0.00      1.00      0.00      0.00      2.24      0.25      0.00      0.00      0.00
10:47:50 PM     all     95.00      0.00      3.00      0.00      0.00      1.75      0.25      0.00      0.00      0.00
10:47:51 PM     all     96.24      0.00      1.75      0.00      0.00      2.01      0.00      0.00      0.00      0.00
10:47:52 PM     all     97.00      0.00      1.00      0.00      0.00      1.75      0.25      0.00      0.00      0.00
10:47:53 PM     all     94.99      0.00      3.26      0.00      0.00      1.75      0.00      0.00      0.00      0.00
10:47:54 PM     all     95.02      0.00      2.99      0.00      0.00      1.74      0.25      0.00      0.00      0.00
10:47:55 PM     all     95.01      0.00      2.99      0.00      0.00      1.75      0.25      0.00      0.00      0.00
10:47:56 PM     all     97.24      0.00      1.01      0.00      0.00      1.76      0.00      0.00      0.00      0.00
10:47:57 PM     all     96.76      0.00      1.00      0.00      0.00      2.00      0.25      0.00      0.00      0.00
10:47:58 PM     all     95.26      0.00      2.49      0.00      0.00      2.00      0.25      0.00      0.00      0.00
10:47:59 PM     all     97.00      0.00      1.00      0.00      0.00      2.00      0.00      0.00      0.00      0.00
10:48:00 PM     all     97.00      0.00      0.75      0.00      0.00      2.00      0.25      0.00      0.00      0.00
10:48:01 PM     all     97.24      0.00      0.75      0.00      0.00      2.01      0.00      0.00      0.00      0.00
10:48:02 PM     all     96.26      0.00      1.50      0.00      0.00      2.00      0.25      0.00      0.00      0.00
10:48:03 PM     all     97.00      0.00      0.75      0.00      0.00      2.00      0.25      0.00      0.00      0.00
10:48:04 PM     all     94.49      0.00      3.51      0.00      0.00      2.01      0.00      0.00      0.00      0.00
10:48:05 PM     all     96.75      0.00      1.00      0.00      0.00      2.00      0.25      0.00      0.00      0.00
10:48:06 PM     all     96.76      0.00      1.00      0.00      0.00      2.00      0.25      0.00      0.00      0.00
10:48:07 PM     all     96.24      0.00      1.75      0.00      0.00      2.01      0.00      0.00      0.00      0.00
10:48:08 PM     all     96.51      0.00      1.25      0.00      0.00      2.00      0.25      0.00      0.00      0.00
10:48:09 PM     all     92.75      0.00      3.25      0.00      0.00      3.00      1.00      0.00      0.00      0.00
10:48:10 PM     all     96.24      0.00      1.50      0.00      0.00      2.26      0.00      0.00      0.00      0.00
10:48:11 PM     all     96.76      0.00      1.00      0.00      0.00      2.00      0.25      0.00      0.00      0.00
10:48:12 PM     all     97.00      0.00      0.75      0.00      0.00      2.00      0.25      0.00      0.00      0.00
10:48:13 PM     all     97.00      0.00      1.00      0.00      0.00      2.00      0.00      0.00      0.00      0.00
10:48:14 PM     all     96.50      0.00      1.25      0.00      0.00      2.00      0.25      0.00      0.00      0.00
10:48:15 PM     all     94.24      0.00      4.01      0.00      0.00      1.75      0.00      0.00      0.00      0.00
10:48:16 PM     all     95.51      0.00      2.24      0.00      0.00      2.00      0.25      0.00      0.00      0.00
10:48:17 PM     all     96.75      0.00      1.25      0.00      0.00      1.75      0.25      0.00      0.00      0.00
10:48:18 PM     all     96.74      0.00      1.25      0.00      0.00      2.01      0.00      0.00      0.00      0.00
10:48:19 PM     all     97.25      0.00      0.75      0.00      0.00      1.75      0.25      0.00      0.00      0.00
10:48:20 PM     all     94.26      0.00      3.49      0.00      0.00      2.00      0.25      0.00      0.00      0.00
10:48:21 PM     all     94.74      0.00      3.51      0.00      0.00      1.75      0.00      0.00      0.00      0.00
10:48:22 PM     all     96.76      0.00      1.00      0.00      0.00      2.00      0.25      0.00      0.00      0.00
10:48:23 PM     all     96.24      0.00      2.01      0.00      0.00      1.50      0.25      0.00      0.00      0.00
10:48:24 PM     all     95.50      0.00      2.50      0.00      0.00      2.00      0.00      0.00      0.00      0.00
10:48:25 PM     all     97.00      0.00      1.00      0.00      0.00      1.75      0.25      0.00      0.00      0.00
10:48:26 PM     all     95.00      0.00      3.00      0.00      0.00      2.00      0.00      0.00      0.00      0.00
10:48:27 PM     all     96.00      0.00      2.00      0.00      0.00      1.75      0.25      0.00      0.00      0.00
10:48:28 PM     all     95.75      0.00      2.00      0.00      0.00      2.00      0.25      0.00      0.00      0.00
10:48:29 PM     all     96.50      0.00      1.25      0.00      0.00      2.25      0.00      0.00      0.00      0.00
10:48:30 PM     all     94.75      0.00      2.00      0.00      0.00      2.50      0.75      0.00      0.00      0.00
10:48:31 PM     all     96.77      0.00      0.75      0.00      0.00      2.24      0.25      0.00      0.00      0.00
10:48:32 PM     all     94.75      0.00      3.00      0.00      0.00      2.25      0.00      0.00      0.00      0.00
10:48:33 PM     all     97.25      0.00      0.50      0.00      0.00      2.00      0.25      0.00      0.00      0.00
10:48:34 PM     all     96.51      0.00      1.00      0.00      0.00      2.24      0.25      0.00      0.00      0.00
10:48:35 PM     all     96.24      0.00      1.75      0.00      0.00      2.01      0.00      0.00      0.00      0.00
10:48:36 PM     all     96.51      0.00      1.25      0.00      0.00      2.00      0.25      0.00      0.00      0.00
10:48:37 PM     all     95.24      0.00      2.76      0.00      0.00      1.75      0.25      0.00      0.00      0.00
10:48:38 PM     all     97.00      0.00      0.75      0.00      0.00      2.25      0.00      0.00      0.00      0.00
10:48:39 PM     all     96.49      0.00      1.50      0.00      0.00      1.75      0.25      0.00      0.00      0.00
10:48:40 PM     all     96.01      0.00      1.75      0.00      0.00      2.00      0.25      0.00      0.00      0.00
10:48:41 PM     all     96.99      0.00      1.25      0.00      0.00      1.75      0.00      0.00      0.00      0.00
10:48:42 PM     all     96.01      0.00      1.50      0.00      0.00      2.24      0.25      0.00      0.00      0.00
10:48:43 PM     all     93.77      0.00      4.24      0.00      0.00      1.75      0.25      0.00      0.00      0.00
10:48:44 PM     all     95.74      0.00      2.51      0.00      0.00      1.75      0.00      0.00      0.00      0.00
10:48:45 PM     all     96.00      0.00      2.00      0.00      0.00      1.75      0.25      0.00      0.00      0.00
10:48:46 PM     all     96.75      0.00      1.00      0.00      0.00      2.00      0.25      0.00      0.00      0.00
10:48:47 PM     all     96.75      0.00      1.50      0.00      0.00      1.75      0.00      0.00      0.00      0.00
10:48:48 PM     all     95.50      0.00      2.25      0.00      0.00      2.00      0.25      0.00      0.00      0.00
10:48:49 PM     all     96.49      0.00      1.50      0.00      0.00      2.01      0.00      0.00      0.00      0.00
10:48:50 PM     all     93.77      0.00      2.24      0.00      0.00      2.99      1.00      0.00      0.00      0.00
10:48:51 PM     all     96.75      0.00      1.00      0.00      0.00      2.00      0.25      0.00      0.00      0.00
10:48:52 PM     all     95.50      0.00      2.75      0.00      0.00      1.75      0.00      0.00      0.00      0.00
10:48:53 PM     all     95.00      0.00      3.00      0.00      0.00      1.75      0.25      0.00      0.00      0.00
10:48:54 PM     all     93.73      0.00      4.26      0.00      0.00      2.01      0.00      0.00      0.00      0.00
10:48:55 PM     all     96.27      0.00      1.74      0.00      0.00      1.74      0.25      0.00      0.00      0.00
10:48:56 PM     all     97.24      0.00      0.75      0.00      0.00      1.75      0.25      0.00      0.00      0.00
10:48:57 PM     all     96.75      0.00      1.25      0.00      0.00      2.00      0.00      0.00      0.00      0.00
10:48:58 PM     all     94.50      0.00      3.25      0.00      0.00      2.00      0.25      0.00      0.00      0.00
10:48:59 PM     all     93.77      0.00      4.24      0.00      0.00      1.75      0.25      0.00      0.00      0.00
10:49:00 PM     all     96.98      0.00      1.01      0.00      0.00      2.01      0.00      0.00      0.00      0.00
10:49:01 PM     all     96.76      0.00      1.00      0.00      0.00      2.00      0.25      0.00      0.00      0.00
10:49:02 PM     all     96.99      0.00      1.00      0.00      0.00      2.01      0.00      0.00      0.00      0.00
10:49:03 PM     all     97.25      0.00      0.50      0.00      0.00      2.00      0.25      0.00      0.00      0.00
10:49:04 PM     all     96.76      0.00      1.00      0.00      0.00      2.00      0.25      0.00      0.00      0.00
10:49:05 PM     all     94.50      0.00      3.50      0.00      0.00      2.00      0.00      0.00      0.00      0.00
10:49:06 PM     all     96.75      0.00      1.00      0.00      0.00      2.00      0.25      0.00      0.00      0.00
10:49:07 PM     all     97.25      0.00      0.75      0.00      0.00      2.00      0.00      0.00      0.00      0.00
10:49:08 PM     all     96.77      0.00      1.00      0.00      0.00      1.99      0.25      0.00      0.00      0.00
10:49:09 PM     all     96.51      0.00      1.25      0.00      0.00      2.00      0.25      0.00      0.00      0.00
10:49:10 PM     all     94.72      0.00      3.27      0.00      0.00      2.01      0.00      0.00      0.00      0.00
10:49:11 PM     all     92.27      0.00      3.74      0.00      0.00      2.99      1.00      0.00      0.00      0.00
10:49:12 PM     all     96.99      0.00      1.00      0.00      0.00      2.01      0.00      0.00      0.00      0.00
10:49:13 PM     all     95.26      0.00      2.24      0.00      0.00      2.24      0.25      0.00      0.00      0.00
10:49:14 PM     all     95.75      0.00      1.75      0.00      0.00      2.25      0.25      0.00      0.00      0.00
10:49:15 PM     all     94.49      0.00      3.76      0.00      0.00      1.75      0.00      0.00      0.00      0.00
10:49:16 PM     all     91.00      0.00      6.50      0.00      0.00      2.25      0.25      0.00      0.00      0.00
10:49:17 PM     all     94.78      0.00      2.74      0.00      0.00      2.24      0.25      0.00      0.00      0.00
10:49:18 PM     all     96.23      0.00      1.76      0.00      0.00      2.01      0.00      0.00      0.00      0.00
10:49:19 PM     all     90.77      0.00      6.73      0.00      0.00      2.24      0.25      0.00      0.00      0.00
10:49:20 PM     all     97.00      0.00      1.00      0.00      0.00      2.00      0.00      0.00      0.00      0.00
10:49:21 PM     all     95.25      0.00      2.75      0.00      0.00      1.75      0.25      0.00      0.00      0.00
10:49:22 PM     all     93.75      0.00      4.25      0.00      0.00      1.75      0.25      0.00      0.00      0.00
10:49:23 PM     all     94.74      0.00      3.76      0.00      0.00      1.50      0.00      0.00      0.00      0.00
10:49:24 PM     all     95.75      0.00      2.00      0.00      0.00      2.00      0.25      0.00      0.00      0.00
10:49:25 PM     all     96.75      0.00      1.25      0.00      0.00      1.75      0.25      0.00      0.00      0.00
10:49:26 PM     all     96.26      0.00      1.50      0.00      0.00      2.00      0.00      0.00      0.00      0.25
10:49:27 PM     all     94.75      0.00      3.00      0.00      0.00      2.00      0.25      0.00      0.00      0.00
10:49:28 PM     all     94.76      0.00      3.24      0.00      0.00      1.75      0.25      0.00      0.00      0.00
10:49:29 PM     all     94.74      0.00      3.51      0.00      0.00      1.75      0.00      0.00      0.00      0.00
10:49:30 PM     all     96.25      0.00      1.50      0.00      0.00      2.00      0.25      0.00      0.00      0.00
10:49:31 PM     all     93.50      0.00      2.50      0.00      0.00      3.00      1.00      0.00      0.00      0.00
10:49:32 PM     all     96.00      0.00      1.75      0.00      0.00      2.00      0.25      0.00      0.00      0.00
10:49:33 PM     all     93.50      0.00      4.25      0.00      0.00      2.25      0.00      0.00      0.00      0.00
10:49:34 PM     all     96.00      0.00      1.75      0.00      0.00      2.00      0.25      0.00      0.00      0.00
10:49:35 PM     all     95.75      0.00      2.00      0.00      0.00      2.25      0.00      0.00      0.00      0.00
10:49:36 PM     all     94.76      0.00      2.49      0.00      0.00      2.24      0.50      0.00      0.00      0.00
10:49:37 PM     all     96.00      0.00      2.00      0.00      0.00      2.00      0.00      0.00      0.00      0.00
10:49:38 PM     all     93.50      0.00      4.50      0.00      0.00      1.75      0.25      0.00      0.00      0.00
10:49:39 PM     all     95.49      0.00      2.51      0.00      0.00      2.01      0.00      0.00      0.00      0.00
10:49:40 PM     all     95.50      0.00      2.50      0.00      0.00      1.75      0.25      0.00      0.00      0.00
10:49:41 PM     all     94.25      0.00      3.25      0.00      0.00      2.25      0.25      0.00      0.00      0.00
10:49:42 PM     all     94.53      0.00      3.23      0.00      0.00      1.99      0.25      0.00      0.00      0.00
10:49:43 PM     all     95.23      0.00      3.02      0.00      0.00      1.76      0.00      0.00      0.00      0.00
10:49:44 PM     all     92.29      0.00      5.47      0.00      0.00      1.99      0.25      0.00      0.00      0.00
10:49:45 PM     all     95.25      0.00      3.00      0.00      0.00      1.75      0.00      0.00      0.00      0.00
10:49:46 PM     all     92.25      0.00      5.25      0.00      0.00      2.00      0.50      0.00      0.00      0.00
10:49:47 PM     all     93.98      0.00      4.26      0.00      0.00      1.75      0.00      0.00      0.00      0.00
10:49:48 PM     all     94.50      0.00      3.50      0.00      0.00      1.75      0.25      0.00      0.00      0.00
10:49:49 PM     all     92.79      0.00      4.98      0.00      0.00      1.99      0.25      0.00      0.00      0.00
10:49:50 PM     all     94.99      0.00      3.01      0.00      0.00      2.01      0.00      0.00      0.00      0.00
10:49:51 PM     all     93.50      0.00      3.75      0.00      0.00      2.25      0.50      0.00      0.00      0.00
10:49:52 PM     all     93.00      0.00      4.00      0.00      0.00      2.50      0.50      0.00      0.00      0.00
10:49:53 PM     all     93.73      0.00      4.26      0.00      0.00      1.75      0.25      0.00      0.00      0.00
10:49:54 PM     all     93.02      0.00      4.74      0.00      0.00      2.00      0.25      0.00      0.00      0.00
10:49:55 PM     all     92.98      0.00      5.26      0.00      0.00      1.75      0.00      0.00      0.00      0.00
10:49:56 PM     all     93.77      0.00      3.74      0.00      0.00      2.00      0.50      0.00      0.00      0.00
10:49:57 PM     all     95.24      0.00      2.76      0.00      0.00      2.01      0.00      0.00      0.00      0.00
10:49:58 PM     all     93.52      0.00      4.49      0.00      0.00      1.75      0.25      0.00      0.00      0.00
10:49:59 PM     all     93.25      0.00      4.75      0.00      0.00      2.00      0.00      0.00      0.00      0.00
10:50:00 PM     all     92.75      0.00      5.25      0.00      0.00      1.75      0.25      0.00      0.00      0.00
10:50:01 PM     all     94.75      0.00      2.75      0.00      0.00      2.25      0.25      0.00      0.00      0.00
10:50:02 PM     all     94.50      0.00      3.25      0.00      0.00      2.00      0.25      0.00      0.00      0.00
10:50:03 PM     all     95.00      0.00      3.00      0.00      0.00      2.00      0.00      0.00      0.00      0.00
10:50:04 PM     all     95.50      0.00      2.50      0.00      0.00      1.75      0.25      0.00      0.00      0.00
10:50:05 PM     all     95.99      0.00      2.01      0.00      0.00      2.01      0.00      0.00      0.00      0.00
10:50:06 PM     all     94.01      0.00      3.74      0.00      0.00      2.00      0.25      0.00      0.00      0.00
10:50:07 PM     all     95.50      0.00      2.75      0.00      0.00      1.75      0.00      0.00      0.00      0.00
10:50:08 PM     all     95.50      0.00      2.25      0.00      0.00      2.00      0.25      0.00      0.00      0.00
10:50:09 PM     all     95.24      0.00      2.76      0.00      0.00      2.01      0.00      0.00      0.00      0.00
10:50:10 PM     all     94.01      0.00      2.74      0.00      0.00      2.49      0.75      0.00      0.00      0.00
10:50:11 PM     all     93.48      0.00      3.76      0.00      0.00      2.51      0.25      0.00      0.00      0.00
10:50:12 PM     all     94.76      0.00      2.99      0.00      0.00      2.00      0.25      0.00      0.00      0.00
10:50:13 PM     all     95.26      0.00      2.24      0.00      0.00      2.24      0.25      0.00      0.00      0.00
10:50:14 PM     all     94.22      0.00      4.02      0.00      0.00      1.76      0.00      0.00      0.00      0.00
10:50:15 PM     all     94.25      0.00      3.75      0.00      0.00      1.75      0.25      0.00      0.00      0.00
10:50:16 PM     all     95.75      0.00      2.50      0.00      0.00      1.75      0.00      0.00      0.00      0.00
10:50:17 PM     all     93.02      0.00      4.49      0.00      0.00      2.24      0.25      0.00      0.00      0.00
10:50:18 PM     all     96.00      0.00      2.00      0.00      0.00      1.75      0.25      0.00      0.00      0.00
10:50:19 PM     all     95.24      0.00      2.76      0.00      0.00      2.01      0.00      0.00      0.00      0.00
10:50:20 PM     all     95.51      0.00      2.49      0.00      0.00      1.75      0.25      0.00      0.00      0.00
10:50:21 PM     all     95.74      0.00      2.51      0.00      0.00      1.75      0.00      0.00      0.00      0.00
10:50:22 PM     all     95.29      0.00      2.48      0.00      0.00      1.99      0.25      0.00      0.00      0.00
10:50:23 PM     all     94.99      0.00      3.26      0.00      0.00      1.75      0.00      0.00      0.00      0.00
10:50:24 PM     all     94.26      0.00      3.74      0.00      0.00      1.75      0.25      0.00      0.00      0.00
10:50:25 PM     all     95.00      0.00      2.75      0.00      0.00      2.00      0.25      0.00      0.00      0.00
10:50:26 PM     all     97.00      0.00      1.25      0.00      0.00      1.75      0.00      0.00      0.00      0.00
10:50:27 PM     all     95.50      0.00      2.25      0.00      0.00      2.00      0.25      0.00      0.00      0.00
10:50:28 PM     all     93.73      0.00      4.51      0.00      0.00      1.75      0.00      0.00      0.00      0.00
10:50:29 PM     all     93.77      0.00      4.24      0.00      0.00      1.75      0.25      0.00      0.00      0.00
10:50:30 PM     all     94.75      0.00      3.25      0.00      0.00      1.75      0.25      0.00      0.00      0.00
10:50:31 PM     all     93.73      0.00      3.01      0.00      0.00      2.76      0.50      0.00      0.00      0.00
10:50:32 PM     all     95.76      0.00      1.75      0.00      0.00      2.24      0.25      0.00      0.00      0.00
10:50:33 PM     all     95.23      0.00      2.76      0.00      0.00      2.01      0.00      0.00      0.00      0.00
10:50:34 PM     all     93.77      0.00      3.74      0.00      0.00      2.24      0.25      0.00      0.00      0.00
10:50:35 PM     all     96.50      0.00      1.50      0.00      0.00      2.00      0.00      0.00      0.00      0.00
10:50:36 PM     all     96.76      0.00      1.25      0.00      0.00      1.75      0.25      0.00      0.00      0.00
10:50:37 PM     all     96.50      0.00      1.25      0.00      0.00      2.00      0.25      0.00      0.00      0.00
10:50:38 PM     all     97.00      0.00      1.00      0.00      0.00      2.00      0.00      0.00      0.00      0.00
10:50:39 PM     all     94.50      0.00      3.25      0.00      0.00      2.00      0.25      0.00      0.00      0.00
10:50:40 PM     all     96.74      0.00      1.50      0.00      0.00      1.75      0.00      0.00      0.00      0.00
10:50:41 PM     all     96.76      0.00      1.00      0.00      0.00      2.00      0.25      0.00      0.00      0.00
10:50:42 PM     all     96.73      0.00      1.51      0.00      0.00      1.76      0.00      0.00      0.00      0.00
10:50:43 PM     all     95.02      0.00      2.74      0.00      0.00      1.99      0.25      0.00      0.00      0.00
10:50:44 PM     all     96.74      0.00      1.25      0.00      0.00      1.75      0.25      0.00      0.00      0.00
10:50:45 PM     all     95.01      0.00      2.99      0.00      0.00      2.00      0.00      0.00      0.00      0.00
10:50:46 PM     all     96.74      0.00      1.25      0.00      0.00      1.75      0.25      0.00      0.00      0.00
10:50:47 PM     all     96.25      0.00      1.75      0.00      0.00      2.00      0.00      0.00      0.00      0.00
10:50:48 PM     all     97.25      0.00      0.50      0.00      0.00      2.00      0.25      0.00      0.00      0.00
10:50:49 PM     all     96.75      0.00      1.50      0.00      0.00      1.75      0.00      0.00      0.00      0.00
10:50:50 PM     all     95.75      0.00      2.00      0.00      0.00      2.00      0.25      0.00      0.00      0.00
10:50:51 PM     all     96.50      0.00      1.00      0.00      0.00      2.25      0.25      0.00      0.00      0.00
10:50:52 PM     all     96.00      0.00      1.50      0.00      0.00      2.00      0.50      0.00      0.00      0.00
10:50:53 PM     all     96.51      0.00      1.50      0.00      0.00      2.00      0.00      0.00      0.00      0.00
10:50:54 PM     all     94.99      0.00      3.01      0.00      0.00      1.75      0.25      0.00      0.00      0.00
10:50:55 PM     all     96.26      0.00      1.75      0.00      0.00      2.00      0.00      0.00      0.00      0.00
10:50:56 PM     all     95.00      0.00      3.00      0.00      0.00      1.75      0.25      0.00      0.00      0.00
10:50:57 PM     all     97.50      0.00      0.50      0.00      0.00      2.00      0.00      0.00      0.00      0.00
10:50:58 PM     all     96.50      0.00      1.50      0.00      0.00      1.75      0.25      0.00      0.00      0.00
10:50:59 PM     all     92.23      0.00      6.02      0.00      0.00      1.75      0.00      0.00      0.00      0.00
10:51:00 PM     all     95.52      0.00      2.24      0.00      0.00      1.99      0.25      0.00      0.00      0.00
10:51:01 PM     all     95.00      0.00      3.00      0.00      0.00      2.00      0.00      0.00      0.00      0.00
