Linux 4.9.253-tegra (nano-desktop) 	10/16/2023 	_aarch64_	(4 CPU)

10:45:45 PM kbmemfree   kbavail kbmemused  %memused kbbuffers  kbcached  kbcommit   %commit  kbactive   kbinact   kbdirty  kbanonpg    kbslab  kbkstack   kbpgtbl  kbvmused
10:45:46 PM    269616    514828   3789624     93.36    104604    269172   6948564    114.12   2102900    712188       768   2456200    127452      9280     19508         0
10:45:47 PM    266248    511532   3792992     93.44    104604    269188   6949964    114.14   2107076    712188       784   2460348    127376      9264     19520         0
10:45:48 PM    250796    496096   3808444     93.82    104604    269188   6954668    114.22   2120108    712196       784   2461792    127388      9264     19516         0
10:45:49 PM    244100    489400   3815140     93.99    104604    269188   6957148    114.26   2128612    712196      1300   2481920    127432      9264     19548         0
10:45:50 PM    240860    486160   3818380     94.07    104604    269188   6959372    114.30   2130984    712196      1300   2484288    127432      9264     19532         0
10:45:51 PM    240488    485860   3818752     94.08    104604    269276   6959372    114.30   2131404    712268      1396   2484704    127432      9264     19556         0
10:45:52 PM    240488    485864   3818752     94.08    104604    269280   6959372    114.30   2131516    712272      1400   2484848    127432      9264     19556         0
10:45:53 PM    240488    485864   3818752     94.08    104604    269280   6959372    114.30   2131516    712272      1400   2484848    127432      9264     19556         0
10:45:54 PM    240488    485864   3818752     94.08    104604    269280   6959372    114.30   2131516    712272      1520   2484848    127396      9264     19556         0
10:45:55 PM    240488    485864   3818752     94.08    104604    269280   6959372    114.30   2131516    712272       416   2484848    127396      9264     19556         0
10:45:56 PM    240364    485740   3818876     94.08    104604    269288   6959372    114.30   2131532    712272       500   2484848    127412      9264     19556         0
10:45:57 PM    240364    485768   3818876     94.08    104604    269308   6959372    114.30   2131576    712292       532   2484884    127412      9264     19556         0
10:45:58 PM    240364    485768   3818876     94.08    104604    269308   6959372    114.30   2131576    712292       532   2484884    127412      9264     19556         0
10:45:59 PM    240364    485768   3818876     94.08    104612    269304   6959372    114.30   2131576    712292       672   2484884    127412      9264     19556         0
10:46:00 PM    240844    486248   3818396     94.07    104612    269316   6959372    114.30   2131480    712292       684   2484812    127412      9264     19556         0
10:46:01 PM    241216    486636   3818024     94.06    104612    269324   6960156    114.31   2131500    712300       196   2484812    127432      9264     19556         0
10:46:02 PM    241216    486700   3818024     94.06    104612    269372   6960156    114.31   2131640    712364       500   2484924    127432      9264     19556         0
10:46:03 PM    240348    485832   3818892     94.08    104612    269372   6960156    114.31   2133004    712364       500   2486184    127432      9264     19556         0
10:46:04 PM    240844    486336   3818396     94.07    104616    269372   6960156    114.31   2132696    712372       800   2485960    127444      9264     19556         0
10:46:05 PM    240224    485720   3819016     94.08    104616    269380   6960156    114.31   2133460    712372       808   2486820    127444      9264     19556         0
10:46:06 PM    241588    487092   3817652     94.05    104616    269384   6960156    114.31   2131248    712380       812   2484548    127444      9264     19556         0
10:46:07 PM    241432    486940   3817808     94.05    104616    269384   6960156    114.31   2131212    712384       812   2484492    127444      9296     19556         0
10:46:08 PM    241432    486956   3817808     94.05    104616    269432   6960156    114.31   2131256    712400       908   2484536    127444      9296     19556         0
10:46:09 PM    241184    486708   3818056     94.06    104616    269440   6960156    114.31   2131380    712400       996   2484660    127444      9296     19556         0
10:46:10 PM    241060    486588   3818180     94.06    104616    269448   6960156    114.31   2131420    712404      1004   2484704    127444      9296     19556         0
10:46:11 PM    241680    487208   3817560     94.05    104616    269448   6960668    114.32   2131528    712404      1004   2484820    127444      9296     19556         0
10:46:12 PM    241044    486616   3818196     94.06    104616    269448   6963228    114.36   2131664    712448      1004   2484964    127444      9296     19556         0
10:46:13 PM    240920    486548   3818320     94.06    104616    269508   6960288    114.31   2131516    712504      1052   2484784    127444      9296     19556         0
10:46:14 PM    240920    486556   3818320     94.06    104620    269516   6960288    114.31   2131688    712508      1160   2485000    127444      9296     19556         0
10:46:15 PM    240920    486556   3818320     94.06    104620    269520   6960288    114.31   2131704    712508      1164   2485000    127444      9296     19556         0
10:46:16 PM    240920    486556   3818320     94.06    104620    269520   6960288    114.31   2131536    712508      1164   2484784    127444      9296     19556         0
10:46:17 PM    270444    516080   3788796     93.34    104620    269520   6960288    114.31   2101816    712508      1164   2455064    127444      9296     19556         0
10:46:18 PM    250704    496356   3808536     93.82    104620    269524   6960288    114.31   2121888    712520      1168   2475256    127444      9328     19536         0
10:46:19 PM    242580    488280   3816660     94.02    104620    269572   6960288    114.31   2129400    712568      1340   2482768    127444      9328     19552         0
10:46:20 PM    240392    486092   3818848     94.08    104620    269572   6960288    114.31   2131628    712568      1340   2484888    127444      9328     19556         0
10:46:21 PM    240516    486216   3818724     94.07    104620    269572   6960288    114.31   2131572    712568      1340   2484816    127444      9328     19556         0
10:46:22 PM    240640    486340   3818600     94.07    104620    269576   6960288    114.31   2131668    712568      1344   2484960    127444      9328     19556         0
10:46:23 PM    240640    486340   3818600     94.07    104620    269580   6960288    114.31   2131724    712568      1348   2485032    127444      9328     19556         0
10:46:24 PM    240392    486092   3818848     94.08    104620    269592   6960288    114.31   2131724    712568      1380   2485048    127440      9328     19556         0
10:46:25 PM    239648    485356   3819592     94.10    104620    269604   6960288    114.31   2132488    712576      1392   2485904    127440      9328     19556         0
10:46:26 PM    238656    484380   3820584     94.12    104620    269604   6960288    114.31   2133492    712592      1392   2486836    127440      9328     19556         0
10:46:27 PM    239132    484860   3820108     94.11    104620    269608   6960288    114.31   2131724    712596      1324   2485072    127440      9328     19556         0
10:46:28 PM    239416    485144   3819824     94.10    104620    269620   6960288    114.31   2131840    712596      1336   2485140    127436      9312     19556         0
10:46:29 PM    239028    484760   3820212     94.11    104620    269620   6960288    114.31   2132128    712600      1376   2485192    127436      9312     19556         0
10:46:30 PM    238920    484712   3820320     94.11    104620    269676   6960288    114.31   2132180    712528      1440   2485332    127436      9312     19556         0
10:46:31 PM    245560    491364   3813680     93.95    104620    269680   6960572    114.32   2126208    712540       708   2479260    127440      9312     19556         0
10:46:32 PM    239944    485756   3819296     94.09    104620    269684   6960756    114.32   2132336    712548       592   2485592    127460      9312     19556         0
10:46:33 PM    239960    485772   3819280     94.09    104620    269688   6960756    114.32   2132420    712548       608   2485592    127460      9296     19556         0
10:46:34 PM    239960    485772   3819280     94.09    104620    269688   6960756    114.32   2132420    712548       832   2485592    127432      9296     19556         0
10:46:35 PM    239960    485772   3819280     94.09    104620    269688   6960756    114.32   2132420    712548       840   2485600    127432      9296     19556         0
10:46:36 PM    239960    485784   3819280     94.09    104620    269720   6960756    114.32   2132480    712560       508   2485628    127432      9296     19556         0
10:46:37 PM    239928    485764   3819312     94.09    104620    269720   6960756    114.32   2132480    712572       520   2485628    127460      9296     19556         0
10:46:38 PM    239928    485764   3819312     94.09    104620    269720   6960756    114.32   2132480    712572       520   2485628    127460      9296     19556         0
10:46:39 PM    239928    485764   3819312     94.09    104620    269720   6960756    114.32   2132480    712572       672   2485628    127468      9296     19556         0
10:46:40 PM    239928    485764   3819312     94.09    104620    269724   6960756    114.32   2132480    712572       860   2485628    127468      9296     19556         0
10:46:41 PM    239680    485532   3819560     94.10    104620    269740   6960888    114.32   2132392    712588       920   2485516    127468      9296     19556         0
10:46:42 PM    239712    485572   3819528     94.09    104620    269744   6960888    114.32   2132520    712596       848   2485660    127436      9296     19556         0
10:46:43 PM    239728    485588   3819512     94.09    104620    269744   6960888    114.32   2132448    712596       848   2485588    127436      9280     19556         0
10:46:44 PM    239836    485708   3819404     94.09    104620    269748   6960552    114.32   2132448    712604       912   2485588    127436      9280     19556         0
10:46:45 PM    239092    484964   3820148     94.11    104620    269756   6960552    114.32   2132820    712604       920   2485928    127432      9280     19556         0
10:46:46 PM    237976    483856   3821264     94.14    104620    269756   6960552    114.32   2134308    712612       920   2487476    127432      9280     19556         0
10:46:47 PM    239524    485420   3819716     94.10    104620    269768   6960552    114.32   2132100    712628       944   2485256    127432      9280     19556         0
10:46:48 PM    268088    513984   3791152     93.40    104620    269768   6960040    114.31   2104172    712628       944   2457336    127428      9280     19556         0
10:46:49 PM    250572    496476   3808668     93.83    104628    269772   6960040    114.31   2119768    712632       948   2472872    127424      9280     19504         0
10:46:50 PM    241092    487004   3818148     94.06    104628    269776   6960040    114.31   2132120    712636       980   2485220    127424      9280     19544         0
10:46:51 PM    252248    498160   3806992     93.79    104628    269776   6960552    114.32   2117952    712636       980   2471068    127424      9280     19544         0
10:46:52 PM    239092    485020   3820148     94.11    104628    269792   6960552    114.32   2132428    712652         8   2485512    127472      9280     19556         0
10:46:53 PM    239092    485020   3820148     94.11    104628    269796   6960552    114.32   2132596    712652        36   2485728    127432      9280     19556         0
10:46:54 PM    239092    485024   3820148     94.11    104628    269808   6960552    114.32   2132580    712656       232   2485728    127428      9280     19556         0
10:46:55 PM    239092    485024   3820148     94.11    104628    269812   6960552    114.32   2132580    712656       236   2485728    127436      9280     19556         0
10:46:56 PM    239092    485024   3820148     94.11    104628    269816   6960552    114.32   2132580    712656       240   2485728    127436      9280     19556         0
10:46:57 PM    239092    485024   3820148     94.11    104628    269820   6960552    114.32   2132580    712656       428   2485728    127436      9280     19556         0
10:46:58 PM    239092    485052   3820148     94.11    104628    269856   6960552    114.32   2132592    712684       552   2485756    127436      9280     19556         0
10:46:59 PM    239092    485052   3820148     94.11    104628    269860   6960552    114.32   2132592    712684       640   2485756    127428      9280     19556         0
10:47:00 PM    239076    485036   3820164     94.11    104628    269860   6960552    114.32   2132536    712684       640   2485684    127428      9280     19556         0
10:47:01 PM    239092    485064   3820148     94.11    104628    269860   6960552    114.32   2132520    712696       640   2485684    127428      9280     19556         0
10:47:02 PM    239092    485088   3820148     94.11    104628    269860   6960552    114.32   2132608    712720       640   2485756    127428      9280     19556         0
10:47:03 PM    239092    485108   3820148     94.11    104628    269888   6960552    114.32   2132636    712740       756   2485792    127428      9280     19556         0
10:47:04 PM    239092    485108   3820148     94.11    104628    269888   6960552    114.32   2132596    712740       800   2485720    127436      9280     19556         0
10:47:05 PM    237852    483868   3821388     94.14    104628    269888   6960684    114.32   2133084    712740       800   2486060    127436      9280     19556         0
10:47:06 PM    236860    482884   3822380     94.16    104628    269888   6960684    114.32   2133696    712748       800   2486972    127436      9280     19556         0
10:47:07 PM    238092    484116   3821148     94.13    104628    269892   6960684    114.32   2132132    712748       804   2485392    127436      9280     19556         0
10:47:08 PM    238348    484372   3820892     94.13    104628    269896   6960684    114.32   2132224    712748       808   2485360    127436      9280     19556         0
10:47:09 PM    238348    484400   3820892     94.13    104632    269920   6960684    114.32   2132256    712776       872   2485392    127444      9280     19556         0
10:47:10 PM    238720    484772   3820520     94.12    104632    269928   6957868    114.27   2132308    712776       924   2485444    127440      9280     19556         0
10:47:11 PM    238472    484532   3820768     94.13    104632    269932   6957868    114.27   2132532    712780       928   2485688    127440      9280     19556         0
10:47:12 PM    238348    484408   3820892     94.13    104632    269936   6958124    114.28   2132616    712780       932   2485752    127440      9280     19556         0
10:47:13 PM    238348    484424   3820892     94.13    104632    269936   6958124    114.28   2132672    712796       932   2485824    127440      9280     19556         0
10:47:14 PM    238984    485060   3820256     94.11    104632    269940   6958124    114.28   2132492    712796       972   2485784    127440      9280     19556         0
10:47:15 PM    239108    485184   3820132     94.11    104632    269940   6958124    114.28   2132672    712796       972   2485856    127440      9280     19556         0
10:47:16 PM    249860    495940   3809380     93.84    104632    269944   6958124    114.28   2122280    712800       976   2475400    127440      9264     19528         0
10:47:17 PM    239000    485088   3820240     94.11    104632    269952   6958124    114.28   2132636    712804       984   2485784    127440      9264     19556         0
10:47:18 PM    253320    499408   3805920     93.76    104632    269956   6960684    114.32   2118276    712796       988   2471376    127440      9264     19556         0
10:47:19 PM    238736    484832   3820504     94.12    104632    269956   6960684    114.32   2132652    712804       988   2485784    127440      9264     19532         0
10:47:20 PM    238736    484852   3820504     94.12    104632    269976   6960816    114.32   2132588    712820      1020   2485668    127440      9264     19536         0
10:47:21 PM    238860    484976   3820380     94.12    104632    269980   6960816    114.32   2132588    712820      1024   2485668    127440      9264     19536         0
10:47:22 PM    245252    491368   3813988     93.96    104632    269984   6960816    114.32   2126444    712820      1028   2479524    127440      9264     19556         0
10:47:23 PM    238860    484984   3820380     94.12    104632    269988   6960816    114.32   2132732    712828       924   2485812    127440      9264     19536         0
10:47:24 PM    248976    495104   3810264     93.87    104632    269988   6960816    114.32   2122324    712832       972   2475356    127440      9264     19544         0
10:47:25 PM    236380    482512   3822860     94.18    104632    269996   6960816    114.32   2134844    712832       992   2487932    127440      9264     19556         0
10:47:26 PM    237124    483256   3822116     94.16    104632    270008   6960816    114.32   2134284    712832      1012   2487412    127440      9264     19556         0
10:47:27 PM    236256    482404   3822984     94.18    104632    270012   6960816    114.32   2135056    712848      1016   2488216    127440      9264     19556         0
10:47:28 PM    239108    485256   3820132     94.11    104632    270012   6960304    114.31   2132328    712848       248   2485384    127440      9264     19556         0
10:47:29 PM    239108    485256   3820132     94.11    104636    270016   6960304    114.31   2132384    712848       256   2485456    127440      9264     19556         0
10:47:30 PM    238860    485008   3820380     94.12    104636    270020   6960304    114.31   2132508    712848       508   2485580    127440      9264     19556         0
10:47:31 PM    238860    485012   3820380     94.12    104636    270028   6960304    114.31   2132548    712852       632   2485668    127440      9264     19556         0
10:47:32 PM    238612    484772   3820628     94.12    104636    270028   6960304    114.31   2132776    712860       632   2485904    127440      9264     19556         0
10:47:33 PM    238488    484652   3820752     94.12    104636    270028   6960304    114.31   2132820    712864       532   2485928    127440      9264     19556         0
10:47:34 PM    238488    484652   3820752     94.12    104636    270036   6960304    114.31   2132748    712864       656   2485876    127444      9264     19556         0
10:47:35 PM    238488    484652   3820752     94.12    104636    270036   6960304    114.31   2132804    712864       656   2485948    127444      9264     19556         0
10:47:36 PM    238488    484652   3820752     94.12    104636    270040   6960304    114.31   2132732    712864       668   2485880    127444      9264     19556         0
10:47:37 PM    238364    484540   3820876     94.13    104636    270048   6960304    114.31   2132768    712876       712   2485896    127444      9264     19556         0
10:47:38 PM    238364    484548   3820876     94.13    104636    270052   6960304    114.31   2132824    712884       716   2485980    127444      9264     19556         0
10:47:39 PM    238364    484548   3820876     94.13    104636    270056   6960304    114.31   2132824    712884       752   2485980    127444      9264     19556         0
10:47:40 PM    238612    484796   3820628     94.12    104636    270056   6960304    114.31   2132792    712884       752   2485908    127444      9264     19556         0
10:47:41 PM    238612    484804   3820628     94.12    104636    270060   6960304    114.31   2132856    712884       756   2485980    127444      9264     19556         0
10:47:42 PM    238612    484820   3820628     94.12    104636    270076   6960304    114.31   2132880    712900       796   2486016    127444      9264     19556         0
10:47:43 PM    238488    484704   3820752     94.12    104636    270084   6960436    114.31   2132876    712908       804   2486016    127444      9264     19556         0
10:47:44 PM    252824    499040   3806416     93.77    104636    270088   6960948    114.32   2116248    712904       848   2469420    127444      9264     19524         0
10:47:45 PM    252948    499168   3806292     93.77    104636    270088   6960948    114.32   2118456    712908       848   2471536    127440      9264     19556         0
10:47:46 PM    237868    484088   3821372     94.14    104636    270088   6960948    114.32   2133308    712908       848   2486372    127440      9264     19556         0
10:47:47 PM    237264    483492   3821976     94.15    104636    270092   6960948    114.32   2135192    712912       852   2488288    127440      9264     19556         0
10:47:48 PM    239368    485612   3819872     94.10    104636    270100   6960436    114.31   2132440    712928       892   2485536    127440      9264     19556         0
10:47:49 PM    239108    485352   3820132     94.11    104636    270100   6960436    114.31   2132372    712928       876   2485464    127440      9264     19556         0
10:47:50 PM    255864    502108   3803376     93.70    104636    270104   6960436    114.31   2115584    712924       884   2468672    127440      9264     19556         0
10:47:51 PM    249100    495348   3810140     93.86    104636    270112   6960436    114.31   2122384    712928       892   2475456    127440      9264     19556         0
10:47:52 PM    240660    486920   3818580     94.07    104636    270116   6960436    114.31   2128688    712940       896   2481728    127440      9264     19556         0
10:47:53 PM    238612    484876   3820628     94.12    104636    270120   6960948    114.32   2132876    712944       940   2485932    127440      9264     19556         0
10:47:54 PM    238488    484756   3820752     94.12    104636    270120   6960948    114.32   2132876    712944       884   2485932    127444      9264     19556         0
10:47:55 PM    238488    484756   3820752     94.12    104636    270120   6960948    114.32   2132932    712944       892   2486004    127444      9264     19520         0
10:47:56 PM    238488    484756   3820752     94.12    104636    270124   6960948    114.32   2132932    712944       896   2486004    127444      9264     19556         0
10:47:57 PM    238488    484760   3820752     94.12    104636    270128   6960948    114.32   2132844    712948       900   2485932    127444      9264     19556         0
10:47:58 PM    238488    484764   3820752     94.12    104640    270124   6960948    114.32   2132960    712948       900   2486076    127444      9264     19556         0
10:47:59 PM    238488    484780   3820752     94.12    104640    270140   6960948    114.32   2133024    712960       892   2486104    127444      9264     19556         0
10:48:00 PM    238488    484780   3820752     94.12    104640    270144   6960948    114.32   2133024    712960       900   2486104    127444      9264     19556         0
10:48:01 PM    238472    484764   3820768     94.13    104640    270152   6960948    114.32   2133024    712960       908   2486104    127444      9280     19556         0
10:48:02 PM    238472    484768   3820768     94.13    104640    270152   6960948    114.32   2132984    712964       908   2486032    127444      9280     19556         0
10:48:03 PM    238472    484772   3820768     94.13    104640    270152   6960948    114.32   2133044    712964       356   2486104    127444      9280     19556         0
10:48:04 PM    238348    484672   3820892     94.13    104640    270176   6960948    114.32   2133064    712988       784   2486144    127444      9280     19556         0
10:48:05 PM    238240    484564   3821000     94.13    104640    270188   6960948    114.32   2133064    712988       816   2486144    127444      9264     19556         0
10:48:06 PM    236504    482828   3822736     94.17    104640    270192   6960948    114.32   2134428    712988       820   2487404    127444      9264     19556         0
10:48:07 PM    237512    483852   3821728     94.15    104640    270192   6960948    114.32   2134312    713004       820   2487436    127444      9264     19556         0
10:48:08 PM    237016    483364   3822224     94.16    104640    270196   6960948    114.32   2135264    713012       824   2488400    127444      9264     19556         0
10:48:09 PM    238752    485100   3820488     94.12    104640    270200   6960948    114.32   2132640    713012       788   2485712    127444      9264     19556         0
10:48:10 PM    238752    485108   3820488     94.12    104640    270224   6960948    114.32   2132656    713020       864   2485740    127444      9264     19556         0
10:48:11 PM    238876    485244   3820364     94.12    104640    270224   6962484    114.35   2132708    713032       864   2485796    127444      9264     19556         0
10:48:12 PM    238752    485120   3820488     94.12    104640    270224   6962616    114.35   2132764    713032       864   2485840    127444      9264     19556         0
10:48:13 PM    238752    485128   3820488     94.12    104640    270224   6962616    114.35   2132988    713040       864   2486100    127444      9264     19556         0
10:48:14 PM    245020    491400   3814220     93.96    104640    270228   6962616    114.35   2126844    713044       908   2479956    127444      9264     19556         0
10:48:15 PM    238752    485136   3820488     94.12    104640    270248   6961080    114.32   2133004    713048       944   2486060    127444      9264     19556         0
10:48:16 PM    239264    485652   3819976     94.11    104640    270248   6961080    114.32   2132956    713048       944   2486132    127444      9264     19556         0
10:48:17 PM    239388    485776   3819852     94.10    104640    270252   6961080    114.32   2133036    713048       948   2486132    127444      9264     19556         0
10:48:18 PM    251288    497692   3807952     93.81    104640    270260   6961080    114.32   2120716    713064       956   2473772    127444      9264     19556         0
10:48:19 PM    238116    484532   3821124     94.13    104644    270264   6961080    114.32   2132988    713076       964   2486060    127444      9264     19552         0
10:48:20 PM    240164    486580   3819076     94.08    104644    270264   6961080    114.32   2128992    713076       964   2482064    127444      9264     19536         0
10:48:21 PM    237992    484416   3821248     94.14    104644    270272   6961080    114.32   2133032    713084      1020   2486088    127444      9264     19556         0
10:48:22 PM    237992    484420   3821248     94.14    104644    270272   6961080    114.32   2133092    713084      1020   2486160    127444      9264     19556         0
10:48:23 PM    238628    485056   3820612     94.12    104644    270280   6961080    114.32   2132996    713084      1028   2486160    127444      9264     19536         0
10:48:24 PM    238628    485056   3820612     94.12    104648    270280   6961080    114.32   2133084    713084      1048   2486160    127444      9264     19556         0
10:48:25 PM    238752    485184   3820488     94.12    104648    270280   6961080    114.32   2133124    713088       992   2486160    127444      9264     19556         0
10:48:26 PM    238628    485068   3820612     94.12    104648    270284   6961080    114.32   2133040    713092      1020   2486104    127444      9264     19556         0
10:48:27 PM    238380    484828   3820860     94.13    104648    270292   6961080    114.32   2133444    713100      1028   2486460    127444      9264     19556         0
10:48:28 PM    237512    483968   3821728     94.15    104648    270296   6961592    114.33   2134492    713108      1032   2487716    127444      9264     19528         0
10:48:29 PM    238120    484580   3821120     94.13    104656    270292   6961592    114.33   2132888    713112      1060   2486064    127444      9264     19556         0
10:48:30 PM    238380    484844   3820860     94.13    104656    270300   6961592    114.33   2132940    713112       980   2486016    127448      9264     19556         0
10:48:31 PM    238256    484720   3820984     94.13    104656    270304   6961592    114.33   2132996    713112       988   2486092    127448      9264     19556         0
10:48:32 PM    238256    484736   3820984     94.13    104656    270328   6961592    114.33   2133160    713128      1060   2486248    127448      9264     19556         0
10:48:33 PM    238256    484736   3820984     94.13    104656    270328   6961592    114.33   2133200    713132      1060   2486296    127448      9264     19556         0
10:48:34 PM    238256    484736   3820984     94.13    104660    270324   6961592    114.33   2133200    713132       180   2486300    127448      9264     19556         0
10:48:35 PM    237712    484204   3821528     94.14    104660    270328   6961592    114.33   2133184    713132       240   2486228    127492      9264     19556         0
10:48:36 PM    237712    484216   3821528     94.14    104660    270336   6961724    114.34   2133236    713140       248   2486300    127492      9264     19556         0
10:48:37 PM    237588    484092   3821652     94.15    104660    270340   6961724    114.34   2133236    713140       628   2486304    127492      9264     19556         0
10:48:38 PM    237588    484092   3821652     94.15    104660    270344   6961724    114.34   2133180    713140       584   2486260    127492      9264     19556         0
10:48:39 PM    237588    484096   3821652     94.15    104660    270344   6961724    114.34   2133236    713144       752   2486332    127484      9264     19556         0
10:48:40 PM    237712    484220   3821528     94.14    104660    270344   6961724    114.34   2133180    713144       704   2486260    127480      9264     19556         0
10:48:41 PM    237588    484096   3821652     94.15    104660    270352   6961724    114.34   2133180    713144       712   2486260    127480      9264     19556         0
10:48:42 PM    251924    498432   3807316     93.79    104660    270352   6961724    114.34   2118844    713144       712   2471924    127480      9264     19556         0
10:48:43 PM    237464    483976   3821776     94.15    104660    270360   6961724    114.34   2133232    713148       772   2486292    127480      9264     19556         0
10:48:44 PM    237464    483976   3821776     94.15    104664    270356   6961724    114.34   2133188    713148       772   2486220    127480      9264     19556         0
10:48:45 PM    237464    483988   3821776     94.15    104664    270368   6961724    114.34   2133260    713160       836   2486292    127480      9264     19556         0
10:48:46 PM    237464    483992   3821776     94.15    104664    270376   6961724    114.34   2133316    713164       844   2486364    127480      9264     19556         0
10:48:47 PM    237836    484368   3821404     94.14    104664    270376   6961212    114.33   2133300    713168       844   2486364    127480      9264     19556         0
10:48:48 PM    236472    483020   3822768     94.17    104664    270376   6961212    114.33   2134556    713176       844   2487616    127480      9264     19556         0
10:48:49 PM    237212    483768   3822028     94.16    104664    270384   6961212    114.33   2133220    713184       864   2486280    127480      9264     19556         0
10:48:50 PM    237960    484520   3821280     94.14    104664    270388   6960956    114.32   2133112    713188       856   2486140    127480      9264     19556         0
10:48:51 PM    250372    496936   3808868     93.83    104664    270388   6960956    114.32   2120828    713192       856   2473852    127480      9264     19532         0
10:48:52 PM    252668    499232   3806572     93.78    104664    270388   6960956    114.32   2118724    713192       856   2471732    127480      9264     19556         0
10:48:53 PM    237960    484524   3821280     94.14    104664    270392   6960956    114.32   2133140    713192       860   2486168    127480      9264     19540         0
10:48:54 PM    237836    484412   3821404     94.14    104668    270404   6960956    114.32   2133268    713204       944   2486344    127480      9264     19556         0
10:48:55 PM    238348    484932   3820892     94.13    104668    270408   6961088    114.33   2133184    713204       904   2486344    127480      9264     19556         0
10:48:56 PM    246912    493500   3812328     93.92    104668    270412   6961088    114.33   2125060    713208       908   2478080    127480      9264     19556         0
10:48:57 PM    240396    486988   3818844     94.08    104668    270412   6961344    114.33   2131300    713212       908   2484300    127480      9264     19532         0
10:48:58 PM    255476    502068   3803764     93.71    104668    270416   6961344    114.33   2115744    713212       912   2468812    127480      9264     19556         0
10:48:59 PM    238860    485456   3820380     94.12    104676    270424   6961344    114.33   2133296    713216       920   2486420    127480      9264     19556         0
10:49:00 PM    238860    485472   3820380     94.12    104676    270432   6961344    114.33   2133388    713224       856   2486448    127480      9264     19556         0
10:49:01 PM    238100    484712   3821140     94.13    104676    270436   6961344    114.33   2133356    713224       872   2486376    127480      9264     19556         0
10:49:02 PM    238100    484720   3821140     94.13    104676    270436   6961344    114.33   2133440    713232       872   2486448    127480      9264     19556         0
10:49:03 PM    238100    484720   3821140     94.13    104676    270440   6961344    114.33   2133440    713232       876   2486448    127480      9264     19556         0
10:49:04 PM    238844    485464   3820396     94.12    104676    270444   6961344    114.33   2133440    713232       880   2486448    127480      9264     19556         0
10:49:05 PM    238968    485596   3820272     94.11    104676    270464   6961344    114.33   2133380    713240       992   2486408    127484      9264     19556         0
10:49:06 PM    238968    485600   3820272     94.11    104676    270464   6961344    114.33   2133436    713244       896   2486480    127484      9264     19556         0
10:49:07 PM    238456    485088   3820784     94.13    104676    270468   6961344    114.33   2133364    713244       900   2486408    127484      9264     19556         0
10:49:08 PM    238456    485088   3820784     94.13    104676    270472   6961344    114.33   2133420    713244       904   2486480    127484      9264     19556         0
10:49:09 PM    237960    484612   3821280     94.14    104684    270468   6961344    114.33   2134460    713264       980   2487508    127484      9264     19556         0
10:49:10 PM    236752    483420   3822488     94.17    104684    270476   6961344    114.33   2135668    713276       616   2488776    127484      9264     19556         0
10:49:11 PM    238144    484824   3821096     94.13    104684    270484   6962624    114.35   2132744    713284       616   2485696    127468      9248     19560         0
10:49:12 PM    238272    484952   3820968     94.13    104684    270496   6962624    114.35   2132784    713284       628   2485824    127468      9248     19556         0
10:49:13 PM    237636    484316   3821604     94.15    104684    270496   6962624    114.35   2132752    713284       628   2485752    127468      9248     19556         0
10:49:14 PM    241108    487800   3818132     94.06    104688    270500   6962624    114.35   2129652    713296       764   2482776    127464      9248     19556         0
10:49:15 PM    252640    499340   3806600     93.78    104688    270500   6962624    114.35   2118992    713296       764   2471988    127464      9264     19556         0
10:49:16 PM    238116    484868   3821124     94.13    104688    270564   6961344    114.33   2133500    713348       968   2486488    127464      9264     19560         0
10:49:17 PM    238008    484768   3821232     94.14    104688    270568   6961344    114.33   2133428    713356       972   2486416    127464      9264     19560         0
10:49:18 PM    237992    481040   3821248     94.14    104688    270568   6961344    114.33   2133484    713356       972   2486488    127464      9264     19560         0
10:49:19 PM    237992    483344   3821248     94.14    104688    270572   6961344    114.33   2133488    713356      1160   2486496    127464      9264     19560         0
10:49:20 PM    237868    483228   3821372     94.14    104688    270572   6961476    114.33   2133540    713364      1192   2486568    127460      9264     19560         0
10:49:21 PM    237868    483240   3821372     94.14    104688    270580   6961476    114.33   2133508    713372      1372   2486496    127460      9264     19556         0
10:49:22 PM    237992    483444   3821248     94.14    104688    270672   6961476    114.33   2133496    713452      1312   2486488    127460      9264     19540         0
10:49:23 PM    240800    486252   3818440     94.07    104688    270672   6961476    114.33   2131344    713452      1312   2484440    127460      9264     19560         0
10:49:24 PM    237868    483332   3821372     94.14    104696    270668   6961476    114.33   2133460    713464      1496   2486416    127472      9264     19560         0
10:49:25 PM    237868    483336   3821372     94.14    104696    270676   6961476    114.33   2133632    713464      1528   2486632    127472      9264     19560         0
10:49:26 PM    237868    483352   3821372     94.14    104696    270684   6961476    114.33   2133580    713476      1492   2486560    127472      9264     19560         0
10:49:27 PM    249060    494544   3810180     93.86    104696    270688   6961476    114.33   2122384    713476      1508   2475484    127472      9248     19560         0
10:49:28 PM    238008    483492   3821232     94.14    104696    270688   6961476    114.33   2133596    713476      1508   2486588    127472      9248     19560         0
10:49:29 PM    237140    482624   3822100     94.16    104696    270688   6961476    114.33   2134076    713476      1508   2487052    127472      9248     19560         0
10:49:30 PM    235900    481384   3823340     94.19    104696    270696   6961476    114.33   2135872    713476      1520   2488872    127472      9248     19560         0
10:49:31 PM    237756    483248   3821484     94.14    104696    270696   6961476    114.33   2133276    713484      1444   2486212    127472      9248     19560         0
10:49:32 PM    237760    483256   3821480     94.14    104696    270696   6961476    114.33   2133248    713488      1448   2486228    127472      9248     19560         0
10:49:33 PM    237760    483256   3821480     94.14    104696    270716   6961476    114.33   2133248    713488      1492   2486264    127472      9248     19560         0
10:49:34 PM    237884    483400   3821356     94.14    104696    270724   6961608    114.33   2133340    713508      1500   2486364    127472      9248     19560         0
10:49:35 PM    237512    483032   3821728     94.15    104696    270728   6961608    114.33   2133380    713512      1576   2486384    127472      9248     19560         0
10:49:36 PM    237512    483040   3821728     94.15    104696    270728   6961608    114.33   2133660    713516      1440   2486664    127472      9248     19560         0
10:49:37 PM    237512    483040   3821728     94.15    104696    270728   6961608    114.33   2133660    713516      1452   2486696    127472      9248     19560         0
10:49:38 PM    237512    483040   3821728     94.15    104696    270736   6961608    114.33   2133636    713516      1492   2486628    127472      9248     19560         0
10:49:39 PM    237512    483040   3821728     94.15    104700    270744   6961608    114.33   2133692    713516      1508   2486724    127472      9248     19560         0
10:49:40 PM    237512    483040   3821728     94.15    104700    270752   6961608    114.33   2133692    713516      1576   2486724    127472      9248     19560         0
10:49:41 PM    237480    483016   3821760     94.15    104700    270752   6961608    114.33   2133656    713520      1168   2486652    127504      9248     19560         0
10:49:42 PM    237480    483020   3821760     94.15    104700    270756   6961608    114.33   2133668    713524      1172   2486652    127504      9248     19560         0
10:49:43 PM    237480    483028   3821760     94.15    104700    270764   6961608    114.33   2133668    713532      1548   2486652    127504      9248     19560         0
10:49:44 PM    237356    482908   3821884     94.15    104704    270772   6961608    114.33   2133724    713536      1560   2486756    127504      9248     19560         0
10:49:45 PM    237604    483168   3821636     94.15    104704    270776   6961608    114.33   2133572    713544      1580   2486540    127504      9248     19532         0
10:49:46 PM    238100    483672   3821140     94.13    104704    270776   6961608    114.33   2133660    713552       720   2486616    127504      9248     19560         0
10:49:47 PM    244400    489972   3814840     93.98    104704    270780   6961608    114.33   2127460    713552       660   2480396    127492      9248     19560         0
10:49:48 PM    238132    483724   3821108     94.13    104704    270784   6961608    114.33   2133772    713572       664   2486756    127492      9248     19560         0
10:49:49 PM    237140    482732   3822100     94.16    104704    270784   6961608    114.33   2134088    713572       668   2487028    127492      9248     19536         0
10:49:50 PM    236148    481780   3823092     94.18    104704    270844   6963144    114.36   2135528    713612       780   2488524    127492      9248     19560         0
10:49:51 PM    237756    483388   3821484     94.14    104704    270844   6961352    114.33   2133808    713612       780   2486788    127492      9248     19560         0
10:49:52 PM    252344    497996   3806896     93.78    104704    270848   6961352    114.33   2119416    713628       784   2472380    127492      9248     19548         0
10:49:53 PM    250420    496080   3808820     93.83    104704    270852   6961352    114.33   2119432    713636       788   2472380    127492      9248     19552         0
10:49:54 PM    237388    483048   3821852     94.15    104704    270856   6961352    114.33   2133936    713636       840   2486888    127492      9248     19560         0
10:49:55 PM    237404    483068   3821836     94.15    104704    270872   6961608    114.33   2133932    713632       924   2486996    127492      9248     19560         0
10:49:56 PM    237528    483208   3821712     94.15    104704    270876   6961608    114.33   2134016    713648       928   2486996    127492      9248     19560         0
10:49:57 PM    237420    483104   3821820     94.15    104704    270880   6961608    114.33   2133916    713652       820   2486996    127492      9248     19560         0
10:49:58 PM    237420    483108   3821820     94.15    104704    270880   6961608    114.33   2134000    713656       820   2486996    127492      9248     19560         0
10:49:59 PM    237420    483108   3821820     94.15    104704    270880   6961608    114.33   2134000    713656       820   2486996    127492      9248     19560         0
10:50:00 PM    237296    482984   3821944     94.15    104704    270880   6961608    114.33   2134000    713656       876   2486996    127492      9248     19560         0
10:50:01 PM    237824    483520   3821416     94.14    104704    270904   6960676    114.32   2133604    713664       996   2486584    127492      9216     19560         0
10:50:02 PM    238616    483460   3820624     94.12    104704    270036   6960676    114.32   2132716    712804       924   2485668    127464      9136     19432         0
10:50:03 PM    238648    483412   3820592     94.12    104704    269956   6960676    114.32   2132648    712724       924   2485596    127428      9136     19380         0
10:50:04 PM    238648    483412   3820592     94.12    104704    269956   6960676    114.32   2132648    712724      1108   2485596    127428      9136     19380         0
10:50:05 PM    238648    483412   3820592     94.12    104704    269956   6960676    114.32   2132648    712724      1076   2485596    127428      9136     19380         0
10:50:06 PM    238648    483412   3820592     94.12    104704    269968   6960676    114.32   2132648    712724      1108   2485624    127428      9136     19380         0
10:50:07 PM    239624    484400   3819616     94.10    104704    269976   6958812    114.29   2132600    712724      1024   2485552    127428      9136     19380         0
10:50:08 PM    238880    483660   3820360     94.12    104704    269976   6958812    114.29   2133028    712728      1032   2486088    127428      9136     19380         0
10:50:09 PM    237764    482548   3821476     94.14    104708    269972   6958812    114.29   2134656    712732      1032   2487616    127428      9136     19380         0
10:50:10 PM    239236    484020   3820004     94.11    104708    269980   6958552    114.28   2132444    712732      1064   2485288    127428      9136     19380         0
10:50:11 PM    239608    484400   3819632     94.10    104708    269980   6958296    114.28   2132412    712736      1064   2485376    127428      9136     19380         0
10:50:12 PM    239624    484420   3819616     94.10    104708    269988   6958296    114.28   2132472    712740      1044   2485404    127428      9120     19380         0
10:50:13 PM    245644    490444   3813596     93.95    104708    269988   6958296    114.28   2126440    712744      1044   2479376    127428      9120     19380         0
10:50:14 PM    239376    484176   3819864     94.10    104708    269988   6958296    114.28   2132640    712744      1044   2485576    127428      9120     19364         0
10:50:15 PM    239376    484176   3819864     94.10    104708    269992   6958296    114.28   2132640    712744      1056   2485580    127428      9120     19380         0
10:50:16 PM    239888    484688   3819352     94.09    104708    269992   6958296    114.28   2132600    712744      1056   2485580    127428      9120     19380         0
10:50:17 PM    239344    484144   3819896     94.10    104708    269992   6958296    114.28   2132676    712740       968   2485612    127464      9120     19380         0
10:50:18 PM    239344    484144   3819896     94.10    104708    269996   6958296    114.28   2132660    712740       972   2485612    127464      9120     19380         0
10:50:19 PM    239344    484148   3819896     94.10    104712    269996   6958296    114.28   2132716    712744       976   2485684    127464      9120     19380         0
10:50:20 PM    239344    484148   3819896     94.10    104712    270000   6958296    114.28   2132716    712744      1008   2485684    127460      9120     19380         0
10:50:21 PM    239344    484160   3819896     94.10    104712    270004   6958552    114.28   2132616    712752      1012   2485540    127460      9120     19380         0
10:50:22 PM    249708    494528   3809532     93.85    104712    270004   6958552    114.28   2122376    712756       608   2475300    127464      9120     19380         0
10:50:23 PM    240492    485312   3818748     94.08    104712    270008   6958684    114.29   2132468    712756       660   2485640    127464      9120     19364         0
10:50:24 PM    239856    484684   3819384     94.09    104712    270012   6958684    114.29   2132564    712764       664   2485424    127464      9120     19380         0
10:50:25 PM    240368    485196   3818872     94.08    104712    270012   6958684    114.29   2132612    712760       724   2485584    127464      9120     19380         0
10:50:26 PM    239220    484048   3820020     94.11    104712    270012   6958684    114.29   2132536    712760       724   2485424    127464      9120     19380         0
10:50:27 PM    241392    486220   3817848     94.05    104712    270012   6958684    114.29   2130640    712760       668   2483592    127464      9120     19380         0
10:50:28 PM    242572    487400   3816668     94.02    104712    270020   6958684    114.29   2129260    712760       720   2482164    127464      9120     19376         0
10:50:29 PM    246684    491520   3812556     93.92    104716    270016   6959708    114.30   2125964    712768       728   2478916    127464      9120     19360         0
10:50:30 PM    239468    484308   3819772     94.10    104716    270020   6960476    114.32   2132292    712768       776   2485156    127464      9120     19380         0
10:50:31 PM    240616    485460   3818624     94.07    104716    270024   6960476    114.32   2132248    712768       780   2485308    127464      9120     19380         0
10:50:32 PM    240476    485320   3818764     94.08    104716    270024   6958172    114.28   2132348    712768       780   2485252    127464      9120     19380         0
10:50:33 PM    240260    485108   3818980     94.08    104716    270028   6958172    114.28   2132356    712772       684   2485432    127432      9120     19380         0
10:50:34 PM    239888    484736   3819352     94.09    104716    270028   6958172    114.28   2132772    712772       744   2485756    127432      9120     19380         0
10:50:35 PM    240384    485232   3818856     94.08    104716    270032   6958172    114.28   2132732    712772       784   2485696    127432      9120     19380         0
10:50:36 PM    240508    485356   3818732     94.08    104716    270032   6958172    114.28   2132800    712772       784   2485768    127432      9120     19380         0
10:50:37 PM    240508    485356   3818732     94.08    104716    270036   6958172    114.28   2132744    712772       788   2485696    127432      9120     19380         0
10:50:38 PM    240508    485360   3818732     94.08    104716    270036   6958172    114.28   2132816    712776       724   2485768    127432      9120     19380         0
10:50:39 PM    240384    485236   3818856     94.08    104720    270032   6958172    114.28   2132816    712776       744   2485780    127432      9120     19380         0
10:50:40 PM    240384    485236   3818856     94.08    104720    270032   6958172    114.28   2132788    712776       772   2485724    127432      9120     19380         0
10:50:41 PM    250748    495600   3808492     93.82    104720    270032   6958172    114.28   2122588    712776       772   2475484    127432      9120     19380         0
10:50:42 PM    240616    485476   3818624     94.07    104720    270036   6958684    114.29   2132684    712784       776   2485580    127432      9120     19360         0
10:50:43 PM    239872    484736   3819368     94.09    104720    270040   6958684    114.29   2132832    712784       744   2485724    127432      9120     19380         0
10:50:44 PM    239872    484736   3819368     94.09    104724    270036   6958684    114.29   2132832    712784       744   2485724    127432      9120     19380         0
10:50:45 PM    239872    484736   3819368     94.09    104724    270044   6958684    114.29   2132832    712784       768   2485752    127432      9120     19380         0
10:50:46 PM    239872    484740   3819368     94.09    104724    270048   6958684    114.29   2132816    712788       772   2485752    127432      9120     19380         0
10:50:47 PM    239872    484740   3819368     94.09    104724    270048   6958684    114.29   2132872    712788       404   2485824    127432      9120     19380         0
10:50:48 PM    239840    484708   3819400     94.09    104724    270048   6958684    114.29   2132888    712788       372   2485824    127464      9120     19380         0
10:50:49 PM    239096    483964   3820144     94.11    104724    270052   6958684    114.29   2133244    712788       376   2486164    127464      9120     19380         0
10:50:50 PM    238352    483220   3820888     94.13    104724    270052   6958684    114.29   2134276    712788       696   2487116    127464      9120     19380         0
10:50:51 PM    239332    484220   3819908     94.10    104724    270060   6958684    114.29   2132556    712804       760   2485432    127464      9120     19380         0
10:50:52 PM    239840    484728   3819400     94.09    104724    270064   6959840    114.30   2132372    712804       764   2485276    127464      9120     19380         0
10:50:53 PM    239964    484856   3819276     94.09    104724    270064   6959840    114.30   2132452    712800       732   2485348    127464      9120     19376         0
10:50:54 PM    256968    501860   3802272     93.67    104728    270060   6959840    114.30   2115160    712800       732   2468040    127464      9120     19380         0
10:50:55 PM    240724    485624   3818516     94.07    104728    270072   6958304    114.28   2132460    712800       800   2485420    127464      9120     19380         0
10:50:56 PM    240600    485500   3818640     94.07    104728    270072   6958304    114.28   2132360    712800       880   2485304    127464      9120     19380         0
10:50:57 PM    240600    485504   3818640     94.07    104728    270072   6958304    114.28   2132488    712804       696   2485448    127464      9120     19380         0
10:50:58 PM    247380    492284   3811860     93.91    104728    270072   6958304    114.28   2124132    712804       620   2477184    127464      9120     19364         0
10:50:59 PM    239980    484884   3819260     94.09    104732    270072   6958304    114.28   2132376    712804       624   2485304    127464      9120     19380         0
10:51:00 PM    239980    484884   3819260     94.09    104732    270076   6958304    114.28   2132488    712804       684   2485448    127464      9120     19380         0
10:51:01 PM    239980    484884   3819260     94.09    104732    270076   6958304    114.28   2132376    712804       684   2485304    127464      9120     19380         0
