Linux 4.9.253-tegra (nano-desktop) 	10/16/2023 	_aarch64_	(4 CPU)

11:07:23 PM kbmemfree   kbavail kbmemused  %memused kbbuffers  kbcached  kbcommit   %commit  kbactive   kbinact   kbdirty  kbanonpg    kbslab  kbkstack   kbpgtbl  kbvmused
11:07:24 PM     96352    687828   3962888     97.63     60904    669116   6729736    110.53   2049728    946620      5048   2281260    130252      8976     18772         0
11:07:25 PM     93716    685208   3965524     97.69     60904    669116   6729736    110.53   2052136    946620      5048   2283688    130284      8976     18776         0
11:07:26 PM     87252    678744   3971988     97.85     60904    669116   6729736    110.53   2058628    946620      5048   2290188    130284      8992     18780         0
11:07:27 PM     87252    678744   3971988     97.85     60904    669120   6729736    110.53   2058688    946620      5052   2290284    130284      8992     18788         0
11:07:28 PM     87252    678744   3971988     97.85     60912    669124   6729736    110.53   2058688    946620      5056   2290284    130284      8992     18788         0
11:07:29 PM     87252    678744   3971988     97.85     60912    669128   6729736    110.53   2058688    946620      5060   2290284    130284      8992     18788         0
11:07:30 PM     87252    678744   3971988     97.85     60912    669128   6729736    110.53   2058688    946620      5060   2290284    130284      8992     18788         0
11:07:31 PM     87252    678744   3971988     97.85     60912    669128   6729736    110.53   2058688    946620      5060   2290284    130284      8992     18788         0
11:07:32 PM     87252    678744   3971988     97.85     60912    669128   6729736    110.53   2058688    946620      5060   2290284    130284      8992     18788         0
11:07:33 PM     85888    677700   3973352     97.88     60920    669460   6729736    110.53   2059800    946924      5824   2291336    130308      8992     18792         0
11:07:34 PM     82912    674740   3976328     97.96     60920    669460   6733844    110.59   2062860    946932      5824   2294332    130304      8992     18800         0
11:07:35 PM     84152    675980   3975088     97.93     60920    669460   6733844    110.59   2062080    946932      5824   2293620    130304      8992     18800         0
11:07:36 PM     84460    676288   3974780     97.92     60920    669460   6737940    110.66   2060736    946932      5824   2292208    130312      9008     18808         0
11:07:37 PM     84604    676432   3974636     97.92     60920    669468   6737940    110.66   2060860    946932      5832   2292336    130312      9024     18808         0
11:07:38 PM     84108    675936   3975132     97.93     60924    669472   6737940    110.66   2061824    946932      6024   2293304    130292      9024     18808         0
11:07:39 PM     76916    668772   3982324     98.11     60924    669476   6737940    110.66   2069080    946956      6136   2300592    130292      9024     18820         0
11:07:40 PM     76916    668772   3982324     98.11     60924    669476   6737940    110.66   2069080    946956      6136   2300592    130292      9024     18820         0
11:07:41 PM     85052    672148   3974188     97.90     59092    667224   6737940    110.66   2067336    944624      6144   2300592    128940      9024     18820         0
11:07:42 PM     84928    672024   3974312     97.91     59092    667228   6737940    110.66   2067336    944624      6148   2300592    128940      9024     18820         0
11:07:43 PM     84928    672024   3974312     97.91     59092    667228   6737940    110.66   2067336    944624      6148   2300592    128940      9024     18820         0
11:07:44 PM     84680    671848   3974560     97.91     59092    667312   6737940    110.66   2067388    944696      6220   2300656    128944      9024     18820         0
11:07:45 PM     84432    671640   3974808     97.92     59092    667316   6737940    110.66   2067424    944732      6188   2300660    128944      9024     18820         0
11:07:46 PM     84308    671516   3974932     97.92     59092    667320   6737940    110.66   2067424    944732      6192   2300660    128944      9024     18820         0
11:07:47 PM     84308    671516   3974932     97.92     59092    667332   6737940    110.66   2067424    944732      6204   2300660    128944      9024     18820         0
11:07:48 PM     83564    670772   3975676     97.94     59100    667324   6742036    110.73   2068168    944732      6388   2301500    128944      9024     18820         0
11:07:49 PM     83992    671208   3975248     97.93     59100    667336   6742036    110.73   2066772    944740      6336   2299988    128956      9024     18820         0
11:07:50 PM     84480    671676   3974760     97.92     59104    667348   6746644    110.80   2066844    944740       400   2300012    128764      9040     18828         0
11:07:51 PM     84232    671428   3975008     97.92     59104    667356   6746644    110.80   2067124    944740       408   2300296    128764      9040     18828         0
11:07:52 PM     78280    665476   3980960     98.07     59104    667356   6750612    110.87   2072948    944740       408   2306172    128764      9040     18836         0
11:07:53 PM     76668    663864   3982572     98.11     59112    667356   6750612    110.87   2074516    944740       824   2307736    128764      9040     18840         0
11:07:54 PM     76668    663864   3982572     98.11     59112    667356   6750612    110.87   2074516    944740       824   2307736    128764      9040     18840         0
11:07:55 PM     76544    663744   3982696     98.11     59112    667364   6750612    110.87   2074560    944744       780   2307736    128764      9040     18840         0
11:07:56 PM     76544    663744   3982696     98.11     59112    667372   6750612    110.87   2074560    944744       804   2307736    128764      9040     18840         0
11:07:57 PM     76544    663744   3982696     98.11     59112    667372   6750612    110.87   2074560    944744       804   2307736    128764      9040     18840         0
11:07:58 PM     76792    663964   3982448     98.11     59116    667372   6750612    110.87   2074560    944744       804   2307736    128712      9040     18840         0
11:07:59 PM     76792    663964   3982448     98.11     59116    667376   6750612    110.87   2074560    944744       808   2307736    128712      9040     18840         0
11:08:00 PM     76528    663752   3982712     98.11     59116    667428   6750612    110.87   2074624    944796       980   2307804    128712      9040     18840         0
11:08:01 PM     75940    663176   3983300     98.13     59116    667432   6750612    110.87   2074760    944804       984   2307976    128712      9024     18840         0
11:08:02 PM     74204    661444   3985036     98.17     59116    667432   6750612    110.87   2076992    944808       984   2310176    128712      9024     18840         0
11:08:03 PM     76264    663504   3982976     98.12     59120    667432   6758548    111.00   2074196    944808      1160   2307392    128708      9040     18848         0
11:08:04 PM     76264    663504   3982976     98.12     59120    667436   6758548    111.00   2074196    944808      1164   2307392    128708      9040     18848         0
11:08:05 PM     76264    663504   3982976     98.12     59120    667444   6758548    111.00   2074364    944808      1172   2307580    128708      9040     18848         0
11:08:06 PM     70372    657664   3988868     98.27     59120    667484   6758548    111.00   2080284    944852      1152   2313600    128704      9040     18848         0
11:08:07 PM     68760    656056   3990480     98.31     59120    667484   6758548    111.00   2081956    944852      1052   2315180    128780      9040     18860         0
11:08:08 PM     68760    656056   3990480     98.31     59128    667476   6758548    111.00   2081956    944852      1236   2315180    128780      9040     18860         0
11:08:09 PM     68760    656056   3990480     98.31     59128    667496   6758548    111.00   2081956    944852      1232   2315184    128768      9040     18860         0
11:08:10 PM     68636    655932   3990604     98.31     59128    667496   6758548    111.00   2081956    944852      1232   2315184    128768      9040     18860         0
11:08:11 PM     68760    656056   3990480     98.31     59128    667496   6758548    111.00   2081956    944852      1232   2315184    128768      9040     18860         0
11:08:12 PM     68760    656056   3990480     98.31     59128    667500   6758548    111.00   2081956    944852      1236   2315184    128768      9040     18860         0
11:08:13 PM     68760    656056   3990480     98.31     59132    667500   6758548    111.00   2081956    944852      1240   2315184    128768      9040     18860         0
11:08:14 PM     68760    656072   3990480     98.31     59132    667508   6758548    111.00   2082008    944856      1244   2315184    128768      9040     18860         0
11:08:15 PM     68760    656072   3990480     98.31     59132    667508   6762548    111.06   2082256    944856      1244   2315404    128768      9040     18860         0
11:08:16 PM     67272    654616   3991968     98.34     59132    667508   6762548    111.06   2084196    944888      1244   2317536    128768      9040     18860         0
11:08:17 PM     69084    656456   3990156     98.30     59132    667512   6766900    111.14   2081368    944916      1164   2314524    128768      9056     18868         0
11:08:18 PM     69084    656456   3990156     98.30     59140    667520   6766900    111.14   2081512    944916      1176   2314712    128772      9056     18868         0
11:08:19 PM     82972    650340   3976268     97.96     57212    649432   6766900    111.14   2074448    937964      1224   2320700    128748      9056     18876         0
11:08:20 PM     81360    648728   3977880     98.00     57212    649432   6766900    111.14   2076016    937964      1224   2322264    128748      9056     18880         0
11:08:21 PM     81484    648852   3977756     97.99     57212    649432   6766900    111.14   2076016    937964      1224   2322264    128748      9056     18880         0
11:08:22 PM     81484    648852   3977756     97.99     57212    649448   6766900    111.14   2076064    937964      1236   2322264    128748      9056     18880         0
11:08:23 PM     81360    648728   3977880     98.00     57220    649440   6766900    111.14   2076064    937964      1420   2322264    128748      9056     18880         0
11:08:24 PM     81360    648732   3977880     98.00     57220    649464   6766900    111.14   2076088    937968      1364   2322280    128752      9056     18880         0
11:08:25 PM     81360    648732   3977880     98.00     57220    649468   6766900    111.14   2076088    937968      1368   2322280    128752      9056     18880         0
11:08:26 PM     81360    648760   3977880     98.00     57220    649472   6766900    111.14   2076108    937988       400   2322280    128752      9056     18880         0
11:08:27 PM     81360    648768   3977880     98.00     57220    649476   6766900    111.14   2076108    937996       464   2322280    128756      9056     18880         0
11:08:28 PM     80740    648144   3978500     98.01     57228    649488   6766900    111.14   2077092    938008       640   2323296    128716      9056     18880         0
11:08:29 PM     81576    648988   3977664     97.99     57228    649488   6766900    111.14   2075448    938012       640   2321616    128716      9056     18880         0
11:08:30 PM     81328    648748   3977912     98.00     57228    649496   6766900    111.14   2075612    938016       648   2321780    128716      9056     18880         0
11:08:31 PM     81176    648596   3978064     98.00     57228    649500   6766900    111.14   2075948    938016       472   2322132    128620      9056     18880         0
11:08:32 PM     74480    641900   3984760     98.17     57228    649504   6766900    111.14   2083116    938016       460   2329348    128620      9056     18892         0
11:08:33 PM     74480    641900   3984760     98.17     57228    649504   6766900    111.14   2083116    938016       484   2329348    128620      9056     18892         0
11:08:34 PM     74480    641900   3984760     98.17     57228    649504   6766900    111.14   2083116    938016       484   2329348    128620      9056     18892         0
11:08:35 PM     74480    641900   3984760     98.17     57228    649512   6766900    111.14   2083116    938016       492   2329348    128620      9056     18892         0
11:08:36 PM     74356    641804   3984884     98.17     57228    649520   6766900    111.14   2083180    938044       508   2329380    128620      9056     18892         0
11:08:37 PM     74356    641804   3984884     98.17     57228    649520   6766900    111.14   2083180    938044       508   2329380    128620      9056     18892         0
11:08:38 PM     74356    641804   3984884     98.17     57232    649520   6766900    111.14   2083180    938044       544   2329380    128620      9056     18892         0
11:08:39 PM     74356    641804   3984884     98.17     57232    649524   6766900    111.14   2083180    938044       548   2329380    128620      9056     18892         0
11:08:40 PM     74232    641680   3985008     98.17     57232    649528   6766900    111.14   2083180    938044       552   2329380    128620      9056     18892         0
11:08:41 PM     73488    640944   3985752     98.19     57232    649528   6770996    111.20   2083916    938052       552   2330136    128620      9056     18892         0
11:08:42 PM     80124    643484   3979116     98.03     57016    645652   6770996    111.20   2080668    935852       552   2328636    128620      9056     18892         0
11:08:43 PM     80556    643912   3978684     98.02     57016    645640   6770996    111.20   2080596    935852       552   2328696    128620      9056     18892         0
11:08:44 PM     80432    643788   3978808     98.02     57016    645640   6770996    111.20   2080968    935852       552   2329068    128620      9056     18892         0
11:08:45 PM     78820    642184   3980420     98.06     57016    645648   6770996    111.20   2082828    935860       636   2330996    128620      9056     18896         0
11:08:46 PM     78820    642188   3980420     98.06     57016    645652   6770996    111.20   2082880    935864       640   2330996    128620      9056     18896         0
11:08:47 PM     78820    642192   3980420     98.06     57016    645652   6770996    111.20   2082884    935864       596   2330996    128620      9056     18896         0
11:08:48 PM     78696    642076   3980544     98.06     57020    645660   6770996    111.20   2082932    935872       632   2330996    128620      9056     18896         0
11:08:49 PM     78696    642076   3980544     98.06     57020    645668   6770996    111.20   2082932    935872       640   2330996    128620      9056     18896         0
11:08:50 PM     78696    642076   3980544     98.06     57020    645668   6770996    111.20   2082932    935872       640   2330996    128620      9056     18896         0
11:08:51 PM     78696    642076   3980544     98.06     57020    645668   6770996    111.20   2082932    935872       640   2330996    128620      9056     18896         0
11:08:52 PM     83160    642464   3976080     97.95     57020    641700   6770996    111.20   2080916    933812       640   2330996    128620      9056     18896         0
11:08:53 PM     82968    642276   3976272     97.96     57028    641588   6770996    111.20   2080948    933812       732   2331028    128620      9056     18896         0
11:08:54 PM     81480    640792   3977760     97.99     57028    641592   6770996    111.20   2082260    933812       736   2332376    128620      9056     18896         0
11:08:55 PM     82968    642292   3976272     97.96     57028    641592   6775128    111.27   2080192    933820       736   2330292    128620      9056     18896         0
11:08:56 PM     82596    641924   3976644     97.97     57028    641596   6775128    111.27   2080456    933824       740   2330536    128620      9056     18896         0
11:08:57 PM     81852    641180   3977388     97.98     57028    641596   6775128    111.27   2081456    933824       740   2331788    128620      9056     18896         0
11:08:58 PM     75528    634860   3983712     98.14     57036    641608   6775128    111.27   2087956    933828       700   2338068    128620      9056     18908         0
11:08:59 PM     75528    634860   3983712     98.14     57036    641608   6775128    111.27   2087956    933828       700   2338068    128620      9056     18908         0
11:09:00 PM     75528    634860   3983712     98.14     57036    641612   6775128    111.27   2087956    933828       704   2338068    128620      9056     18908         0
11:09:01 PM     75404    634780   3983836     98.14     57036    641652   6775128    111.27   2088032    933872       792   2338116    128620      9056     18908         0
11:09:02 PM     75280    634660   3983960     98.15     57036    641656   6775128    111.27   2088052    933876       488   2338116    128620      9056     18908         0
11:09:03 PM     75280    634656   3983960     98.15     57044    641660   6775128    111.27   2088052    933876       668   2338120    128620      9056     18908         0
11:09:04 PM     75280    634656   3983960     98.15     57044    641664   6775128    111.27   2088052    933876       672   2338120    128620      9056     18908         0
11:09:05 PM     75280    634656   3983960     98.15     57044    641664   6775128    111.27   2088052    933876       672   2338120    128620      9056     18908         0
11:09:06 PM     75280    634656   3983960     98.15     57044    641668   6775128    111.27   2088052    933876       676   2338120    128620      9056     18908         0
11:09:07 PM     73916    633304   3985324     98.18     57044    641672   6775128    111.27   2089516    933888       500   2339612    128620      9056     18908         0
11:09:08 PM     75304    634692   3983936     98.14     57048    641676   6775128    111.27   2087360    933888       744   2337452    128620      9056     18908         0
11:09:09 PM     75496    634884   3983744     98.14     57048    641676   6775128    111.27   2087360    933888       744   2337452    128620      9056     18908         0
11:09:10 PM     75496    634884   3983744     98.14     57048    641680   6775128    111.27   2087528    933888       748   2337640    128620      9056     18908         0
11:09:11 PM     75372    634760   3983868     98.14     57048    641684   6775128    111.27   2088032    933888       752   2338144    128620      9056     18908         0
11:09:12 PM     74628    634056   3984612     98.16     57048    641688   6775128    111.27   2088796    933908       756   2338928    128620      9056     18908         0
11:09:13 PM     74504    633932   3984736     98.16     57056    641692   6775128    111.27   2088796    933908       760   2338928    128620      9056     18908         0
11:09:14 PM     74504    633932   3984736     98.16     57056    641692   6775128    111.27   2088796    933908       760   2338928    128620      9056     18908         0
11:09:15 PM     74504    633932   3984736     98.16     57056    641696   6775128    111.27   2088796    933908       764   2338928    128620      9056     18908         0
11:09:16 PM     74504    633932   3984736     98.16     57056    641700   6775128    111.27   2088796    933908       768   2338928    128620      9056     18908         0
11:09:17 PM     74504    633940   3984736     98.16     57056    641704   6775128    111.27   2088840    933912       624   2338928    128624      9056     18908         0
11:09:18 PM     74380    633820   3984860     98.17     57064    641716   6775128    111.27   2088852    933916       800   2338976    128624      9056     18908         0
11:09:19 PM     74380    633820   3984860     98.17     57064    641720   6775128    111.27   2088852    933916       812   2338976    128624      9056     18908         0
11:09:20 PM     71280    630744   3987960     98.24     57064    641724   6775128    111.27   2091984    933940       824   2342088    128624      9056     18908         0
11:09:21 PM     72148    631624   3987092     98.22     57064    641724   6775128    111.27   2091080    933948       824   2341212    128624      9056     18908         0
11:09:22 PM     74628    634124   3984612     98.16     57064    641728   6775128    111.27   2088252    933960       756   2338300    128624      9056     18908         0
11:09:23 PM     74660    634156   3984580     98.16     57072    641728   6775128    111.27   2088420    933960       764   2338488    128592      9056     18908         0
11:09:24 PM     73048    632556   3986192     98.20     57072    641732   6775128    111.27   2090320    933964       768   2340384    128592      9056     18908         0
11:09:25 PM     66724    626232   3992516     98.36     57072    641736   6775128    111.27   2095976    933964       772   2346028    128592      9056     18920         0
11:09:26 PM     66724    626232   3992516     98.36     57072    641736   6775128    111.27   2095976    933964       772   2346028    128592      9056     18920         0
11:09:27 PM     66600    626120   3992640     98.36     57072    641768   6775128    111.27   2096008    933976       820   2346056    128592      9056     18920         0
11:09:28 PM     66600    626120   3992640     98.36     57080    641772   6775128    111.27   2096028    933976       848   2346056    128592      9056     18920         0
11:09:29 PM     66600    626120   3992640     98.36     57080    641780   6775128    111.27   2096028    933976       860   2346056    128592      9056     18920         0
11:09:30 PM     66476    625996   3992764     98.36     57080    641780   6775128    111.27   2096028    933976       860   2346056    128592      9056     18920         0
11:09:31 PM     66476    625996   3992764     98.36     57080    641784   6775128    111.27   2096028    933976       864   2346056    128592      9056     18920         0
11:09:32 PM     66476    626036   3992764     98.36     57080    641788   6775128    111.27   2096052    934008       892   2346076    128592      9056     18920         0
11:09:33 PM     66476    626036   3992764     98.36     57088    641792   6775128    111.27   2096052    934008       752   2346076    128588      9056     18920         0
11:09:34 PM     73296    622896   3985944     98.19     56496    632424   6775128    111.27   2092880    929036       808   2347900    128560      9056     18920         0
11:09:35 PM     75248    624848   3983992     98.15     56496    632424   6775128    111.27   2090388    929036       808   2345388    128560      9056     18920         0
11:09:36 PM     75124    624724   3984116     98.15     56496    632428   6775128    111.27   2090556    929036       812   2345572    128560      9056     18920         0
11:09:37 PM     74628    624228   3984612     98.16     56496    632432   6775128    111.27   2091060    929036       816   2346076    128560      9056     18920         0
11:09:38 PM     73636    623240   3985604     98.19     56504    632440   6775128    111.27   2092572    929040       292   2347636    128564      9056     18924         0
11:09:39 PM     73620    623256   3985620     98.19     56504    632444   6775128    111.27   2092608    929060       456   2347672    128564      9072     18924         0
11:09:40 PM     73496    623132   3985744     98.19     56504    632444   6775128    111.27   2092608    929060       456   2347672    128564      9072     18924         0
11:09:41 PM     73496    623132   3985744     98.19     56504    632448   6775128    111.27   2092608    929060       468   2347680    128564      9040     18924         0
11:09:42 PM     73528    623172   3985712     98.19     56504    632452   6775128    111.27   2092656    929068       472   2347680    128564      9040     18924         0
11:09:43 PM     73528    623172   3985712     98.19     56512    632456   6775128    111.27   2092656    929068       544   2347680    128564      9040     18924         0
11:09:44 PM     73404    623048   3985836     98.19     56512    632460   6775128    111.27   2092656    929068       548   2347680    128564      9040     18924         0
11:09:45 PM     73404    623048   3985836     98.19     56512    632460   6775128    111.27   2092656    929068       548   2347680    128564      9040     18924         0
11:09:46 PM     73404    623048   3985836     98.19     56512    632468   6775128    111.27   2092656    929068       556   2347680    128564      9040     18924         0
11:09:47 PM     71544    621196   3987696     98.24     56512    632472   6775128    111.27   2094588    929076       560   2349624    128564      9040     18924         0
11:09:48 PM     73868    623536   3985372     98.18     56524    632472   6775128    111.27   2091952    929080        76   2346992    128596      9040     18924         0
11:09:49 PM     73620    623300   3985620     98.19     56524    632476   6775128    111.27   2092184    929084       396   2347212    128596      9040     18924         0
11:09:50 PM     73000    622680   3986240     98.20     56524    632480   6775128    111.27   2093060    929084       400   2348084    128596      9040     18924         0
11:09:51 PM     66552    616248   3992688     98.36     56524    632480   6775128    111.27   2099680    929092       400   2354756    128596      9040     18936         0
11:09:52 PM     75356    615224   3983884     98.14     55920    623256   6775128    111.27   2094836    924172       404   2354748    128592      9040     18936         0
11:09:53 PM     75356    615224   3983884     98.14     55928    623256   6775128    111.27   2094836    924172       500   2354748    128592      9040     18936         0
11:09:54 PM     82952    618724   3976288     97.96     55700    619392   6775128    111.27   2092804    922116       504   2354748    128592      9040     18936         0
11:09:55 PM     82828    618600   3976412     97.96     55700    619396   6775128    111.27   2092804    922116       508   2354748    128592      9040     18936         0
11:09:56 PM     82704    618476   3976536     97.96     55700    619400   6775128    111.27   2092804    922116       512   2354748    128592      9040     18936         0
11:09:57 PM     82704    618476   3976536     97.96     55700    619404   6775128    111.27   2092804    922116       536   2354788    128592      9040     18936         0
11:09:58 PM     82580    618352   3976660     97.97     55708    619408   6775128    111.27   2092804    922116       564   2354788    128584      9040     18936         0
11:09:59 PM     82580    618352   3976660     97.97     55708    619412   6775128    111.27   2092804    922116       568   2354788    128584      9040     18936         0
11:10:00 PM     81712    617492   3977528     97.99     55708    619420   6775128    111.27   2093640    922124       576   2355608    128584      9040     18936         0
11:10:01 PM     82280    618088   3976960     97.97     55708    619420   6775128    111.27   2092440    922136       576   2354360    128584      9056     18936         0
11:10:02 PM     82284    618104   3976956     97.97     55708    619420   6775128    111.27   2092480    922148       576   2354360    128584      9056     18936         0
11:10:03 PM     82160    617980   3977080     97.98     55716    619432   6775128    111.27   2092656    922148       748   2354572    128584      9056     18936         0
11:10:04 PM     84732    616416   3974508     97.91     55716    615292   6775128    111.27   2092428    920052       764   2356396    128584      9056     18940         0
11:10:05 PM     84484    616168   3974756     97.92     55716    615296   6775128    111.27   2092428    920052       768   2356396    128584      9056     18940         0
11:10:06 PM     84484    616168   3974756     97.92     55716    615296   6775128    111.27   2092428    920052       768   2356396    128584      9056     18940         0
11:10:07 PM     84484    616168   3974756     97.92     55716    615296   6775128    111.27   2092428    920052       780   2356408    128584      9056     18940         0
11:10:08 PM     84484    616168   3974756     97.92     55724    615304   6775128    111.27   2092428    920052       788   2356408    128584      9056     18940         0
11:10:09 PM     84484    616168   3974756     97.92     55724    615308   6775128    111.27   2092428    920052       792   2356408    128584      9056     18940         0
11:10:10 PM     84484    616168   3974756     97.92     55724    615312   6775128    111.27   2092428    920052       796   2356408    128584      9056     18940         0
11:10:11 PM     84484    616168   3974756     97.92     55724    615312   6775128    111.27   2092428    920052       796   2356408    128584      9056     18940         0
11:10:12 PM     84500    616184   3974740     97.92     55724    615316   6775128    111.27   2092428    920052       800   2356408    128584      9040     18940         0
11:10:13 PM     83756    615460   3975484     97.94     55732    615332   6779224    111.34   2092776    920064       840   2356720    128584      9040     18940         0
11:10:14 PM     82020    613724   3977220     97.98     55732    615336   6779224    111.34   2094848    920064       844   2358812    128584      9040     18940         0
11:10:15 PM     84128    615832   3975112     97.93     55732    615336   6779224    111.34   2092056    920064       844   2355996    128584      9040     18940         0
11:10:16 PM     84128    615832   3975112     97.93     55732    615336   6779224    111.34   2092224    920064       844   2356180    128584      9040     18940         0
11:10:17 PM     78672    610392   3980568     98.06     55732    615340   6779224    111.34   2097928    920072       848   2361904    128584      9040     18948         0
11:10:18 PM     77060    608780   3982180     98.10     55740    615344   6779224    111.34   2099496    920072       852   2363468    128584      9040     18952         0
11:10:19 PM     76936    608664   3982304     98.10     55740    615344   6779224    111.34   2099568    920064       472   2363496    128584      9040     18952         0
11:10:20 PM     76812    608540   3982428     98.11     55740    615344   6779224    111.34   2099568    920064       484   2363496    128584      9040     18952         0
11:10:21 PM     76812    608540   3982428     98.11     55740    615344   6779224    111.34   2099568    920064       484   2363496    128584      9040     18952         0
11:10:22 PM     76812    608584   3982428     98.11     55740    615360   6779224    111.34   2099588    920100       504   2363508    128584      9040     18952         0
11:10:23 PM     76812    608584   3982428     98.11     55748    615364   6779224    111.34   2099588    920100       656   2363508    128592      9040     18952         0
11:10:24 PM     76656    608428   3982584     98.11     55748    615368   6779224    111.34   2099588    920100       336   2363508    128624      9040     18952         0
11:10:25 PM     76656    608428   3982584     98.11     55748    615368   6779224    111.34   2099588    920100       336   2363508    128624      9040     18952         0
11:10:26 PM     76408    608188   3982832     98.12     55748    615384   6779224    111.34   2099632    920108       588   2363656    128624      9040     18952         0
11:10:27 PM     74548    606328   3984692     98.16     55748    615388   6779224    111.34   2101984    920108       592   2365912    128624      9040     18952         0
11:10:28 PM     76624    608404   3982616     98.11     55756    615388   6779224    111.34   2099200    920108       704   2363100    128620      9040     18952         0
11:10:29 PM     76624    608440   3982616     98.11     55756    615388   6779224    111.34   2099356    920140       684   2363284    128620      9040     18952         0
11:10:30 PM     76376    608192   3982864     98.12     55756    615388   6779224    111.34   2099636    920140       684   2363536    128620      9040     18952         0
11:10:31 PM     76376    608192   3982864     98.12     55756    615392   6779224    111.34   2099636    920140       688   2363536    128620      9040     18952         0
11:10:32 PM     76376    608192   3982864     98.12     55756    615396   6779224    111.34   2099636    920140       692   2363536    128620      9040     18952         0
11:10:33 PM     76376    608192   3982864     98.12     55764    615388   6779224    111.34   2099636    920140       692   2363536    128620      9040     18952         0
11:10:34 PM     76556    608384   3982684     98.11     55764    615392   6779224    111.34   2099636    920152         8   2363536    128568      9040     18952         0
11:10:35 PM     76556    608388   3982684     98.11     55764    615416   6779224    111.34   2099652    920156       364   2363572    128564      9040     18952         0
11:10:36 PM     76556    608388   3982684     98.11     55764    615424   6779224    111.34   2099652    920156       372   2363572    128564      9040     18952         0
11:10:37 PM     76556    608388   3982684     98.11     55764    615424   6779224    111.34   2099652    920156       372   2363572    128564      9040     18952         0
11:10:38 PM     76556    608388   3982684     98.11     55772    615428   6779224    111.34   2099652    920156       592   2363572    128564      9040     18952         0
11:10:39 PM     75564    607404   3983676     98.14     55772    615436   6779224    111.34   2100176    920164       600   2364084    128564      9040     18952         0
11:10:40 PM     76048    607888   3983192     98.13     55772    615436   6779224    111.34   2099240    920164       600   2363192    128564      9040     18952         0
11:10:41 PM     76432    608292   3982808     98.12     55772    615448   6779224    111.34   2099276    920184       624   2363156    128564      9040     18952         0
11:10:42 PM     76432    608292   3982808     98.12     55772    615448   6779224    111.34   2099444    920184       624   2363340    128564      9040     18952         0
11:10:43 PM     76432    608292   3982808     98.12     55780    615444   6779224    111.34   2099668    920184       664   2363592    128564      9040     18952         0
11:10:44 PM     76400    608272   3982840     98.12     55780    615448   6779224    111.34   2099676    920192         8   2363592    128620      9040     18952         0
11:10:45 PM     76416    608288   3982824     98.12     55780    615456   6779224    111.34   2099676    920192        36   2363592    128620      9024     18952         0
11:10:46 PM     76416    608288   3982824     98.12     55780    615456   6779224    111.34   2099676    920192        36   2363592    128620      9024     18952         0
11:10:47 PM     76416    608288   3982824     98.12     55780    615456   6779224    111.34   2099676    920192        36   2363592    128620      9024     18952         0
11:10:48 PM     76416    608288   3982824     98.12     55788    615468   6779224    111.34   2099676    920192       104   2363592    128620      9024     18952         0
11:10:49 PM     76292    608164   3982948     98.12     55788    615468   6779224    111.34   2099676    920192       288   2363592    128620      9024     18952         0
11:10:50 PM     76292    608200   3982948     98.12     55788    615484   6779224    111.34   2099716    920220       412   2363624    128620      9024     18952         0
11:10:51 PM     76292    608200   3982948     98.12     55788    615484   6779224    111.34   2099716    920220       412   2363624    128620      9024     18952         0
11:10:52 PM     76292    608200   3982948     98.12     55788    615484   6779224    111.34   2100112    920220       412   2364056    128620      9024     18952         0
11:10:53 PM     74680    606592   3984560     98.16     55792    615488   6779224    111.34   2102068    920224       528   2366004    128596      9024     18952         0
11:10:54 PM     76912    608824   3982328     98.11     55792    615496   6775128    111.27   2099304    920224       532   2363188    128596      9024     18952         0
11:10:55 PM     76912    608824   3982328     98.11     55792    615496   6775128    111.27   2099472    920224       532   2363372    128596      9024     18952         0
11:10:56 PM     76912    608824   3982328     98.11     55792    615496   6775128    111.27   2099696    920224       532   2363624    128596      9024     18952         0
11:10:57 PM     76788    608704   3982452     98.11     55792    615504   6775128    111.27   2099752    920224       592   2363660    128596      9024     18952         0
11:10:58 PM     76664    608636   3982576     98.11     55796    615508   6775128    111.27   2099784    920248       616   2363660    128596      9024     18952         0
11:10:59 PM     76664    608636   3982576     98.11     55796    615508   6775128    111.27   2099784    920248       616   2363660    128596      9024     18952         0
11:11:00 PM     76680    608668   3982560     98.11     55796    615508   6775128    111.27   2099788    920264        24   2363660    128564      9024     18952         0
11:11:01 PM     76696    608684   3982544     98.11     55796    615508   6775128    111.27   2099788    920264        32   2363660    128564      9024     18952         0
11:11:02 PM     76696    608684   3982544     98.11     55796    615508   6775128    111.27   2099788    920264        32   2363660    128564      9024     18952         0
11:11:03 PM     76572    608560   3982668     98.11     55800    615508   6775128    111.27   2099788    920264        36   2363660    128564      9024     18952         0
11:11:04 PM     76572    608560   3982668     98.11     55800    615532   6775128    111.27   2099788    920264       308   2363688    128564      9024     18952         0
11:11:05 PM     80924    608776   3978316     98.01     55800    611384   6775128    111.27   2098872    918100       400   2364720    128564      9024     18952         0
11:11:06 PM     81496    609356   3977744     97.99     55800    611388   6771040    111.20   2097400    918108       404   2363252    128564      9024     18952         0
11:11:07 PM     81372    609232   3977868     98.00     55800    611396   6771040    111.20   2097568    918108       412   2363436    128564      9024     18952         0
11:11:08 PM     81124    608984   3978116     98.00     55804    611396   6771040    111.20   2097680    918108       552   2363544    128564      9024     18952         0
11:11:09 PM     79512    607372   3979728     98.04     55804    611396   6771040    111.20   2099416    918108       552   2365252    128564      9024     18956         0
11:11:10 PM     79388    607248   3979852     98.04     55804    611396   6771040    111.20   2099416    918108       184   2365252    128564      9024     18956         0
11:11:11 PM     79388    607272   3979852     98.04     55804    611408   6771040    111.20   2099456    918124       340   2365284    128560      9024     18956         0
11:11:12 PM     79388    607272   3979852     98.04     55804    611416   6771040    111.20   2099456    918124       348   2365284    128560      9024     18956         0
11:11:13 PM     79388    607272   3979852     98.04     55812    611412   6771040    111.20   2099456    918124       476   2365284    128560      9024     18956         0
11:11:14 PM     79264    607148   3979976     98.05     55812    611412   6771040    111.20   2099456    918124       476   2365284    128560      9024     18956         0
11:11:15 PM     79264    607148   3979976     98.05     55812    611412   6771040    111.20   2099456    918124       504   2365296    128560      9024     18956         0
11:11:16 PM     84492    608248   3974748     97.92     55812    607276   6771040    111.20   2097424    916028       512   2365296    128560      9024     18956         0
11:11:17 PM     84368    608124   3974872     97.92     55812    607280   6771040    111.20   2097424    916028       516   2365296    128560      9024     18956         0
11:11:18 PM     82360    606124   3976880     97.97     55820    607280   6771040    111.20   2099080    916036       528   2366972    128568      9040     18956         0
11:11:19 PM     83848    607612   3975392     97.93     55820    607280   6771040    111.20   2097016    916036       528   2364860    128568      9040     18956         0
11:11:20 PM     83724    607488   3975516     97.94     55820    607280   6771040    111.20   2097140    916036       528   2364984    128568      9040     18956         0
11:11:21 PM     83476    607244   3975764     97.94     55820    607300   6771040    111.20   2097460    916040       548   2365296    128568      9040     18956         0
11:11:22 PM     83476    607244   3975764     97.94     55820    607300   6771040    111.20   2097460    916040       548   2365296    128568      9040     18956         0
11:11:23 PM     83476    607244   3975764     97.94     55828    607292   6771040    111.20   2097460    916040       548   2365296    128568      9040     18956         0
11:11:24 PM     83476    607276   3975764     97.94     55828    607308   6771040    111.20   2097492    916064       612   2365348    128568      9040     18960         0
11:11:25 PM     83476    607276   3975764     97.94     55828    607312   6771040    111.20   2097492    916064       616   2365348    128568      9040     18960         0
11:11:26 PM     83476    607276   3975764     97.94     55828    607312   6771040    111.20   2097492    916064       616   2365348    128568      9040     18960         0
11:11:27 PM     83476    607276   3975764     97.94     55828    607312   6771040    111.20   2097492    916064       616   2365348    128568      9040     18960         0
11:11:28 PM     83492    607296   3975748     97.94     55832    607308   6771040    111.20   2097520    916068       616   2365348    128568      9024     18960         0
11:11:29 PM     83368    607172   3975872     97.95     55832    607316   6771040    111.20   2097520    916068       692   2365348    128568      9024     18960         0
11:11:30 PM     82624    606452   3976616     97.96     55832    607320   6771040    111.20   2097776    915828       696   2365348    128568      9024     18960         0
11:11:31 PM     82128    606004   3977112     97.98     55832    607352   6771040    111.20   2098644    915864       744   2366372    128568      9024     18960         0
11:11:32 PM     82868    606744   3976372     97.96     55832    607352   6771040    111.20   2097456    915864       744   2365036    128568      9024     18960         0
11:11:33 PM     82996    606872   3976244     97.96     55832    607360   6771040    111.20   2097464    915864       760   2365048    128568      9024     18960         0
11:11:34 PM     82872    606748   3976368     97.96     55836    607368   6771040    111.20   2097632    915864       928   2365232    128576      9024     18960         0
11:11:35 PM     81632    605508   3977608     97.99     55836    607372   6771040    111.20   2099344    915864       932   2366972    128576      9024     18960         0
11:11:36 PM     81632    605516   3977608     97.99     55836    607372   6771040    111.20   2099416    915872       932   2367044    128576      9024     18964         0
11:11:37 PM     81632    605516   3977608     97.99     55836    607376   6771040    111.20   2099416    915872       936   2367044    128576      9024     18964         0
11:11:38 PM     81632    605528   3977608     97.99     55836    607380   6771040    111.20   2099460    915884       940   2367044    128576      9024     18964         0
11:11:39 PM     81632    605540   3977608     97.99     55844    607380   6771040    111.20   2099504    915892       940   2367044    128576      9024     18964         0
11:11:40 PM     81632    605540   3977608     97.99     55844    607380   6771040    111.20   2099504    915892       940   2367044    128576      9024     18964         0
11:11:41 PM     81476    605396   3977764     97.99     55848    607400   6771040    111.20   2099528    915900       852   2367076    128620      9024     18964         0
11:11:42 PM     81476    605396   3977764     97.99     55848    607404   6771040    111.20   2099528    915900       864   2367076    128620      9024     18964         0
11:11:43 PM     81476    605396   3977764     97.99     55848    607408   6771040    111.20   2099528    915900       868   2367076    128620      9024     18964         0
11:11:44 PM     80484    604408   3978756     98.02     55856    607408   6771040    111.20   2100516    915896       928   2368096    128612      9024     18964         0
11:11:45 PM     81352    605276   3977888     98.00     55856    607412   6771040    111.20   2099100    915896       932   2366640    128612      9024     18964         0
11:11:46 PM     81352    605276   3977888     98.00     55856    607412   6771040    111.20   2099224    915896       564   2366764    128612      9024     18964         0
11:11:47 PM     81104    605048   3978136     98.00     55856    607428   6771040    111.20   2099432    915912       468   2366980    128612      9024     18964         0
11:11:48 PM     81228    605172   3978012     98.00     55856    607428   6771040    111.20   2099488    915912       468   2367076    128612      9024     18964         0
11:11:49 PM     81104    605048   3978136     98.00     55860    607432   6771040    111.20   2099488    915912       512   2367076    128612      9024     18964         0
11:11:50 PM     81104    605048   3978136     98.00     55860    607432   6771040    111.20   2099488    915912       512   2367076    128612      9024     18964         0
11:11:51 PM     81104    605048   3978136     98.00     55860    607436   6771040    111.20   2099488    915912       516   2367076    128612      9024     18964         0
11:11:52 PM     81104    605048   3978136     98.00     55860    607440   6771040    111.20   2099488    915912       520   2367076    128612      9024     18964         0
11:11:53 PM     80980    604960   3978260     98.01     55860    607440   6771040    111.20   2099512    915944       588   2367124    128612      9024     18964         0
11:11:54 PM     80856    604836   3978384     98.01     55864    607440   6771040    111.20   2099512    915944       644   2367128    128612      9024     18964         0
11:11:55 PM     80856    604844   3978384     98.01     55864    607448   6771040    111.20   2099560    915952       652   2367128    128612      9024     18964         0
11:11:56 PM     80824    604832   3978416     98.01     55864    607452   6771040    111.20   2099568    915964        12   2367128    128644      9024     18964         0
11:11:57 PM     79832    603840   3979408     98.03     55864    607452   6775212    111.27   2100632    915964        32   2368176    128644      9024     18964         0
11:11:58 PM     80824    604832   3978416     98.01     55864    607456   6775212    111.27   2099184    915964        36   2366692    128644      9024     18964         0
11:11:59 PM     80700    604708   3978540     98.01     55868    607468   6775212    111.27   2099352    915964       412   2366900    128644      9024     18964         0
11:12:00 PM     80732    604740   3978508     98.01     55868    607472   6775212    111.27   2099576    915964       416   2367152    128644      9024     18964         0
11:12:01 PM     79212    603228   3980028     98.05     55868    607476   6775212    111.27   2101140    915968       420   2368712    128644      9024     18968         0
11:12:02 PM     79212    603228   3980028     98.05     55868    607476   6775212    111.27   2101140    915968       420   2368712    128644      9024     18968         0
11:12:03 PM     79212    603244   3980028     98.05     55868    607480   6775212    111.27   2101164    915984       424   2368712    128644      9024     18968         0
11:12:04 PM     79212    603244   3980028     98.05     55868    607484   6775212    111.27   2101164    915984       552   2368712    128640      9024     18968         0
11:12:05 PM     79088    603132   3980152     98.05     55868    607500   6775212    111.27   2101208    915996       648   2368736    128640      9024     18968         0
11:12:06 PM     79024    603084   3980216     98.05     55872    607500   6775212    111.27   2101236    916008         4   2368736    128716      9024     18968         0
11:12:07 PM     79088    603148   3980152     98.05     55872    607500   6775212    111.27   2101236    916008        32   2368736    128652      9024     18968         0
11:12:08 PM     79088    603148   3980152     98.05     55872    607500   6775212    111.27   2101236    916008        32   2368736    128652      9024     18968         0
11:12:09 PM     79088    603148   3980152     98.05     55880    607492   6775212    111.27   2101236    916008       216   2368736    128652      9024     18968         0
11:12:10 PM     77724    601784   3981516     98.09     55880    607516   6775212    111.27   2102696    916008       480   2370264    128644      9024     18968         0
11:12:11 PM     79088    603148   3980152     98.05     55880    607516   6775212    111.27   2100800    916008       480   2368320    128644      9024     18968         0
11:12:12 PM     79088    603148   3980152     98.05     55880    607520   6775212    111.27   2100968    916008       484   2368504    128644      9024     18968         0
11:12:13 PM     79088    603148   3980152     98.05     55880    607524   6775212    111.27   2101192    916008       488   2368756    128644      9024     18968         0
11:12:14 PM     79088    603148   3980152     98.05     55888    607528   6775212    111.27   2101192    916008       560   2368756    128644      9024     18968         0
11:12:15 PM     79088    603148   3980152     98.05     55888    607528   6775212    111.27   2101192    916008       560   2368756    128644      9024     18968         0
11:12:16 PM     79088    603148   3980152     98.05     55888    607528   6775212    111.27   2101192    916008       560   2368756    128644      9024     18968         0
11:12:17 PM     84696    604620   3974544     97.91     55888    603384   6775212    111.27   2099136    913972       628   2368780    128644      9024     18968         0
11:12:18 PM     84480    604404   3974760     97.92     55888    603384   6775212    111.27   2099136    913972       628   2368780    128644      9024     18968         0
11:12:19 PM     75432    595356   3983808     98.14     55888    603392   6775212    111.27   2099136    913972       648   2368780    128644      9024     18968         0
11:12:20 PM     75292    595216   3983948     98.15     55888    603396   6775212    111.27   2099136    913972       652   2368780    128644      9024     18968         0
11:12:21 PM     75356    595280   3983884     98.14     55888    603396   6775212    111.27   2099136    913972       652   2368780    128644      9024     18968         0
11:12:22 PM     75228    595164   3984012     98.15     55888    603400   6775212    111.27   2099136    913984        28   2368780    128676      9040     18968         0
11:12:23 PM     73868    593888   3985372     98.18     55888    603492   6775212    111.27   2100348    914060       552   2369996    128676      9024     18972         0
11:12:24 PM     74780    594804   3984460     98.16     55896    603512   6775212    111.27   2098840    914064       952   2368444    128684      9024     18972         0
11:12:25 PM     74844    594868   3984396     98.16     55896    603512   6775212    111.27   2098840    914064       952   2368444    128684      9024     18972         0
11:12:26 PM     74844    594924   3984396     98.16     55896    603520   6775212    111.27   2098864    914096       960   2368444    128684      9024     18972         0
11:12:27 PM     80160    596100   3979080     98.03     55896    599372   6775212    111.27   2096892    911928       960   2368444    128684      9024     18972         0
11:12:28 PM     79664    595628   3979576     98.04     55896    599404   6775212    111.27   2096944    911948      1020   2368504    128684      9024     18972         0
11:12:29 PM     79620    595584   3979620     98.04     55900    599412   6775212    111.27   2096944    911948      1076   2368504    128684      9024     18972         0
11:12:30 PM     84196    562260   3975044     97.93     53992    563536   6795788    111.61   2110172    881164      1084   2388724    128684      9072     18940         0
11:12:31 PM     91516    564372   3967724     97.75     54016    558396   6772540    111.23   2088724    877892      1092   2369148    128400      9136     19068         0
11:12:32 PM     87224    564956   3972016     97.85     54152    563152   6772540    111.23   2089392    881660      1096   2368716    128396      9088     19008         0
11:12:33 PM     80200    564236   3979040     98.02     54488    569100   6772540    111.23   2091384    886900      1100   2369640    128476      9088     19048         0
