Linux 4.9.253-tegra (nano-desktop) 	08/16/2023 	_aarch64_	(4 CPU)

09:05:15 PM     CPU      %usr     %nice      %sys   %iowait    %steal      %irq     %soft    %guest    %gnice     %idle
09:05:16 PM     all     11.28      0.00     14.04      0.00      0.00      0.75      0.75      0.00      0.00     73.18
09:05:17 PM     all     16.79      0.00      0.25      0.00      0.00      0.50      0.25      0.00      0.00     82.21
09:05:18 PM     all     14.29      0.00      0.50      0.00      0.00      0.50      0.50      0.00      0.00     84.21
09:05:19 PM     all     20.60      0.00      0.25      0.00      0.00      0.25      0.25      0.00      0.00     78.64
09:05:20 PM     all     14.04      0.00      0.25      0.25      0.00      0.25      0.25      0.00      0.00     84.96
09:05:21 PM     all     16.79      0.00      0.50      0.00      0.00      0.50      0.50      0.00      0.00     81.70
09:05:22 PM     all     12.78      0.00      0.50      0.00      0.00      0.50      0.25      0.00      0.00     85.96
09:05:23 PM     all     12.81      0.00      0.25      0.00      0.00      0.25      0.75      0.00      0.00     85.93
09:05:24 PM     all     17.84      0.00      0.25      0.00      0.00      0.50      0.25      0.00      0.00     81.16
09:05:25 PM     all     12.53      0.00      0.75      0.00      0.00      0.50      0.50      0.00      0.00     85.71
09:05:26 PM     all     16.08      0.00      0.50      0.00      0.00      0.25      0.25      0.00      0.00     82.91
09:05:27 PM     all     16.04      0.00      0.25      0.00      0.00      0.50      0.50      0.00      0.00     82.71
09:05:28 PM     all     17.09      0.00      0.50      0.00      0.00      0.25      0.50      0.00      0.00     81.66
09:05:29 PM     all     18.70      0.00      0.50      0.00      0.00      0.50      0.25      0.00      0.00     80.05
09:05:30 PM     all     11.81      0.00      0.50      0.25      0.00      0.50      0.50      0.00      0.00     86.43
09:05:31 PM     all     21.55      0.00      0.00      0.00      0.00      0.25      0.25      0.00      0.00     77.94
09:05:32 PM     all     14.86      0.00      0.50      0.00      0.00      0.25      0.25      0.00      0.00     84.13
09:05:33 PM     all     15.33      0.00      0.25      0.00      0.00      0.50      0.50      0.00      0.00     83.42
09:05:34 PM     all     14.82      0.00      0.25      0.00      0.00      0.25      0.25      0.00      0.00     84.42
09:05:35 PM     all     14.65      0.00      0.00      0.25      0.00      0.25      0.25      0.00      0.00     84.60
09:05:36 PM     all     14.07      0.00      0.50      0.00      0.00      0.50      0.50      0.00      0.00     84.42
09:05:37 PM     all     16.75      0.00      0.25      0.00      0.00      0.50      0.25      0.00      0.00     82.25
09:05:38 PM     all     11.81      0.00      0.25      0.00      0.00      0.25      0.50      0.00      0.00     87.19
09:05:39 PM     all     13.32      0.00      0.25      0.00      0.00      0.50      0.25      0.00      0.00     85.68
09:05:40 PM     all     13.10      0.00      0.25      0.00      0.00      0.25      0.50      0.00      0.00     85.89
09:05:41 PM     all     15.50      0.00      0.50      0.00      0.00      0.50      0.50      0.00      0.00     83.00
09:05:42 PM     all     16.62      0.00      0.50      0.00      0.00      0.25      0.25      0.00      0.00     82.37
09:05:43 PM     all     12.19      0.00      0.75      0.00      0.00      0.50      0.50      0.00      0.00     86.07
09:05:44 PM     all     16.88      0.00      0.50      0.00      0.00      0.25      0.25      0.00      0.00     82.12
09:05:45 PM     all     35.84      0.00      5.51      0.00      0.00      0.50      0.25      0.00      0.00     57.89
09:05:46 PM     all     98.75      0.00      0.75      0.00      0.00      0.25      0.25      0.00      0.00      0.00
09:05:47 PM     all     55.50      0.00      0.75      0.00      0.00      0.50      0.50      0.00      0.00     42.75
09:05:48 PM     all     14.00      0.00      0.50      0.00      0.00      0.50      0.50      0.00      0.00     84.50
09:05:49 PM     all      9.09      0.00      0.25      0.00      0.00      0.25      0.25      0.00      0.00     90.15
09:05:50 PM     all     10.47      0.00      1.00      0.25      0.00      0.50      0.25      0.00      0.00     87.53
09:05:51 PM     all     16.50      0.00      0.50      0.00      0.00      0.50      0.50      0.00      0.00     82.00
09:05:52 PM     all     17.47      0.00      0.00      0.00      0.00      0.25      0.25      0.00      0.00     82.03
09:05:53 PM     all     20.75      0.00      0.50      0.00      0.00      0.50      0.75      0.00      0.00     77.50
09:05:54 PM     all     73.87      0.00      0.25      0.00      0.00      0.50      0.50      0.00      0.00     24.87
09:05:55 PM     all     74.44      0.00      0.75      0.00      0.00      0.50      0.50      0.00      0.00     23.81
09:05:56 PM     all     43.72      0.00      0.50      0.00      0.00      0.50      0.25      0.00      0.00     55.03
09:05:57 PM     all     15.79      0.00      0.50      0.00      0.00      0.25      0.50      0.00      0.00     82.96
09:05:58 PM     all     17.88      0.00      0.00      0.00      0.00      0.50      0.25      0.00      0.00     81.36
09:05:59 PM     all     15.33      0.00      0.25      0.00      0.00      0.50      0.50      0.00      0.00     83.42
09:06:00 PM     all     14.32      0.00      1.76      0.00      0.00      0.50      0.50      0.00      0.00     82.91
09:06:01 PM     all     53.52      0.00      0.25      0.00      0.00      0.50      0.50      0.00      0.00     45.23
09:06:02 PM     all     80.20      0.00      1.00      0.00      0.00      0.50      0.50      0.00      0.00     17.79
09:06:03 PM     all     51.01      0.00      0.50      0.00      0.00      0.50      0.25      0.00      0.00     47.74
09:06:04 PM     all     12.81      0.00      0.25      0.00      0.00      0.50      0.50      0.00      0.00     85.93
09:06:05 PM     all     17.00      0.00      0.50      0.25      0.00      0.25      0.25      0.00      0.00     81.75
09:06:06 PM     all     13.35      0.00      0.50      0.00      0.00      0.50      0.50      0.00      0.00     85.14
09:06:07 PM     all     17.79      0.00      0.50      0.00      0.00      0.25      0.50      0.00      0.00     80.95
09:06:08 PM     all     65.16      0.00      0.50      0.00      0.00      0.50      0.50      0.00      0.00     33.33
09:06:09 PM     all     80.00      0.00      0.25      0.00      0.00      0.50      0.50      0.00      0.00     18.75
09:06:10 PM     all     50.38      0.00      0.25      0.00      0.00      0.25      0.25      0.00      0.00     48.87
09:06:11 PM     all     18.00      0.00      0.50      0.00      0.00      0.50      0.25      0.00      0.00     80.75
09:06:12 PM     all     16.37      0.00      0.50      0.00      0.00      0.25      0.25      0.00      0.00     82.62
09:06:13 PM     all     15.04      0.00      0.25      0.00      0.00      0.50      0.50      0.00      0.00     83.71
09:06:14 PM     all     17.38      0.00      0.25      0.00      0.00      0.25      0.25      0.00      0.00     81.86
09:06:15 PM     all     38.44      0.00      0.50      0.00      0.00      0.50      0.50      0.00      0.00     60.05
09:06:16 PM     all      0.25      0.00      0.50      0.00      0.00      0.00      0.00      0.00      0.00     99.24
09:06:17 PM     all      0.00      0.00      0.25      0.00      0.00      0.25      0.00      0.00      0.00     99.50
09:06:18 PM     all      0.25      0.00      0.50      0.00      0.00      0.00      0.25      0.00      0.00     99.00
09:06:19 PM     all     16.33      0.00      0.75      0.00      0.00      0.50      0.25      0.00      0.00     82.16
09:06:20 PM     all     13.00      0.00      0.50      0.00      0.00      0.75      0.50      0.00      0.00     85.25
09:06:21 PM     all     20.25      0.00      0.50      0.00      0.00      0.50      0.25      0.00      0.00     78.50
09:06:22 PM     all     17.38      0.00      0.25      0.00      0.00      0.25      0.25      0.00      0.00     81.86
09:06:23 PM     all     17.09      0.00      0.50      0.00      0.00      0.25      0.50      0.00      0.00     81.66
09:06:24 PM     all     16.58      0.00      0.25      0.00      0.00      0.25      0.25      0.00      0.00     82.66
09:06:25 PM     all     15.75      0.00      0.50      0.25      0.00      0.50      0.25      0.00      0.00     82.75
09:06:26 PM     all     17.25      0.00      0.50      0.00      0.00      0.25      0.50      0.00      0.00     81.50
09:06:27 PM     all     18.80      0.00      0.25      0.00      0.00      0.50      0.50      0.00      0.00     79.95
09:06:28 PM     all     17.09      0.00      0.25      0.00      0.00      0.25      0.25      0.00      0.00     82.16
09:06:29 PM     all     17.79      0.00      0.25      0.00      0.00      0.50      0.50      0.00      0.00     80.95
09:06:30 PM     all     17.63      0.00      0.76      0.00      0.00      0.25      0.25      0.00      0.00     81.11
09:06:31 PM     all     16.62      0.00      0.25      0.00      0.00      0.25      0.25      0.00      0.00     82.62
09:06:32 PM     all     19.80      0.00      0.25      0.00      0.00      0.50      0.50      0.00      0.00     78.95
09:06:33 PM     all     18.55      0.00      0.50      0.00      0.00      0.25      0.25      0.00      0.00     80.45
09:06:34 PM     all     16.92      0.00      0.00      0.00      0.00      0.25      0.25      0.00      0.00     82.58
09:06:35 PM     all     19.05      0.00      0.75      0.00      0.00      0.25      0.25      0.00      0.00     79.70
09:06:36 PM     all     14.96      0.00      0.75      0.00      0.00      0.50      0.50      0.00      0.00     83.29
09:06:37 PM     all     18.84      0.00      0.50      0.00      0.00      0.25      0.25      0.00      0.00     80.15
09:06:38 PM     all     17.29      0.00      0.75      0.00      0.00      0.50      0.25      0.00      0.00     81.20
09:06:39 PM     all     18.05      0.00      0.25      0.00      0.00      0.25      0.50      0.00      0.00     80.95
09:06:40 PM     all     17.79      0.00      0.50      0.25      0.00      0.25      0.25      0.00      0.00     80.95
09:06:41 PM     all     20.25      0.00      1.00      0.00      0.00      0.25      0.25      0.00      0.00     78.25
09:06:42 PM     all     16.96      0.00      0.50      0.00      0.00      0.50      0.25      0.00      0.00     81.80
09:06:43 PM     all     19.65      0.00      0.25      0.00      0.00      0.25      0.25      0.00      0.00     79.60
09:06:44 PM     all     19.60      0.00      0.25      0.00      0.00      0.25      0.25      0.00      0.00     79.65
09:06:45 PM     all     14.82      0.00      0.50      0.25      0.00      0.50      0.50      0.00      0.00     83.42
09:06:46 PM     all     17.84      0.00      0.25      0.00      0.00      0.25      0.25      0.00      0.00     81.41
09:06:47 PM     all     18.20      0.00      0.75      0.00      0.00      0.25      0.50      0.00      0.00     80.30
09:06:48 PM     all     17.42      0.00      0.25      0.00      0.00      0.25      0.25      0.00      0.00     81.82
09:06:49 PM     all     50.25      0.00      6.50      0.00      0.00      0.50      0.25      0.00      0.00     42.50
09:06:50 PM     all     96.75      0.00      2.50      0.00      0.00      0.50      0.25      0.00      0.00      0.00
09:06:51 PM     all     36.18      0.00      1.51      0.00      0.00      0.25      0.50      0.00      0.00     61.56
09:06:52 PM     all     16.46      0.00      1.00      0.00      0.00      0.50      0.25      0.00      0.00     81.80
09:06:53 PM     all     15.04      0.00      0.75      0.00      0.00      0.25      0.50      0.00      0.00     83.46
09:06:54 PM     all     14.54      0.00      0.75      0.00      0.00      0.50      0.25      0.00      0.00     83.96
09:06:55 PM     all     19.30      0.00      1.00      0.00      0.00      0.25      0.25      0.00      0.00     79.20
09:06:56 PM     all     15.79      0.00      0.75      0.00      0.00      0.25      0.50      0.00      0.00     82.71
09:06:57 PM     all     39.60      0.00      0.50      0.00      0.00      0.50      0.25      0.00      0.00     59.15
09:06:58 PM     all     76.06      0.00      2.49      0.00      0.00      0.25      0.50      0.00      0.00     20.70
09:06:59 PM     all     67.25      0.00      2.00      0.00      0.00      0.50      0.25      0.00      0.00     30.00
09:07:00 PM     all     27.43      0.00      1.75      0.25      0.00      0.25      0.50      0.00      0.00     69.83
09:07:01 PM     all     14.93      0.00      1.24      0.00      0.00      0.50      0.50      0.00      0.00     82.84
09:07:02 PM     all     16.58      0.00      0.75      0.00      0.00      0.25      0.25      0.00      0.00     82.16
09:07:03 PM     all     18.45      0.00      0.50      0.00      0.00      0.50      0.50      0.00      0.00     80.05
09:07:04 PM     all     18.45      0.00      1.25      0.00      0.00      0.25      0.25      0.00      0.00     79.80
09:07:05 PM     all     64.52      0.00      2.48      0.00      0.00      0.25      0.25      0.00      0.00     32.51
09:07:06 PM     all     83.96      0.00      1.25      0.00      0.00      0.50      0.25      0.00      0.00     14.04
09:07:07 PM     all     39.05      0.00      1.74      0.00      0.00      0.25      0.50      0.00      0.00     58.46
09:07:08 PM     all     18.00      0.00      1.25      0.00      0.00      0.25      0.25      0.00      0.00     80.25
09:07:09 PM     all     16.67      0.00      1.24      0.00      0.00      0.50      0.25      0.00      0.00     81.34
09:07:10 PM     all     16.17      0.00      1.49      0.00      0.00      0.25      0.50      0.00      0.00     81.59
09:07:11 PM     all     20.40      0.00      1.74      0.00      0.00      0.25      0.25      0.00      0.00     77.36
09:07:12 PM     all     75.93      0.00      1.74      0.00      0.00      0.50      0.25      0.00      0.00     21.59
09:07:13 PM     all     79.30      0.00      1.25      0.00      0.00      0.50      0.50      0.00      0.00     18.45
09:07:14 PM     all     38.61      0.00      1.73      0.00      0.00      0.25      0.25      0.00      0.00     59.16
09:07:15 PM     all     19.55      0.00      1.73      0.25      0.00      0.25      0.25      0.00      0.00     77.97
09:07:16 PM     all     16.09      0.00      1.73      0.00      0.00      0.25      0.50      0.00      0.00     81.44
09:07:17 PM     all     18.23      0.00      1.97      0.00      0.00      0.49      0.25      0.00      0.00     79.06
09:07:18 PM     all     16.34      0.00      1.73      0.00      0.00      0.25      0.25      0.00      0.00     81.44
09:07:19 PM     all     25.19      0.00      1.98      0.00      0.00      0.25      0.25      0.00      0.00     72.35
09:07:20 PM     all      0.00      0.00      2.22      0.00      0.00      0.25      0.25      0.00      0.00     97.28
09:07:21 PM     all      0.00      0.00      1.98      0.00      0.00      0.00      0.00      0.00      0.00     98.02
09:07:22 PM     all      2.46      0.00      2.21      0.00      0.00      0.25      0.00      0.00      0.00     95.09
09:07:23 PM     all     18.07      0.00      1.73      0.00      0.00      0.25      0.50      0.00      0.00     79.46
09:07:24 PM     all     20.20      0.00      2.22      0.00      0.00      0.25      0.25      0.00      0.00     77.09
09:07:25 PM     all     16.83      0.00      2.23      0.25      0.00      0.50      0.25      0.00      0.00     79.95
09:07:26 PM     all     17.62      0.00      1.99      0.00      0.00      0.25      0.25      0.00      0.00     79.90
09:07:27 PM     all     17.24      0.00      1.97      0.00      0.00      0.25      0.49      0.00      0.00     80.05
09:07:28 PM     all     19.70      0.00      1.97      0.00      0.00      0.25      0.25      0.00      0.00     77.83
09:07:29 PM     all     16.79      0.00      1.98      0.00      0.00      0.49      0.25      0.00      0.00     80.49
09:07:30 PM     all     15.27      0.00      2.46      0.00      0.00      0.25      0.49      0.00      0.00     81.53
09:07:31 PM     all     19.26      0.00      2.47      0.00      0.00      0.25      0.25      0.00      0.00     77.78
09:07:32 PM     all     18.23      0.00      2.22      0.00      0.00      0.49      0.25      0.00      0.00     78.82
09:07:33 PM     all     16.46      0.00      1.47      0.00      0.00      0.25      0.49      0.00      0.00     81.33
09:07:34 PM     all     17.66      0.00      1.49      0.00      0.00      0.25      0.25      0.00      0.00     80.35
09:07:35 PM     all     18.47      0.00      1.23      0.00      0.00      0.49      0.49      0.00      0.00     79.31
09:07:36 PM     all     17.96      0.00      1.25      0.00      0.00      0.25      0.25      0.00      0.00     80.30
09:07:37 PM     all     17.75      0.00      0.75      0.00      0.00      0.25      0.25      0.00      0.00     81.00
09:07:38 PM     all     16.42      0.00      1.24      0.00      0.00      0.25      0.50      0.00      0.00     81.59
09:07:39 PM     all     20.45      0.00      0.75      0.00      0.00      0.50      0.25      0.00      0.00     78.05
09:07:40 PM     all     16.38      0.00      1.49      0.25      0.00      0.25      0.25      0.00      0.00     81.39
09:07:41 PM     all     14.93      0.00      0.75      0.00      0.00      0.25      0.50      0.00      0.00     83.58
09:07:42 PM     all     17.41      0.00      1.24      0.00      0.00      0.50      0.25      0.00      0.00     80.60
09:07:43 PM     all     16.38      0.00      1.24      0.00      0.00      0.25      0.25      0.00      0.00     81.89
09:07:44 PM     all     18.05      0.00      0.75      0.00      0.00      0.25      0.50      0.00      0.00     80.45
09:07:45 PM     all     16.46      0.00      1.25      0.00      0.00      0.50      0.25      0.00      0.00     81.55
09:07:46 PM     all     17.00      0.00      0.75      0.00      0.00      0.25      0.50      0.00      0.00     81.50
09:07:47 PM     all     20.00      0.00      0.75      0.00      0.00      0.25      0.25      0.00      0.00     78.75
09:07:48 PM     all     17.21      0.00      0.50      0.00      0.00      0.25      0.25      0.00      0.00     81.80
09:07:49 PM     all     13.50      0.00      0.25      0.00      0.00      0.50      0.25      0.00      0.00     85.50
09:07:50 PM     all     11.75      0.00      0.50      0.00      0.00      0.50      0.50      0.00      0.00     86.75
09:07:51 PM     all     18.59      0.00      0.00      0.00      0.00      0.25      0.25      0.00      0.00     80.90
09:07:52 PM     all     18.00      0.00      0.50      0.00      0.00      0.25      0.25      0.00      0.00     81.00
09:07:53 PM     all     58.54      0.00      6.03      0.00      0.00      0.50      0.25      0.00      0.00     34.67
09:07:54 PM     all     98.00      0.00      1.25      0.00      0.00      0.50      0.25      0.00      0.00      0.00
09:07:55 PM     all     27.39      0.00      1.01      0.00      0.00      0.25      0.50      0.00      0.00     70.85
09:07:56 PM     all     15.17      0.00      0.75      0.00      0.00      0.50      0.25      0.00      0.00     83.33
09:07:57 PM     all     16.41      0.00      0.25      0.00      0.00      0.25      0.25      0.00      0.00     82.83
09:07:58 PM     all     18.25      0.00      0.25      0.00      0.00      0.25      0.50      0.00      0.00     80.75
09:07:59 PM     all     17.09      0.00      0.00      0.00      0.00      0.25      0.25      0.00      0.00     82.41
09:08:00 PM     all     18.50      0.00      1.00      0.25      0.00      0.50      0.50      0.00      0.00     79.25
09:08:01 PM     all     42.46      0.00      0.75      0.00      0.00      0.25      0.25      0.00      0.00     56.28
09:08:02 PM     all     95.26      0.00      0.50      0.00      0.00      0.50      0.25      0.00      0.00      3.49
09:08:03 PM     all     55.50      0.00      0.25      0.00      0.00      0.50      0.50      0.00      0.00     43.25
09:08:04 PM     all     18.64      0.00      0.50      0.00      0.00      0.25      0.25      0.00      0.00     80.35
09:08:05 PM     all     13.78      0.00      0.50      0.00      0.00      0.50      0.50      0.00      0.00     84.71
09:08:06 PM     all     17.63      0.00      0.00      0.00      0.00      0.25      0.25      0.00      0.00     81.86
09:08:07 PM     all     15.83      0.00      0.25      0.00      0.00      0.25      0.25      0.00      0.00     83.42
09:08:08 PM     all     18.30      0.00      0.50      0.00      0.00      0.25      0.25      0.00      0.00     80.70
09:08:09 PM     all     71.07      0.00      0.75      0.00      0.00      0.50      0.50      0.00      0.00     27.18
09:08:10 PM     all     71.75      0.00      0.75      0.00      0.00      0.25      0.25      0.00      0.00     27.00
09:08:11 PM     all     41.50      0.00      0.50      0.00      0.00      0.50      0.25      0.00      0.00     57.25
09:08:12 PM     all     18.55      0.00      0.50      0.00      0.00      0.25      0.25      0.00      0.00     80.45
09:08:13 PM     all     18.55      0.00      0.25      0.00      0.00      0.25      0.50      0.00      0.00     80.45
09:08:14 PM     all     17.38      0.00      0.50      0.00      0.00      0.25      0.25      0.00      0.00     81.61
09:08:15 PM     all     17.54      0.00      0.50      0.25      0.00      0.25      0.25      0.00      0.00     81.20
09:08:16 PM     all     77.50      0.00      0.50      0.00      0.00      0.75      0.50      0.00      0.00     20.75
09:08:17 PM     all     87.69      0.00      0.75      0.00      0.00      0.25      0.25      0.00      0.00     11.06
09:08:18 PM     all     40.55      0.00      0.50      0.00      0.00      0.50      0.50      0.00      0.00     57.96
09:08:19 PM     all     21.11      0.00      0.50      0.00      0.00      0.25      0.00      0.00      0.00     78.14
09:08:20 PM     all     12.59      0.00      0.25      0.00      0.00      0.25      0.50      0.00      0.00     86.40
09:08:21 PM     all     18.30      0.00      0.75      0.00      0.00      0.25      0.25      0.00      0.00     80.45
09:08:22 PM     all     18.09      0.00      0.25      0.00      0.00      0.50      0.25      0.00      0.00     80.90
09:08:23 PM     all     15.15      0.00      0.51      0.00      0.00      0.25      0.51      0.00      0.00     83.59
09:08:24 PM     all     20.80      0.00      0.50      0.00      0.00      0.25      0.25      0.00      0.00     78.20
09:08:25 PM     all     20.30      0.00      0.25      0.00      0.00      0.25      0.25      0.00      0.00     78.95
09:08:26 PM     all     18.20      0.00      0.50      0.00      0.00      0.50      0.50      0.00      0.00     80.30
09:08:27 PM     all     20.85      0.00      0.25      0.25      0.00      0.25      0.25      0.00      0.00     78.14
09:08:28 PM     all     20.60      0.00      0.50      0.00      0.00      0.25      0.25      0.00      0.00     78.39
09:08:29 PM     all     20.00      0.00      0.25      0.00      0.00      0.25      0.25      0.00      0.00     79.25
09:08:30 PM     all     16.75      0.00      0.75      0.25      0.00      0.25      0.50      0.00      0.00     81.50
09:08:31 PM     all     17.42      0.00      0.25      0.00      0.00      0.25      0.25      0.00      0.00     81.82
09:08:32 PM     all     17.25      0.00      0.50      0.00      0.00      0.50      0.25      0.00      0.00     81.50
09:08:33 PM     all     17.17      0.00      0.25      0.00      0.00      0.25      0.25      0.00      0.00     82.07
09:08:34 PM     all     18.09      0.00      0.50      0.00      0.00      0.25      0.50      0.00      0.00     80.65
09:08:35 PM     all     17.59      0.00      0.50      0.00      0.00      0.25      0.25      0.00      0.00     81.41
09:08:36 PM     all     18.59      0.00      0.25      0.00      0.00      0.50      0.25      0.00      0.00     80.40
09:08:37 PM     all     19.10      0.00      0.25      0.00      0.00      0.25      0.25      0.00      0.00     80.15
09:08:38 PM     all     16.16      0.00      0.00      0.00      0.00      0.25      0.25      0.00      0.00     83.33
09:08:39 PM     all     13.00      0.00      0.50      0.00      0.00      0.50      0.50      0.00      0.00     85.50
09:08:40 PM     all     21.55      0.00      0.25      0.25      0.00      0.25      0.25      0.00      0.00     77.44
09:08:41 PM     all     17.38      0.00      0.25      0.00      0.00      0.25      0.25      0.00      0.00     81.86
09:08:42 PM     all     19.05      0.00      0.25      0.00      0.00      0.25      0.25      0.00      0.00     80.20
09:08:43 PM     all     16.29      0.00      0.25      0.00      0.00      0.50      0.50      0.00      0.00     82.46
09:08:44 PM     all     19.19      0.00      0.25      0.00      0.00      0.25      0.25      0.00      0.00     80.05
09:08:45 PM     all     19.05      0.00      0.25      0.00      0.00      0.25      0.25      0.00      0.00     80.20
09:08:46 PM     all     18.18      0.00      0.00      0.00      0.00      0.25      0.25      0.00      0.00     81.31
09:08:47 PM     all     16.75      0.00      0.50      0.00      0.00      0.25      0.25      0.00      0.00     82.25
09:08:48 PM     all     16.29      0.00      0.50      0.00      0.00      0.50      0.50      0.00      0.00     82.21
09:08:49 PM     all     16.62      0.00      0.50      0.00      0.00      0.25      0.25      0.00      0.00     82.37
09:08:50 PM     all     13.00      0.00      0.25      0.00      0.00      0.50      0.50      0.00      0.00     85.75
09:08:51 PM     all     19.35      0.00      0.25      0.00      0.00      0.25      0.25      0.00      0.00     79.90
09:08:52 PM     all     18.89      0.00      0.25      0.00      0.00      0.25      0.25      0.00      0.00     80.35
09:08:53 PM     all     24.94      0.00      5.29      0.00      0.00      0.25      0.25      0.00      0.00     69.27
09:08:54 PM     all     98.75      0.00      0.50      0.00      0.00      0.50      0.25      0.00      0.00      0.00
09:08:55 PM     all     72.00      0.00      0.50      0.00      0.00      0.50      0.50      0.00      0.00     26.50
09:08:56 PM     all     19.90      0.00      0.25      0.00      0.00      0.25      0.25      0.00      0.00     79.35
09:08:57 PM     all     16.29      0.00      0.50      0.00      0.00      0.25      0.25      0.00      0.00     82.71
09:08:58 PM     all     15.40      0.00      0.25      0.00      0.00      0.51      0.51      0.00      0.00     83.33
09:08:59 PM     all     16.79      0.00      0.50      0.00      0.00      0.25      0.25      0.00      0.00     82.21
09:09:00 PM     all     18.64      0.00      1.26      0.25      0.00      0.25      0.25      0.00      0.00     79.35
09:09:01 PM     all     25.00      0.00      0.25      0.00      0.00      0.50      0.50      0.00      0.00     73.75
09:09:02 PM     all     65.08      0.00      0.50      0.00      0.00      0.25      0.25      0.00      0.00     33.92
09:09:03 PM     all     86.47      0.00      0.25      0.00      0.00      0.50      0.25      0.00      0.00     12.53
09:09:04 PM     all     44.08      0.00      0.25      0.00      0.00      0.50      0.50      0.00      0.00     54.66
09:09:05 PM     all     16.33      0.00      0.50      0.00      0.00      0.25      0.25      0.00      0.00     82.66
09:09:06 PM     all     16.83      0.00      0.50      0.00      0.00      0.25      0.50      0.00      0.00     81.91
09:09:07 PM     all     18.59      0.00      0.25      0.00      0.00      0.25      0.25      0.00      0.00     80.65
09:09:08 PM     all     17.29      0.00      0.50      0.00      0.00      0.50      0.50      0.00      0.00     81.20
09:09:09 PM     all     42.71      0.00      0.25      0.00      0.00      0.25      0.25      0.00      0.00     56.53
09:09:10 PM     all     82.91      0.00      0.50      0.00      0.00      0.25      0.25      0.00      0.00     16.08
09:09:11 PM     all     60.35      0.00      0.50      0.00      0.00      0.50      0.50      0.00      0.00     38.15
09:09:12 PM     all     17.59      0.00      0.50      0.00      0.00      0.25      0.25      0.00      0.00     81.41
09:09:13 PM     all     13.38      0.00      0.25      0.00      0.00      0.51      0.25      0.00      0.00     85.61
09:09:14 PM     all     19.50      0.00      0.25      0.00      0.00      0.25      0.50      0.00      0.00     79.50
09:09:15 PM     all     23.31      0.00      0.75      0.25      0.00      0.25      0.25      0.00      0.00     75.19
09:09:16 PM     all     48.49      0.00      1.01      0.00      0.00      0.50      0.25      0.00      0.00     49.75
09:09:17 PM     all     82.75      0.00      0.25      0.00      0.00      0.25      0.50      0.00      0.00     16.25
09:09:18 PM     all     58.90      0.00      0.50      0.00      0.00      0.50      0.25      0.00      0.00     39.85
09:09:19 PM     all     19.05      0.00      0.50      0.00      0.00      0.25      0.25      0.00      0.00     79.95
09:09:20 PM     all     16.37      0.00      0.50      0.00      0.00      0.25      0.50      0.00      0.00     82.37
09:09:21 PM     all     17.50      0.00      0.25      0.00      0.00      0.50      0.25      0.00      0.00     81.50
09:09:22 PM     all     22.61      0.00      0.25      0.00      0.00      0.25      0.25      0.00      0.00     76.63
09:09:23 PM     all     44.25      0.00      0.75      0.00      0.00      0.25      0.25      0.00      0.00     54.50
09:09:24 PM     all      1.50      0.00      0.75      0.00      0.00      0.25      0.25      0.00      0.00     97.24
09:09:25 PM     all      0.25      0.00      0.00      0.00      0.00      0.00      0.00      0.00      0.00     99.75
09:09:26 PM     all      0.25      0.00      0.50      0.00      0.00      0.00      0.00      0.00      0.00     99.25
09:09:27 PM     all      0.25      0.00      0.25      0.00      0.00      0.25      0.00      0.00      0.00     99.24
09:09:28 PM     all      0.50      0.00      0.75      0.00      0.00      0.00      0.25      0.00      0.00     98.50
09:09:29 PM     all      0.00      0.00      0.00      0.00      0.00      0.25      0.00      0.00      0.00     99.75
09:09:30 PM     all     16.29      0.00      0.50      0.25      0.00      0.50      0.25      0.00      0.00     82.21
09:09:31 PM     all     14.82      0.00      0.50      0.00      0.00      0.75      0.50      0.00      0.00     83.42
09:09:32 PM     all     17.00      0.00      0.50      0.00      0.00      0.50      0.50      0.00      0.00     81.50
09:09:33 PM     all     18.43      0.00      0.00      0.00      0.00      0.25      0.25      0.00      0.00     81.06
09:09:34 PM     all     19.35      0.00      0.50      0.00      0.00      0.25      0.25      0.00      0.00     79.65
09:09:35 PM     all     19.95      0.00      0.00      0.00      0.00      0.25      0.25      0.00      0.00     79.55
09:09:36 PM     all     17.54      0.00      0.25      0.00      0.00      0.50      0.50      0.00      0.00     81.20
09:09:37 PM     all     15.87      0.00      0.25      0.00      0.00      0.25      0.25      0.00      0.00     83.38
09:09:38 PM     all     17.96      0.00      0.50      0.00      0.00      0.25      0.50      0.00      0.00     80.80
09:09:39 PM     all     19.25      0.00      0.50      0.00      0.00      0.50      0.25      0.00      0.00     79.50
09:09:40 PM     all     16.67      0.00      0.51      0.00      0.00      0.25      0.25      0.00      0.00     82.32
09:09:41 PM     all     14.79      0.00      0.25      0.00      0.00      0.25      0.50      0.00      0.00     84.21
09:09:42 PM     all     20.55      0.00      0.25      0.00      0.00      0.25      0.25      0.00      0.00     78.70
09:09:43 PM     all     17.54      0.00      0.50      0.00      0.00      0.50      0.25      0.00      0.00     81.20
09:09:44 PM     all     18.69      0.00      0.00      0.00      0.00      0.25      0.25      0.00      0.00     80.81
09:09:45 PM     all     20.30      0.00      0.50      0.25      0.00      0.25      0.25      0.00      0.00     78.45
09:09:46 PM     all     16.04      0.00      0.25      0.00      0.00      0.25      0.50      0.00      0.00     82.96
09:09:47 PM     all     19.65      0.00      0.25      0.00      0.00      0.25      0.25      0.00      0.00     79.60
09:09:48 PM     all     16.54      0.00      0.50      0.00      0.00      0.50      0.25      0.00      0.00     82.21
09:09:49 PM     all     18.34      0.00      0.00      0.00      0.00      0.25      0.25      0.00      0.00     81.16
09:09:50 PM     all     16.54      0.00      0.75      0.00      0.00      0.25      0.50      0.00      0.00     81.95
09:09:51 PM     all     15.08      0.00      0.50      0.00      0.00      0.50      0.25      0.00      0.00     83.67
09:09:52 PM     all     19.05      0.00      0.25      0.00      0.00      0.25      0.25      0.00      0.00     80.20
09:09:53 PM     all     19.14      0.00      0.25      0.00      0.00      0.25      0.25      0.00      0.00     80.10
09:09:54 PM     all     19.75      0.00      0.25      0.00      0.00      0.25      0.25      0.00      0.00     79.50
09:09:55 PM     all     18.00      0.00      0.75      0.00      0.00      0.25      0.50      0.00      0.00     80.50
09:09:56 PM     all     16.08      0.00      0.25      0.00      0.00      0.50      0.25      0.00      0.00     82.91
09:09:57 PM     all     18.34      0.00      0.00      0.00      0.00      0.25      0.25      0.00      0.00     81.16
09:09:58 PM     all     17.59      0.00      0.50      0.00      0.00      0.25      0.25      0.00      0.00     81.41
09:09:59 PM     all     20.25      0.00      0.50      0.00      0.00      0.25      0.25      0.00      0.00     78.75
09:10:00 PM     all     47.22      0.00      6.31      0.00      0.00      0.51      0.25      0.00      0.00     45.71
09:10:01 PM     all     98.01      0.00      1.00      0.00      0.00      0.50      0.50      0.00      0.00      0.00
09:10:02 PM     all     45.36      0.00      0.50      0.00      0.00      0.50      0.50      0.00      0.00     53.13
09:10:03 PM     all     14.36      0.00      0.50      0.00      0.00      0.25      0.25      0.00      0.00     84.63
09:10:04 PM     all     14.57      0.00      0.25      0.00      0.00      0.25      0.25      0.00      0.00     84.67
09:10:05 PM     all     19.10      0.00      0.25      0.25      0.00      0.25      0.50      0.00      0.00     79.65
09:10:06 PM     all     20.05      0.00      0.50      0.00      0.00      0.50      0.25      0.00      0.00     78.70
09:10:07 PM     all     15.58      0.00      0.50      0.00      0.00      0.25      0.25      0.00      0.00     83.42
09:10:08 PM     all     35.18      0.00      0.25      0.00      0.00      0.25      0.25      0.00      0.00     64.07
09:10:09 PM     all     85.00      0.00      1.00      0.00      0.00      0.50      0.50      0.00      0.00     13.00
09:10:10 PM     all     67.67      0.00      0.75      0.00      0.00      0.50      0.25      0.00      0.00     30.83
09:10:11 PM     all     29.15      0.00      0.25      0.00      0.00      0.25      0.25      0.00      0.00     70.10
09:10:12 PM     all     18.00      0.00      0.50      0.00      0.00      0.25      0.50      0.00      0.00     80.75
09:10:13 PM     all     15.54      0.00      0.50      0.00      0.00      0.25      0.25      0.00      0.00     83.46
09:10:14 PM     all     19.75      0.00      0.25      0.00      0.00      0.50      0.25      0.00      0.00     79.25
09:10:15 PM     all     20.00      0.00      0.50      0.50      0.00      0.25      0.25      0.00      0.00     78.50
09:10:16 PM     all     71.93      0.00      0.50      0.00      0.00      0.50      0.50      0.00      0.00     26.57
09:10:17 PM     all     81.11      0.00      0.25      0.00      0.00      0.25      0.25      0.00      0.00     18.14
09:10:18 PM     all     33.00      0.00      0.50      0.00      0.00      0.50      0.50      0.00      0.00     65.50
09:10:19 PM     all     19.10      0.00      0.25      0.00      0.00      0.25      0.25      0.00      0.00     80.15
09:10:20 PM     all     16.62      0.00      0.25      0.00      0.00      0.25      0.25      0.00      0.00     82.62
09:10:21 PM     all     17.42      0.00      0.25      0.00      0.00      0.25      0.25      0.00      0.00     81.82
09:10:22 PM     all     28.64      0.00      0.25      0.00      0.00      0.25      0.25      0.00      0.00     70.60
09:10:23 PM     all     80.25      0.00      1.00      0.00      0.00      0.50      0.50      0.00      0.00     17.75
09:10:24 PM     all     76.44      0.00      0.50      0.00      0.00      0.50      0.25      0.00      0.00     22.31
09:10:25 PM     all     30.73      0.00      0.25      0.00      0.00      0.25      0.50      0.00      0.00     68.26
09:10:26 PM     all     18.05      0.00      0.50      0.00      0.00      0.25      0.25      0.00      0.00     80.95
09:10:27 PM     all     19.60      0.00      0.25      0.00      0.00      0.25      0.50      0.00      0.00     79.40
09:10:28 PM     all     15.04      0.00      0.50      0.00      0.00      0.50      0.25      0.00      0.00     83.71
09:10:29 PM     all     15.91      0.00      0.25      0.00      0.00      0.25      0.25      0.00      0.00     83.33
09:10:30 PM     all     19.85      0.00      0.75      0.25      0.00      0.25      0.50      0.00      0.00     78.39
09:10:31 PM     all      0.25      0.00      0.25      0.00      0.00      0.25      0.00      0.00      0.00     99.24
09:10:32 PM     all      0.00      0.00      0.25      0.00      0.00      0.00      0.00      0.00      0.00     99.75
09:10:33 PM     all      2.25      0.00      0.50      0.00      0.00      0.25      0.25      0.00      0.00     96.75
09:10:34 PM     all     16.33      0.00      0.25      0.00      0.00      0.50      0.25      0.00      0.00     82.66
09:10:35 PM     all     18.25      0.00      0.50      0.00      0.00      0.50      0.25      0.00      0.00     80.50
09:10:36 PM     all     17.34      0.00      0.00      0.00      0.00      0.25      0.25      0.00      0.00     82.16
09:10:37 PM     all     19.05      0.00      0.50      0.00      0.00      0.50      0.25      0.00      0.00     79.70
09:10:38 PM     all     19.60      0.00      0.25      0.00      0.00      0.25      0.50      0.00      0.00     79.40
09:10:39 PM     all     18.59      0.00      0.50      0.00      0.00      0.25      0.25      0.00      0.00     80.40
09:10:40 PM     all     17.84      0.00      0.25      0.00      0.00      0.25      0.50      0.00      0.00     81.16
09:10:41 PM     all     19.35      0.00      0.50      0.00      0.00      0.25      0.25      0.00      0.00     79.65
09:10:42 PM     all     15.08      0.00      0.25      0.00      0.00      0.50      0.50      0.00      0.00     83.67
09:10:43 PM     all     15.58      0.00      0.25      0.00      0.00      0.25      0.25      0.00      0.00     83.67
09:10:44 PM     all     15.54      0.00      0.50      0.00      0.00      0.25      0.25      0.00      0.00     83.46
09:10:45 PM     all     19.50      0.00      0.50      0.25      0.00      0.50      0.50      0.00      0.00     78.75
09:10:46 PM     all     16.58      0.00      0.25      0.00      0.00      0.25      0.25      0.00      0.00     82.66
09:10:47 PM     all     19.14      0.00      0.50      0.00      0.00      0.25      0.25      0.00      0.00     79.85
09:10:48 PM     all     18.34      0.00      0.25      0.00      0.00      0.25      0.25      0.00      0.00     80.90
09:10:49 PM     all     18.20      0.00      0.50      0.00      0.00      0.50      0.50      0.00      0.00     80.30
09:10:50 PM     all     19.19      0.00      0.25      0.25      0.00      0.25      0.25      0.00      0.00     79.80
09:10:51 PM     all     15.96      0.00      0.50      0.00      0.00      0.50      0.50      0.00      0.00     82.54
09:10:52 PM     all     16.88      0.00      0.50      0.00      0.00      0.25      0.25      0.00      0.00     82.12
09:10:53 PM     all     16.83      0.00      0.50      0.00      0.00      0.25      0.25      0.00      0.00     82.16
09:10:54 PM     all     17.38      0.00      0.25      0.00      0.00      0.25      0.50      0.00      0.00     81.61
09:10:55 PM     all     18.05      0.00      0.75      0.00      0.00      0.50      0.25      0.00      0.00     80.45
09:10:56 PM     all     17.79      0.00      0.25      0.00      0.00      0.25      0.25      0.00      0.00     81.45
09:10:57 PM     all     17.04      0.00      0.25      0.00      0.00      0.50      0.50      0.00      0.00     81.70
09:10:58 PM     all     18.14      0.00      0.25      0.00      0.00      0.25      0.25      0.00      0.00     81.11
09:10:59 PM     all     18.59      0.00      0.25      0.00      0.00      0.25      0.50      0.00      0.00     80.40
09:11:00 PM     all     18.84      0.00      1.76      0.00      0.00      0.25      0.25      0.00      0.00     78.89
09:11:01 PM     all     17.13      0.00      0.25      0.00      0.00      0.50      0.25      0.00      0.00     81.86
09:11:02 PM     all     17.59      0.00      0.00      0.00      0.00      0.25      0.50      0.00      0.00     81.66
09:11:03 PM     all     20.55      0.00      0.75      0.00      0.00      0.25      0.25      0.00      0.00     78.20
09:11:04 PM     all     63.16      0.00      6.77      0.00      0.00      0.50      0.25      0.00      0.00     29.32
09:11:05 PM     all     96.00      0.00      3.25      0.00      0.00      0.50      0.25      0.00      0.00      0.00
09:11:06 PM     all     27.32      0.00      1.50      0.00      0.00      0.25      0.50      0.00      0.00     70.43
09:11:07 PM     all     14.54      0.00      0.25      0.00      0.00      0.50      0.50      0.00      0.00     84.21
09:11:08 PM     all     14.54      0.00      0.50      0.00      0.00      0.25      0.25      0.00      0.00     84.46
09:11:09 PM     all     18.30      0.00      1.00      0.00      0.00      0.25      0.25      0.00      0.00     80.20
09:11:10 PM     all     19.35      0.00      1.26      0.00      0.00      0.25      0.25      0.00      0.00     78.89
09:11:11 PM     all     18.95      0.00      0.75      0.00      0.00      0.25      0.25      0.00      0.00     79.80
09:11:12 PM     all     41.35      0.00      1.25      0.00      0.00      0.50      0.25      0.00      0.00     56.64
09:11:13 PM     all     77.50      0.00      2.25      0.00      0.00      0.50      0.50      0.00      0.00     19.25
09:11:14 PM     all     66.42      0.00      1.75      0.00      0.00      0.25      0.25      0.00      0.00     31.33
09:11:15 PM     all     21.29      0.00      1.24      0.25      0.00      0.50      0.74      0.00      0.00     75.99
09:11:16 PM     all     14.54      0.00      0.75      0.00      0.00      0.25      0.25      0.00      0.00     84.21
09:11:17 PM     all     17.46      0.00      1.50      0.00      0.00      0.25      0.50      0.00      0.00     80.30
09:11:18 PM     all     16.50      0.00      0.75      0.00      0.00      0.50      0.25      0.00      0.00     82.00
09:11:19 PM     all     32.34      0.00      1.74      0.00      0.00      0.25      0.25      0.00      0.00     65.42
09:11:20 PM     all     62.41      0.00      2.01      0.00      0.00      0.50      0.50      0.00      0.00     34.59
09:11:21 PM     all     57.71      0.00      2.49      0.00      0.00      0.25      0.50      0.00      0.00     39.05
09:11:22 PM     all     45.52      0.00      2.24      0.00      0.00      0.50      0.25      0.00      0.00     51.49
09:11:23 PM     all     19.40      0.00      1.49      0.00      0.00      0.25      0.25      0.00      0.00     78.61
09:11:24 PM     all     19.70      0.00      1.97      0.00      0.00      0.25      0.49      0.00      0.00     77.59
09:11:25 PM     all     19.31      0.00      1.49      0.25      0.00      0.25      0.25      0.00      0.00     78.47
09:11:26 PM     all     45.89      0.00      1.75      0.00      0.00      0.50      0.50      0.00      0.00     51.37
09:11:27 PM     all     59.35      0.00      2.24      0.00      0.00      0.50      0.25      0.00      0.00     37.66
09:11:28 PM     all     63.52      0.00      1.49      0.00      0.00      0.25      0.50      0.00      0.00     34.24
09:11:29 PM     all     46.40      0.00      1.49      0.00      0.00      0.25      0.25      0.00      0.00     51.61
09:11:30 PM     all     17.37      0.00      1.74      0.00      0.00      0.50      0.25      0.00      0.00     80.15
09:11:31 PM     all     19.80      0.00      1.73      0.00      0.00      0.25      0.50      0.00      0.00     77.72
09:11:32 PM     all     19.01      0.00      1.98      0.00      0.00      0.25      0.25      0.00      0.00     78.52
09:11:33 PM     all     31.36      0.00      2.22      0.00      0.00      0.25      0.25      0.00      0.00     65.93
09:11:34 PM     all     30.45      0.00      1.98      0.00      0.00      0.50      0.25      0.00      0.00     66.83
09:11:35 PM     all      0.25      0.00      1.98      0.00      0.00      0.00      0.00      0.00      0.00     97.78
09:11:36 PM     all      0.00      0.00      1.97      0.00      0.00      0.00      0.25      0.00      0.00     97.78
09:11:37 PM     all      7.16      0.00      2.47      0.00      0.00      0.49      0.00      0.00      0.00     89.88
09:11:38 PM     all     16.26      0.00      1.97      0.00      0.00      0.74      0.49      0.00      0.00     80.54
09:11:39 PM     all     15.88      0.00      1.99      0.00      0.00      0.50      0.25      0.00      0.00     81.39
09:11:40 PM     all     16.30      0.00      1.98      0.25      0.00      0.25      0.49      0.00      0.00     80.74
09:11:41 PM     all     15.67      0.00      1.74      0.00      0.00      0.25      0.25      0.00      0.00     82.09
09:11:42 PM     all     16.75      0.00      1.72      0.00      0.00      0.49      0.49      0.00      0.00     80.54
09:11:43 PM     all     17.53      0.00      2.22      0.00      0.00      0.25      0.49      0.00      0.00     79.51
09:11:44 PM     all     18.27      0.00      1.73      0.00      0.00      0.25      0.25      0.00      0.00     79.51
09:11:45 PM     all     19.65      0.00      1.74      0.00      0.00      0.25      0.25      0.00      0.00     78.11
09:11:46 PM     all     16.58      0.00      1.49      0.00      0.00      0.25      0.25      0.00      0.00     81.44
09:11:47 PM     all     16.17      0.00      1.49      0.00      0.00      0.50      0.25      0.00      0.00     81.59
09:11:48 PM     all     18.66      0.00      1.00      0.00      0.00      0.25      0.50      0.00      0.00     79.60
09:11:49 PM     all     17.33      0.00      0.99      0.00      0.00      0.50      0.25      0.00      0.00     80.94
09:11:50 PM     all     15.67      0.00      1.00      0.00      0.00      0.25      0.50      0.00      0.00     82.59
09:11:51 PM     all     16.17      0.00      1.24      0.00      0.00      0.25      0.50      0.00      0.00     81.84
09:11:52 PM     all     19.00      0.00      1.00      0.00      0.00      0.25      0.25      0.00      0.00     79.50
09:11:53 PM     all     15.21      0.00      1.00      0.00      0.00      0.50      0.25      0.00      0.00     83.04
09:11:54 PM     all     15.42      0.00      1.00      0.00      0.00      0.25      0.50      0.00      0.00     82.84
09:11:55 PM     all     16.92      0.00      1.00      0.25      0.00      0.25      0.25      0.00      0.00     81.34
09:11:56 PM     all     18.66      0.00      1.49      0.00      0.00      0.25      0.25      0.00      0.00     79.35
09:11:57 PM     all     17.16      0.00      1.24      0.00      0.00      0.50      0.25      0.00      0.00     80.85
09:11:58 PM     all     15.71      0.00      1.00      0.00      0.00      0.25      0.50      0.00      0.00     82.54
09:11:59 PM     all     19.31      0.00      1.73      0.00      0.00      0.50      0.25      0.00      0.00     78.22
09:12:00 PM     all     18.70      0.00      1.75      0.00      0.00      0.25      0.25      0.00      0.00     79.05
09:12:01 PM     all     18.20      0.00      1.00      0.00      0.00      0.25      0.50      0.00      0.00     80.05
09:12:02 PM     all     17.96      0.00      1.00      0.00      0.00      0.25      0.25      0.00      0.00     80.55
09:12:03 PM     all     17.62      0.00      0.99      0.00      0.00      0.50      0.50      0.00      0.00     80.40
09:12:04 PM     all     20.40      0.00      0.50      0.00      0.00      0.25      0.25      0.00      0.00     78.61
09:12:05 PM     all     19.50      0.00      0.50      0.25      0.00      0.25      0.25      0.00      0.00     79.25
09:12:06 PM     all     18.61      0.00      0.50      0.00      0.00      0.25      0.50      0.00      0.00     80.15
09:12:07 PM     all     18.95      0.00      0.50      0.00      0.00      0.25      0.25      0.00      0.00     80.05
09:12:08 PM     all     80.00      0.00      5.75      0.00      0.00      0.50      0.25      0.00      0.00     13.50
09:12:09 PM     all     90.98      0.00      0.75      0.00      0.00      0.50      0.25      0.00      0.00      7.52
09:12:10 PM     all     15.33      0.00      0.75      0.00      0.00      0.25      0.25      0.00      0.00     83.42
09:12:11 PM     all     17.75      0.00      0.50      0.00      0.00      0.50      0.50      0.00      0.00     80.75
09:12:12 PM     all     17.63      0.00      0.25      0.00      0.00      0.25      0.25      0.00      0.00     81.61
09:12:13 PM     all     19.45      0.00      0.75      0.00      0.00      0.25      0.25      0.00      0.00     79.30
09:12:14 PM     all     20.00      0.00      0.25      0.00      0.00      0.25      0.50      0.00      0.00     79.00
09:12:15 PM     all     17.93      0.00      0.25      0.00      0.00      0.51      0.25      0.00      0.00     81.06
09:12:16 PM     all     50.75      0.00      0.75      0.00      0.00      0.25      0.50      0.00      0.00     47.75
09:12:17 PM     all     89.45      0.00      0.50      0.00      0.00      0.50      0.25      0.00      0.00      9.30
09:12:18 PM     all     53.13      0.00      0.75      0.00      0.00      0.25      0.50      0.00      0.00     45.36
09:12:19 PM     all     15.29      0.00      0.75      0.00      0.00      0.50      0.25      0.00      0.00     83.21
09:12:20 PM     all     11.31      0.00      0.25      0.25      0.00      0.25      0.50      0.00      0.00     87.44
09:12:21 PM     all     17.84      0.00      0.25      0.00      0.00      0.50      0.25      0.00      0.00     81.16
09:12:22 PM     all     17.04      0.00      0.25      0.00      0.00      0.25      0.25      0.00      0.00     82.21
09:12:23 PM     all     42.96      0.00      0.25      0.00      0.00      0.50      0.50      0.00      0.00     55.78
09:12:24 PM     all     74.62      0.00      0.50      0.00      0.00      0.25      0.25      0.00      0.00     24.37
09:12:25 PM     all     70.07      0.00      0.75      0.00      0.00      0.50      0.50      0.00      0.00     28.18
09:12:26 PM     all     15.37      0.00      0.25      0.00      0.00      0.25      0.25      0.00      0.00     83.88
09:12:27 PM     all     18.84      0.00      0.25      0.00      0.00      0.25      0.25      0.00      0.00     80.40
09:12:28 PM     all     19.44      0.00      0.25      0.00      0.00      0.25      0.25      0.00      0.00     79.80
09:12:29 PM     all     21.55      0.00      0.25      0.00      0.00      0.50      0.50      0.00      0.00     77.19
09:12:30 PM     all     56.53      0.00      0.25      0.00      0.00      0.25      0.25      0.00      0.00     42.71
09:12:31 PM     all     79.60      0.00      0.00      0.00      0.00      0.50      0.25      0.00      0.00     19.65
09:12:32 PM     all     61.11      0.00      0.51      0.00      0.00      0.25      0.51      0.00      0.00     37.63
09:12:33 PM     all     18.59      0.00      0.25      0.00      0.00      0.50      0.25      0.00      0.00     80.40
09:12:34 PM     all     17.84      0.00      0.25      0.00      0.00      0.25      0.25      0.00      0.00     81.41
09:12:35 PM     all     19.75      0.00      0.50      0.00      0.00      0.25      0.50      0.00      0.00     79.00
09:12:36 PM     all     19.14      0.00      0.50      0.00      0.00      0.25      0.25      0.00      0.00     79.85
09:12:37 PM     all     44.39      0.00      0.50      0.00      0.00      0.50      0.25      0.00      0.00     54.36
09:12:38 PM     all     26.07      0.00      0.75      0.50      0.00      0.25      0.25      0.00      0.00     72.18
09:12:39 PM     all      0.25      0.00      0.25      0.00      0.00      0.00      0.00      0.00      0.00     99.50
09:12:40 PM     all      0.25      0.00      0.50      0.00      0.00      0.25      0.25      0.00      0.00     98.76
09:12:41 PM     all      0.00      0.00      0.51      0.00      0.00      0.00      0.00      0.00      0.00     99.49
09:12:42 PM     all      0.25      0.00      0.50      0.00      0.00      0.25      0.00      0.00      0.00     99.00
09:12:43 PM     all      0.00      0.00      0.75      0.00      0.00      0.00      0.00      0.00      0.00     99.25
09:12:44 PM     all      6.98      0.00      0.50      0.00      0.00      0.25      0.25      0.00      0.00     92.02
09:12:45 PM     all     18.09      0.00      0.75      0.00      0.00      0.75      0.25      0.00      0.00     80.15
09:12:46 PM     all     17.84      0.00      0.25      0.00      0.00      0.25      0.50      0.00      0.00     81.16
09:12:47 PM     all     17.09      0.00      0.25      0.00      0.00      0.50      0.25      0.00      0.00     81.91
09:12:48 PM     all     15.29      0.00      0.50      0.00      0.00      0.25      0.50      0.00      0.00     83.46
09:12:49 PM     all     19.80      0.00      0.25      0.00      0.00      0.25      0.25      0.00      0.00     79.45
09:12:50 PM     all     15.62      0.00      0.25      0.00      0.00      0.50      0.25      0.00      0.00     83.38
09:12:51 PM     all     19.05      0.00      0.50      0.00      0.00      0.25      0.50      0.00      0.00     79.70
09:12:52 PM     all     18.18      0.00      0.25      0.00      0.00      0.25      0.25      0.00      0.00     81.06
09:12:53 PM     all     18.30      0.00      0.50      0.00      0.00      0.50      0.25      0.00      0.00     80.45
09:12:54 PM     all     17.13      0.00      0.25      0.00      0.00      0.25      0.50      0.00      0.00     81.86
09:12:55 PM     all     18.55      0.00      0.50      0.00      0.00      0.25      0.25      0.00      0.00     80.45
09:12:56 PM     all     18.89      0.00      0.25      0.00      0.00      0.25      0.25      0.00      0.00     80.35
09:12:57 PM     all     17.29      0.00      0.25      0.00      0.00      0.50      0.25      0.00      0.00     81.70
09:12:58 PM     all     17.59      0.00      0.50      0.00      0.00      0.25      0.25      0.00      0.00     81.41
09:12:59 PM     all     19.30      0.00      0.50      0.00      0.00      0.25      0.50      0.00      0.00     79.45
09:13:00 PM     all     20.91      0.00      1.01      0.00      0.00      0.25      0.25      0.00      0.00     77.58
09:13:01 PM     all     13.78      0.00      0.25      0.00      0.00      0.50      0.50      0.00      0.00     84.96
09:13:02 PM     all     17.38      0.00      0.25      0.00      0.00      0.25      0.25      0.00      0.00     81.86
09:13:03 PM     all     15.62      0.00      0.25      0.00      0.00      0.25      0.25      0.00      0.00     83.63
09:13:04 PM     all     17.46      0.00      0.50      0.00      0.00      0.50      0.50      0.00      0.00     81.05
09:13:05 PM     all     17.84      0.00      0.50      0.25      0.00      0.25      0.25      0.00      0.00     80.90
09:13:06 PM     all     18.55      0.00      0.50      0.00      0.00      0.25      0.25      0.00      0.00     80.45
09:13:07 PM     all     19.90      0.00      0.25      0.00      0.00      0.25      0.25      0.00      0.00     79.35
09:13:08 PM     all     18.05      0.00      0.25      0.00      0.00      0.50      0.25      0.00      0.00     80.95
09:13:09 PM     all     16.04      0.00      0.50      0.00      0.00      0.25      0.50      0.00      0.00     82.71
09:13:10 PM     all     19.14      0.00      0.25      0.00      0.00      0.25      0.25      0.00      0.00     80.10
09:13:11 PM     all     18.30      0.00      0.50      0.00      0.00      0.25      0.25      0.00      0.00     80.70
09:13:12 PM     all     18.05      0.00      0.50      0.00      0.00      0.25      0.25      0.00      0.00     80.95
09:13:13 PM     all     19.10      0.00      0.00      0.00      0.00      0.25      0.25      0.00      0.00     80.40
09:13:14 PM     all     18.55      0.00      0.50      0.00      0.00      0.50      0.50      0.00      0.00     79.95
09:13:15 PM     all     79.85      0.00      5.47      0.00      0.00      0.50      0.25      0.00      0.00     13.93
09:13:16 PM     all     90.18      0.00      0.25      0.00      0.00      0.25      0.25      0.00      0.00      9.07
09:13:17 PM     all     23.75      0.00      0.50      0.00      0.00      0.50      0.50      0.00      0.00     74.75
09:13:18 PM     all     18.80      0.00      0.75      0.00      0.00      0.25      0.25      0.00      0.00     79.95
09:13:19 PM     all     18.05      0.00      0.50      0.00      0.00      0.25      0.25      0.00      0.00     80.95
09:13:20 PM     all     15.00      0.00      0.75      0.25      0.00      0.50      0.25      0.00      0.00     83.25
09:13:21 PM     all     14.50      0.00      0.50      0.00      0.00      0.25      0.50      0.00      0.00     84.25
09:13:22 PM     all     16.37      0.00      0.25      0.00      0.00      0.25      0.25      0.00      0.00     82.87
09:13:23 PM     all     75.94      0.00      0.50      0.00      0.00      0.50      0.50      0.00      0.00     22.56
09:13:24 PM     all     66.67      0.00      0.75      0.00      0.00      0.50      0.25      0.00      0.00     31.83
09:13:25 PM     all     34.17      0.00      0.25      0.00      0.00      0.25      0.50      0.00      0.00     64.82
09:13:26 PM     all     36.59      0.00      0.75      0.00      0.00      0.50      0.50      0.00      0.00     61.65
09:13:27 PM     all     19.10      0.00      0.50      0.00      0.00      0.25      0.25      0.00      0.00     79.90
09:13:28 PM     all     16.83      0.00      0.25      0.00      0.00      0.25      0.25      0.00      0.00     82.41
09:13:29 PM     all     18.34      0.00      0.25      0.00      0.00      0.50      0.25      0.00      0.00     80.65
09:13:30 PM     all     49.37      0.00      0.25      0.00      0.00      0.25      0.50      0.00      0.00     49.62
09:13:31 PM     all     75.06      0.00      0.25      0.00      0.00      0.50      0.50      0.00      0.00     23.69
09:13:32 PM     all     34.92      0.00      0.50      0.00      0.00      0.25      0.25      0.00      0.00     64.07
09:13:33 PM     all     44.22      0.00      0.50      0.00      0.00      0.25      0.25      0.00      0.00     54.77
09:13:34 PM     all     18.59      0.00      0.25      0.00      0.00      0.50      0.25      0.00      0.00     80.40
09:13:35 PM     all     18.39      0.00      0.25      0.00      0.00      0.25      0.25      0.00      0.00     80.86
09:13:36 PM     all     14.57      0.00      0.50      0.00      0.00      0.25      0.50      0.00      0.00     84.17
09:13:37 PM     all     68.67      0.00      0.50      0.00      0.00      0.25      0.25      0.00      0.00     30.33
09:13:38 PM     all     70.82      0.00      0.50      0.00      0.00      0.50      0.50      0.00      0.00     27.68
09:13:39 PM     all     45.23      0.00      0.25      0.00      0.00      0.25      0.25      0.00      0.00     54.02
09:13:40 PM     all     37.72      0.00      0.50      0.25      0.00      0.50      0.50      0.00      0.00     60.55
09:13:41 PM     all     19.40      0.00      0.25      0.00      0.00      0.25      0.50      0.00      0.00     79.60
09:13:42 PM     all     19.30      0.00      0.50      0.00      0.00      0.25      0.25      0.00      0.00     79.70
09:13:43 PM     all     16.92      0.00      0.25      0.00      0.00      0.25      0.25      0.00      0.00     82.32
09:13:44 PM     all     42.21      0.00      0.50      0.00      0.00      0.50      0.50      0.00      0.00     56.28
09:13:45 PM     all     16.08      0.00      0.75      0.00      0.00      0.25      0.25      0.00      0.00     82.66
09:13:46 PM     all      0.00      0.00      0.00      0.00      0.00      0.00      0.00      0.00      0.00    100.00
09:13:47 PM     all      0.25      0.00      0.75      0.00      0.00      0.25      0.25      0.00      0.00     98.50
09:13:48 PM     all      8.82      0.00      0.50      0.00      0.00      0.25      0.00      0.00      0.00     90.43
09:13:49 PM     all     15.33      0.00      0.25      0.00      0.00      0.50      0.50      0.00      0.00     83.42
09:13:50 PM     all     17.50      0.00      0.75      0.25      0.00      0.75      0.25      0.00      0.00     80.50
09:13:51 PM     all     14.79      0.00      0.25      0.00      0.00      0.25      0.50      0.00      0.00     84.21
09:13:52 PM     all      9.57      0.00      0.25      0.00      0.00      0.25      0.25      0.00      0.00     89.67
09:13:53 PM     all     17.09      0.00      0.50      0.00      0.00      0.25      0.25      0.00      0.00     81.91
09:13:54 PM     all     20.10      0.00      0.25      0.00      0.00      0.50      0.25      0.00      0.00     78.89
09:13:55 PM     all     20.10      0.00      0.25      0.00      0.00      0.25      0.25      0.00      0.00     79.15
09:13:56 PM     all     17.84      0.00      0.50      0.00      0.00      0.25      0.25      0.00      0.00     81.16
09:13:57 PM     all     14.75      0.00      0.25      0.00      0.00      0.25      0.50      0.00      0.00     84.25
09:13:58 PM     all     17.34      0.00      0.25      0.00      0.00      0.50      0.50      0.00      0.00     81.41
09:13:59 PM     all     18.84      0.00      0.50      0.00      0.00      0.25      0.25      0.00      0.00     80.15
09:14:00 PM     all     15.08      0.00      1.26      0.25      0.00      0.50      0.50      0.00      0.00     82.41
09:14:01 PM     all     19.85      0.00      0.25      0.00      0.00      0.25      0.25      0.00      0.00     79.40
09:14:02 PM     all     18.39      0.00      0.25      0.00      0.00      0.50      0.25      0.00      0.00     80.60
09:14:03 PM     all     16.75      0.00      0.25      0.00      0.00      0.25      0.50      0.00      0.00     82.25
09:14:04 PM     all     18.84      0.00      0.25      0.00      0.00      0.50      0.25      0.00      0.00     80.15
09:14:05 PM     all     16.12      0.00      0.25      0.00      0.00      0.25      0.50      0.00      0.00     82.87
09:14:06 PM     all     19.50      0.00      0.75      0.00      0.00      0.25      0.25      0.00      0.00     79.25
09:14:07 PM     all     18.80      0.00      0.50      0.00      0.00      0.25      0.25      0.00      0.00     80.20
09:14:08 PM     all     13.28      0.00      0.50      0.00      0.00      0.50      0.25      0.00      0.00     85.46
09:14:09 PM     all     17.09      0.00      0.50      0.00      0.00      0.25      0.50      0.00      0.00     81.66
09:14:10 PM     all     14.75      0.00      0.75      0.25      0.00      0.50      0.50      0.00      0.00     83.25
09:14:11 PM     all     16.92      0.00      0.25      0.00      0.00      0.25      0.25      0.00      0.00     82.32
09:14:12 PM     all     16.29      0.00      0.25      0.00      0.00      0.50      0.50      0.00      0.00     82.46
09:14:13 PM     all     19.55      0.00      0.50      0.00      0.00      0.25      0.25      0.00      0.00     79.45
09:14:14 PM     all     17.13      0.00      0.25      0.00      0.00      0.25      0.25      0.00      0.00     82.12
09:14:15 PM     all     19.35      0.00      0.75      0.00      0.00      0.25      0.25      0.00      0.00     79.40
09:14:16 PM     all     16.08      0.00      0.25      0.00      0.00      0.50      0.50      0.00      0.00     82.66
09:14:17 PM     all     17.34      0.00      0.25      0.00      0.00      0.25      0.25      0.00      0.00     81.91
09:14:18 PM     all     17.34      0.00      1.51      0.00      0.00      0.50      0.50      0.00      0.00     80.15
09:14:19 PM     all     85.54      0.00      4.74      0.00      0.00      0.50      0.25      0.00      0.00      8.98
09:14:20 PM     all     87.25      0.00      0.75      0.00      0.00      0.50      0.50      0.00      0.00     11.00
09:14:21 PM     all     18.34      0.00      0.50      0.00      0.00      0.25      0.25      0.00      0.00     80.65
09:14:22 PM     all     14.79      0.00      0.50      0.00      0.00      0.50      0.50      0.00      0.00     83.71
09:14:23 PM     all     19.10      0.00      0.25      0.00      0.00      0.25      0.25      0.00      0.00     80.15
09:14:24 PM     all     16.12      0.00      0.50      0.00      0.00      0.25      0.50      0.00      0.00     82.62
09:14:25 PM     all     17.79      0.00      0.50      0.00      0.00      0.50      0.50      0.00      0.00     80.70
09:14:26 PM     all     17.79      0.00      0.75      0.00      0.00      0.25      0.50      0.00      0.00     80.70
09:14:27 PM     all     54.75      0.00      0.25      0.00      0.00      0.50      0.50      0.00      0.00     44.00
09:14:28 PM     all     85.18      0.00      0.50      0.00      0.00      0.50      0.25      0.00      0.00     13.57
09:14:29 PM     all     47.74      0.00      0.25      0.00      0.00      0.25      0.50      0.00      0.00     51.26
09:14:30 PM     all     25.06      0.00      0.50      0.25      0.00      0.50      0.25      0.00      0.00     73.43
09:14:31 PM     all     18.64      0.00      0.00      0.00      0.00      0.25      0.25      0.00      0.00     80.86
09:14:32 PM     all     18.00      0.00      0.50      0.00      0.00      0.50      0.50      0.00      0.00     80.50
09:14:33 PM     all     19.14      0.00      0.25      0.00      0.00      0.25      0.25      0.00      0.00     80.10
09:14:34 PM     all     35.00      0.00      0.25      0.00      0.00      0.50      0.25      0.00      0.00     64.00
09:14:35 PM     all     88.16      0.00      0.25      0.00      0.00      0.25      0.25      0.00      0.00     11.08
09:14:36 PM     all     54.89      0.00      0.50      0.00      0.00      0.50      0.50      0.00      0.00     43.61
09:14:37 PM     all     27.78      0.00      0.00      0.00      0.00      0.25      0.25      0.00      0.00     71.72
09:14:38 PM     all     17.84      0.00      0.25      0.00      0.00      0.25      0.25      0.00      0.00     81.41
09:14:39 PM     all     16.08      0.00      0.00      0.00      0.00      0.25      0.50      0.00      0.00     83.17
09:14:40 PM     all     16.79      0.00      0.50      0.00      0.00      0.50      0.50      0.00      0.00     81.70
09:14:41 PM     all     45.98      0.00      0.25      0.00      0.00      0.50      0.50      0.00      0.00     52.76
09:14:42 PM     all     91.98      0.00      1.25      0.00      0.00      0.50      0.25      0.00      0.00      6.02
09:14:43 PM     all     55.67      0.00      0.50      0.00      0.00      0.25      0.50      0.00      0.00     43.07
09:14:44 PM     all     26.38      0.00      0.25      0.00      0.00      0.50      0.25      0.00      0.00     72.61
09:14:45 PM     all     16.29      0.00      0.50      0.25      0.00      0.25      0.50      0.00      0.00     82.21
09:14:46 PM     all     13.07      0.00      0.50      0.00      0.00      0.50      0.25      0.00      0.00     85.68
09:14:47 PM     all     18.69      0.00      0.25      0.00      0.00      0.25      0.51      0.00      0.00     80.30
09:14:48 PM     all     19.80      0.00      0.25      0.00      0.00      0.25      0.50      0.00      0.00     79.20
09:14:49 PM     all     16.62      0.00      0.50      0.00      0.00      0.25      0.00      0.00      0.00     82.62
09:14:50 PM     all      0.00      0.00      0.75      0.00      0.00      0.25      0.25      0.00      0.00     98.75
09:14:51 PM     all      0.25      0.00      0.50      0.00      0.00      0.25      0.00      0.00      0.00     99.00
09:14:52 PM     all     14.61      0.00      0.50      0.00      0.00      0.00      0.25      0.00      0.00     84.63
09:14:53 PM     all     19.75      0.00      0.25      0.00      0.00      0.50      0.25      0.00      0.00     79.25
09:14:54 PM     all     17.59      0.00      0.50      0.00      0.00      0.25      0.25      0.00      0.00     81.41
09:14:55 PM     all     18.80      0.00      0.50      0.25      0.00      0.25      0.50      0.00      0.00     79.70
09:14:56 PM     all     18.09      0.00      0.25      0.00      0.00      0.50      0.25      0.00      0.00     80.90
09:14:57 PM     all     17.88      0.00      0.50      0.00      0.00      0.25      0.25      0.00      0.00     81.11
09:14:58 PM     all     15.25      0.00      0.50      0.00      0.00      0.50      0.50      0.00      0.00     83.25
09:14:59 PM     all     19.10      0.00      0.50      0.00      0.00      0.25      0.25      0.00      0.00     79.90
09:15:00 PM     all     19.80      0.00      1.25      0.25      0.00      0.25      0.25      0.00      0.00     78.20
09:15:01 PM     all     14.29      0.00      0.25      0.00      0.00      0.50      0.50      0.00      0.00     84.46
09:15:02 PM     all     15.58      0.00      0.75      0.00      0.00      0.25      0.50      0.00      0.00     82.91
09:15:03 PM     all     16.54      0.00      0.50      0.00      0.00      0.50      0.25      0.00      0.00     82.21
09:15:04 PM     all     19.35      0.00      0.50      0.00      0.00      0.25      0.25      0.00      0.00     79.65
09:15:05 PM     all     18.14      0.00      0.50      0.00      0.00      0.25      0.25      0.00      0.00     80.86
09:15:06 PM     all     20.00      0.00      0.50      0.00      0.00      0.25      0.50      0.00      0.00     78.75
09:15:07 PM     all     14.86      0.00      0.25      0.00      0.00      0.50      0.25      0.00      0.00     84.13
09:15:08 PM     all     19.50      0.00      0.25      0.00      0.00      0.25      0.25      0.00      0.00     79.75
09:15:09 PM     all     17.09      0.00      0.75      0.00      0.00      0.25      0.25      0.00      0.00     81.66
09:15:10 PM     all     16.25      0.00      0.75      0.25      0.00      0.25      0.25      0.00      0.00     82.25
09:15:11 PM     all     16.29      0.00      0.50      0.00      0.00      0.50      0.50      0.00      0.00     82.21
09:15:12 PM     all     20.30      0.00      0.75      0.00      0.00      0.25      0.25      0.00      0.00     78.45
09:15:13 PM     all     17.29      0.00      0.50      0.00      0.00      0.25      0.25      0.00      0.00     81.70
09:15:14 PM     all     17.93      0.00      0.00      0.00      0.00      0.25      0.25      0.00      0.00     81.57
09:15:15 PM     all     19.00      0.00      0.50      0.00      0.00      0.50      0.50      0.00      0.00     79.50
09:15:16 PM     all     18.18      0.00      0.00      0.00      0.00      0.25      0.25      0.00      0.00     81.31
09:15:17 PM     all     20.40      0.00      0.50      0.00      0.00      0.25      0.25      0.00      0.00     78.59
09:15:18 PM     all     15.15      0.00      0.25      0.00      0.00      0.25      0.25      0.00      0.00     84.09
09:15:19 PM     all     15.71      0.00      0.50      0.00      0.00      0.50      0.25      0.00      0.00     83.04
09:15:20 PM     all     11.06      0.00      0.50      0.00      0.00      0.25      0.50      0.00      0.00     87.69
09:15:21 PM     all     16.79      0.00      1.00      0.00      0.00      0.25      0.25      0.00      0.00     81.70
09:15:22 PM     all     31.67      0.00      6.98      0.00      0.00      0.50      0.25      0.00      0.00     60.60
09:15:23 PM     all     96.51      0.00      2.74      0.00      0.00      0.50      0.25      0.00      0.00      0.00
09:15:24 PM     all     63.50      0.00      2.00      0.00      0.00      0.25      0.50      0.00      0.00     33.75
09:15:25 PM     all     14.32      0.00      0.50      0.00      0.00      0.25      0.50      0.00      0.00     84.42
09:15:26 PM     all     17.66      0.00      1.49      0.00      0.00      0.50      0.25      0.00      0.00     80.10
09:15:27 PM     all     21.14      0.00      1.49      0.00      0.00      0.25      0.25      0.00      0.00     76.87
09:15:28 PM     all     19.60      0.00      1.74      0.00      0.00      0.25      0.25      0.00      0.00     78.16
09:15:29 PM     all     18.95      0.00      2.00      0.00      0.00      0.25      0.25      0.00      0.00     78.55
09:15:30 PM     all     22.06      0.00      0.75      0.25      0.00      0.25      0.25      0.00      0.00     76.44
09:15:31 PM     all     57.82      0.00      1.49      0.00      0.00      0.50      0.50      0.00      0.00     39.70
09:15:32 PM     all     85.21      0.00      2.76      0.00      0.00      0.50      0.25      0.00      0.00     11.28
09:15:33 PM     all     44.50      0.00      2.00      0.00      0.00      0.25      0.50      0.00      0.00     52.75
09:15:34 PM     all     15.29      0.00      0.75      0.00      0.00      0.50      0.25      0.00      0.00     83.21
09:15:35 PM     all     17.96      0.00      1.50      0.00      0.00      0.25      0.25      0.00      0.00     80.05
09:15:36 PM     all     17.96      0.00      1.25      0.00      0.00      0.25      0.25      0.00      0.00     80.30
09:15:37 PM     all     22.83      0.00      1.49      0.00      0.00      0.25      0.50      0.00      0.00     74.94
09:15:38 PM     all     38.92      0.00      2.46      0.00      0.00      0.49      0.25      0.00      0.00     57.88
09:15:39 PM     all     75.50      0.00      1.25      0.00      0.00      0.25      0.25      0.00      0.00     22.75
09:15:40 PM     all     64.59      0.00      2.24      0.00      0.00      0.50      0.25      0.00      0.00     32.42
09:15:41 PM     all     18.07      0.00      1.98      0.00      0.00      0.25      0.50      0.00      0.00     79.21
09:15:42 PM     all     17.33      0.00      1.73      0.00      0.00      0.25      0.25      0.00      0.00     80.45
09:15:43 PM     all     19.35      0.00      1.74      0.00      0.00      0.50      0.25      0.00      0.00     78.16
09:15:44 PM     all     27.05      0.00      1.74      0.00      0.00      0.25      0.50      0.00      0.00     70.47
09:15:45 PM     all     47.28      0.00      1.73      0.00      0.00      0.50      0.25      0.00      0.00     50.25
09:15:46 PM     all     81.50      0.00      1.25      0.00      0.00      0.25      0.50      0.00      0.00     16.50
09:15:47 PM     all     58.35      0.00      1.25      0.00      0.00      0.50      0.25      0.00      0.00     39.65
09:15:48 PM     all     15.02      0.00      2.22      0.00      0.00      0.25      0.49      0.00      0.00     82.02
09:15:49 PM     all     19.55      0.00      1.49      0.00      0.00      0.50      0.25      0.00      0.00     78.22
09:15:50 PM     all     14.11      0.00      1.98      0.25      0.00      0.25      0.50      0.00      0.00     82.92
09:15:51 PM     all     21.38      0.00      2.46      0.00      0.00      0.25      0.25      0.00      0.00     75.68
09:15:52 PM     all     39.01      0.00      1.73      0.00      0.00      0.49      0.49      0.00      0.00     58.27
09:15:53 PM     all      3.69      0.00      2.46      0.00      0.00      0.25      0.00      0.00      0.00     93.60
09:15:54 PM     all      0.00      0.00      1.97      0.00      0.00      0.00      0.25      0.00      0.00     97.78
09:15:55 PM     all      0.00      0.00      1.98      0.00      0.00      0.00      0.00      0.00      0.00     98.02
Average:        all     25.55      0.00      0.81      0.02      0.00      0.34      0.33      0.00      0.00     72.95
