Linux 4.9.253-tegra (nano-desktop) 	08/16/2023 	_aarch64_	(4 CPU)

10:22:24 PM     CPU      %usr     %nice      %sys   %iowait    %steal      %irq     %soft    %guest    %gnice     %idle
10:22:25 PM     all     17.17      0.00     13.64      0.00      0.00      0.25      0.51      0.00      0.00     68.43
10:22:26 PM     all     21.25      0.00      1.50      0.00      0.00      0.50      0.50      0.00      0.00     76.25
10:22:27 PM     all     20.10      0.00      0.50      0.00      0.00      0.25      0.25      0.00      0.00     78.89
10:22:28 PM     all     17.38      0.00      0.50      0.00      0.00      0.25      0.25      0.00      0.00     81.61
10:22:29 PM     all     19.55      0.00      0.25      0.00      0.00      0.50      0.50      0.00      0.00     79.20
10:22:30 PM     all     19.10      0.00      0.25      0.00      0.00      0.25      0.25      0.00      0.00     80.15
10:22:31 PM     all     17.00      0.00      0.50      0.00      0.00      0.50      0.50      0.00      0.00     81.50
10:22:32 PM     all     20.35      0.00      0.50      0.00      0.00      0.25      0.25      0.00      0.00     78.64
10:22:33 PM     all     15.79      0.00      0.50      0.00      0.00      0.50      0.50      0.00      0.00     82.71
10:22:34 PM     all     19.44      0.00      0.25      0.00      0.00      0.25      0.25      0.00      0.00     79.80
10:22:35 PM     all     17.09      0.00      0.50      0.00      0.00      0.50      0.50      0.00      0.00     81.41
10:22:36 PM     all     20.00      0.00      0.50      0.00      0.00      0.25      0.25      0.00      0.00     79.00
10:22:37 PM     all     17.13      0.00      0.00      0.00      0.00      0.25      0.25      0.00      0.00     82.37
10:22:38 PM     all     19.85      0.00      0.50      0.00      0.00      0.25      0.25      0.00      0.00     79.15
10:22:39 PM     all     18.75      0.00      0.75      0.25      0.00      0.50      0.50      0.00      0.00     79.25
10:22:40 PM     all     17.38      0.00      0.25      0.00      0.00      0.25      0.25      0.00      0.00     81.86
10:22:41 PM     all     19.50      0.00      0.75      0.00      0.00      0.50      0.50      0.00      0.00     78.75
10:22:42 PM     all     18.25      0.00      1.00      0.00      0.00      0.25      0.25      0.00      0.00     80.25
10:22:43 PM     all     15.96      0.00      1.00      0.00      0.00      0.50      0.75      0.00      0.00     81.80
10:22:44 PM     all     18.59      0.00      0.75      0.00      0.00      0.25      0.50      0.00      0.00     79.90
10:22:45 PM     all     14.46      0.00      1.00      0.00      0.00      0.50      0.50      0.00      0.00     83.54
10:22:46 PM     all     19.00      0.00      0.50      0.00      0.00      0.50      0.25      0.00      0.00     79.75
10:22:47 PM     all     14.32      0.00      0.75      0.00      0.00      0.50      0.50      0.00      0.00     83.92
10:22:48 PM     all     20.05      0.00      0.75      0.00      0.00      0.25      0.25      0.00      0.00     78.70
10:22:49 PM     all     18.80      0.00      0.75      0.25      0.00      0.25      0.50      0.00      0.00     79.45
10:22:50 PM     all     18.25      0.00      0.75      0.00      0.00      0.50      0.25      0.00      0.00     80.25
10:22:51 PM     all     19.85      0.00      0.25      0.00      0.00      0.25      0.50      0.00      0.00     79.15
10:22:52 PM     all     13.22      0.00      1.25      0.00      0.00      0.50      0.25      0.00      0.00     84.79
10:22:53 PM     all     15.21      0.00      1.50      0.00      0.00      0.25      0.25      0.00      0.00     82.79
10:22:54 PM     all     31.50      0.00      7.50      0.00      0.00      0.50      0.50      0.00      0.00     60.00
10:22:55 PM     all     79.95      0.00      3.26      0.00      0.00      1.00      0.75      0.00      0.00     15.04
10:22:56 PM     all     79.90      0.00      2.01      0.00      0.00      0.75      0.50      0.00      0.00     16.83
10:22:57 PM     all     65.40      0.00      2.27      0.00      0.00      0.76      0.76      0.00      0.00     30.81
10:22:58 PM     all     62.31      0.00      2.26      0.00      0.00      0.75      0.50      0.00      0.00     34.17
10:22:59 PM     all     60.10      0.00      2.27      0.00      0.00      0.76      0.51      0.00      0.00     36.36
10:23:00 PM     all     52.75      0.00      3.00      0.00      0.00      0.75      0.75      0.00      0.00     42.75
10:23:01 PM     all     70.43      0.00      2.76      0.00      0.00      1.00      1.00      0.00      0.00     24.81
10:23:02 PM     all     72.11      0.00      1.76      0.00      0.00      0.50      0.50      0.00      0.00     25.13
10:23:03 PM     all     75.88      0.00      2.26      0.00      0.00      1.01      0.75      0.00      0.00     20.10
10:23:04 PM     all     72.32      0.00      2.49      0.25      0.00      0.75      0.75      0.00      0.00     23.44
10:23:05 PM     all     72.47      0.00      2.02      0.00      0.00      0.76      0.51      0.00      0.00     24.24
10:23:06 PM     all     59.90      0.00      2.01      0.00      0.00      0.75      1.00      0.00      0.00     36.34
10:23:07 PM     all     55.86      0.00      2.49      0.00      0.00      0.75      0.50      0.00      0.00     40.40
10:23:08 PM     all     62.47      0.00      2.27      0.00      0.00      0.76      0.76      0.00      0.00     33.75
10:23:09 PM     all     52.50      0.00      2.00      0.00      0.00      0.50      0.50      0.00      0.00     44.50
10:23:10 PM     all     46.52      0.00      2.49      0.00      0.00      0.75      0.50      0.00      0.00     49.75
10:23:11 PM     all     66.67      0.00      2.76      0.00      0.00      0.75      0.75      0.00      0.00     29.07
10:23:12 PM     all     57.89      0.00      1.50      0.00      0.00      0.75      0.75      0.00      0.00     39.10
10:23:13 PM     all     78.20      0.00      2.51      0.00      0.00      0.75      0.50      0.00      0.00     18.05
10:23:14 PM     all     77.64      0.00      2.26      0.00      0.00      1.01      0.75      0.00      0.00     18.34
10:23:15 PM     all     65.75      0.00      2.25      0.00      0.00      0.50      0.50      0.00      0.00     31.00
10:23:16 PM     all     72.68      0.00      3.26      0.00      0.00      1.00      0.75      0.00      0.00     22.31
10:23:17 PM     all     67.08      0.00      2.99      0.25      0.00      0.75      0.75      0.00      0.00     28.18
10:23:18 PM     all     63.07      0.00      1.76      0.00      0.00      0.50      0.50      0.00      0.00     34.17
10:23:19 PM     all     70.00      0.00      2.25      0.00      0.00      1.00      0.75      0.00      0.00     26.00
10:23:20 PM     all     68.00      0.00      2.25      0.00      0.00      0.50      0.50      0.00      0.00     28.75
10:23:21 PM     all     66.08      0.00      2.01      0.00      0.00      0.75      0.50      0.00      0.00     30.65
10:23:22 PM     all     63.09      0.00      2.00      0.00      0.00      0.75      0.75      0.00      0.00     33.42
10:23:23 PM     all     67.42      0.00      1.75      0.00      0.00      0.75      0.50      0.00      0.00     29.57
10:23:24 PM     all     49.50      0.00      2.76      0.00      0.00      0.50      0.50      0.00      0.00     46.73
10:23:25 PM     all     14.29      0.00      1.97      0.00      0.00      0.49      0.25      0.00      0.00     83.00
10:23:26 PM     all     18.61      0.00      1.74      0.00      0.00      0.25      0.25      0.00      0.00     79.16
10:23:27 PM     all     16.54      0.00      1.73      0.00      0.00      0.25      0.49      0.00      0.00     80.99
10:23:28 PM     all     18.36      0.00      1.74      0.00      0.00      0.50      0.25      0.00      0.00     79.16
10:23:29 PM     all     18.52      0.00      1.98      0.25      0.00      0.25      0.49      0.00      0.00     78.52
10:23:30 PM     all     17.62      0.00      1.99      0.00      0.00      0.50      0.25      0.00      0.00     79.65
10:23:31 PM     all     21.29      0.00      1.73      0.00      0.00      0.25      0.25      0.00      0.00     76.49
10:23:32 PM     all     19.35      0.00      1.24      0.00      0.00      0.25      0.25      0.00      0.00     78.91
10:23:33 PM     all     19.40      0.00      1.24      0.00      0.00      0.25      0.25      0.00      0.00     78.86
10:23:34 PM     all     19.85      0.00      1.24      0.00      0.00      0.25      0.50      0.00      0.00     78.16
10:23:35 PM     all     18.11      0.00      0.74      0.00      0.00      0.50      0.25      0.00      0.00     80.40
10:23:36 PM     all     19.40      0.00      0.25      0.00      0.00      0.25      0.25      0.00      0.00     79.85
10:23:37 PM     all     20.05      0.00      1.24      0.00      0.00      0.25      0.50      0.00      0.00     77.97
10:23:38 PM     all     18.70      0.00      1.25      0.00      0.00      0.25      0.25      0.00      0.00     79.55
10:23:39 PM     all     18.61      0.00      0.99      0.00      0.00      0.50      0.25      0.00      0.00     79.65
10:23:40 PM     all     16.21      0.00      0.75      0.00      0.00      0.25      0.50      0.00      0.00     82.29
10:23:41 PM     all     20.25      0.00      0.50      0.00      0.00      0.50      0.25      0.00      0.00     78.50
10:23:42 PM     all     18.45      0.00      0.75      0.00      0.00      0.25      0.25      0.00      0.00     80.30
10:23:43 PM     all     17.00      0.00      0.75      0.00      0.00      0.25      0.25      0.00      0.00     81.75
10:23:44 PM     all     20.15      0.00      1.24      0.00      0.00      0.25      0.50      0.00      0.00     77.86
10:23:45 PM     all     18.66      0.00      1.00      0.00      0.00      0.50      0.25      0.00      0.00     79.60
10:23:46 PM     all     16.13      0.00      1.49      0.00      0.00      0.25      0.50      0.00      0.00     81.64
10:23:47 PM     all     19.25      0.00      0.75      0.00      0.00      0.50      0.25      0.00      0.00     79.25
10:23:48 PM     all     17.41      0.00      1.00      0.00      0.00      0.25      0.25      0.00      0.00     81.09
10:23:49 PM     all     20.50      0.00      0.50      0.25      0.00      0.25      0.25      0.00      0.00     78.25
10:23:50 PM     all     17.34      0.00      0.50      0.00      0.00      0.25      0.50      0.00      0.00     81.41
10:23:51 PM     all     20.15      0.00      0.50      0.00      0.00      0.50      0.25      0.00      0.00     78.61
10:23:52 PM     all     18.50      0.00      0.50      0.00      0.00      0.25      0.25      0.00      0.00     80.50
10:23:53 PM     all     16.12      0.00      0.50      0.00      0.00      0.25      0.25      0.00      0.00     82.87
10:23:54 PM     all     16.00      0.00      0.25      0.00      0.00      0.50      0.50      0.00      0.00     82.75
10:23:55 PM     all     69.33      0.00      6.98      0.00      0.00      1.00      0.75      0.00      0.00     21.95
10:23:56 PM     all     68.33      0.00      1.75      0.00      0.00      0.50      0.50      0.00      0.00     28.93
10:23:57 PM     all     62.75      0.00      1.25      0.00      0.00      0.75      0.75      0.00      0.00     34.50
10:23:58 PM     all     59.65      0.00      1.24      0.00      0.00      0.74      0.50      0.00      0.00     37.87
10:23:59 PM     all     78.61      0.00      1.24      0.00      0.00      1.00      1.00      0.00      0.00     18.16
10:24:00 PM     all     61.75      0.00      1.75      0.00      0.00      0.75      0.50      0.00      0.00     35.25
10:24:01 PM     all     75.31      0.00      1.01      0.00      0.00      0.76      0.76      0.00      0.00     22.17
10:24:02 PM     all     70.90      0.00      0.75      0.00      0.00      0.75      0.50      0.00      0.00     27.11
10:24:03 PM     all     78.14      0.00      1.26      0.00      0.00      0.75      0.75      0.00      0.00     19.10
10:24:04 PM     all     73.43      0.00      0.75      0.00      0.00      0.75      0.50      0.00      0.00     24.56
10:24:05 PM     all     77.89      0.00      1.01      0.00      0.00      0.75      0.50      0.00      0.00     19.85
10:24:06 PM     all     75.13      0.00      0.75      0.00      0.00      0.75      0.50      0.00      0.00     22.86
10:24:07 PM     all     73.43      0.00      0.50      0.00      0.00      0.75      0.50      0.00      0.00     24.81
10:24:08 PM     all     76.19      0.00      1.25      0.00      0.00      1.00      0.75      0.00      0.00     20.80
10:24:09 PM     all     84.00      0.00      1.25      0.25      0.00      0.75      0.50      0.00      0.00     13.25
10:24:10 PM     all     90.00      0.00      1.00      0.00      0.00      1.00      0.75      0.00      0.00      7.25
10:24:11 PM     all     83.21      0.00      1.00      0.00      0.00      0.75      0.50      0.00      0.00     14.54
10:24:12 PM     all     80.95      0.00      1.75      0.00      0.00      1.00      0.75      0.00      0.00     15.54
10:24:13 PM     all     73.50      0.00      1.25      0.00      0.00      0.75      0.75      0.00      0.00     23.75
10:24:14 PM     all     88.47      0.00      0.75      0.00      0.00      0.75      0.50      0.00      0.00      9.52
10:24:15 PM     all     85.96      0.00      0.75      0.00      0.00      0.75      0.50      0.00      0.00     12.03
10:24:16 PM     all     79.65      0.00      1.26      0.00      0.00      1.01      0.75      0.00      0.00     17.34
10:24:17 PM     all     84.71      0.00      0.75      0.00      0.00      0.75      0.50      0.00      0.00     13.28
10:24:18 PM     all     78.95      0.00      1.25      0.00      0.00      0.75      0.50      0.00      0.00     18.55
10:24:19 PM     all     86.00      0.00      0.75      0.00      0.00      1.00      0.50      0.00      0.00     11.75
10:24:20 PM     all     67.00      0.00      1.25      0.00      0.00      0.75      0.75      0.00      0.00     30.25
10:24:21 PM     all     71.86      0.00      0.75      0.00      0.00      0.50      0.50      0.00      0.00     26.38
10:24:22 PM     all     67.59      0.00      1.01      0.00      0.00      0.75      0.50      0.00      0.00     30.15
10:24:23 PM     all     81.41      0.00      1.01      0.00      0.00      1.01      0.50      0.00      0.00     16.08
10:24:24 PM     all     82.87      0.00      0.76      0.00      0.00      0.76      0.50      0.00      0.00     15.11
10:24:25 PM     all     31.25      0.00      1.00      0.00      0.00      0.50      0.50      0.00      0.00     66.75
10:24:26 PM     all     19.49      0.00      0.00      0.00      0.00      0.25      0.25      0.00      0.00     80.00
10:24:27 PM     all     16.29      0.00      0.50      0.00      0.00      0.25      0.50      0.00      0.00     82.46
10:24:28 PM     all     20.35      0.00      0.25      0.00      0.00      0.50      0.25      0.00      0.00     78.64
10:24:29 PM     all     19.80      0.00      0.25      0.25      0.00      0.25      0.25      0.00      0.00     79.20
10:24:30 PM     all     17.59      0.00      0.50      0.00      0.00      0.25      0.25      0.00      0.00     81.41
10:24:31 PM     all     17.25      0.00      0.25      0.00      0.00      0.50      0.50      0.00      0.00     81.50
10:24:32 PM     all     20.80      0.00      0.50      0.00      0.00      0.25      0.25      0.00      0.00     78.20
10:24:33 PM     all     18.30      0.00      0.50      0.00      0.00      0.25      0.25      0.00      0.00     80.70
10:24:34 PM     all     15.62      0.00      0.00      0.00      0.00      0.50      0.50      0.00      0.00     83.38
10:24:35 PM     all     16.08      0.00      0.50      0.00      0.00      0.25      0.25      0.00      0.00     82.91
10:24:36 PM     all     16.04      0.00      0.50      0.00      0.00      0.50      0.50      0.00      0.00     82.46
10:24:37 PM     all     17.00      0.00      0.25      0.00      0.00      0.25      0.25      0.00      0.00     82.25
10:24:38 PM     all     19.05      0.00      0.50      0.00      0.00      0.25      0.50      0.00      0.00     79.70
10:24:39 PM     all     18.14      0.00      0.25      0.25      0.00      0.25      0.25      0.00      0.00     80.86
10:24:40 PM     all     19.50      0.00      0.50      0.00      0.00      0.50      0.25      0.00      0.00     79.25
10:24:41 PM     all     18.05      0.00      0.25      0.00      0.00      0.25      0.50      0.00      0.00     80.95
10:24:42 PM     all     17.25      0.00      0.50      0.00      0.00      0.50      0.50      0.00      0.00     81.25
10:24:43 PM     all     16.37      0.00      0.50      0.00      0.00      0.25      0.25      0.00      0.00     82.62
10:24:44 PM     all     19.70      0.00      0.50      0.00      0.00      0.50      0.50      0.00      0.00     78.80
10:24:45 PM     all     15.33      0.00      0.50      0.00      0.00      0.25      0.25      0.00      0.00     83.67
10:24:46 PM     all     18.50      0.00      0.50      0.00      0.00      0.25      0.50      0.00      0.00     80.25
10:24:47 PM     all     18.05      0.00      0.50      0.00      0.00      0.50      0.25      0.00      0.00     80.70
10:24:48 PM     all     19.10      0.00      0.25      0.00      0.00      0.25      0.25      0.00      0.00     80.15
10:24:49 PM     all     15.50      0.00      0.75      0.25      0.00      0.50      0.50      0.00      0.00     82.50
10:24:50 PM     all     18.59      0.00      0.50      0.00      0.00      0.25      0.25      0.00      0.00     80.40
10:24:51 PM     all     19.85      0.00      0.25      0.00      0.00      0.25      0.25      0.00      0.00     79.40
10:24:52 PM     all     19.90      0.00      0.25      0.00      0.00      0.25      0.25      0.00      0.00     79.35
10:24:53 PM     all     16.75      0.00      0.50      0.00      0.00      0.25      0.25      0.00      0.00     82.25
10:24:54 PM     all     17.84      0.00      0.50      0.00      0.00      0.50      0.50      0.00      0.00     80.65
10:24:55 PM     all     16.58      0.00      5.78      0.00      0.00      0.25      0.25      0.00      0.00     77.14
10:24:56 PM     all     65.83      0.00      1.01      0.00      0.00      0.75      0.50      0.00      0.00     31.91
10:24:57 PM     all     57.64      0.00      0.75      0.00      0.00      0.75      0.50      0.00      0.00     40.35
10:24:58 PM     all     62.47      0.00      0.76      0.00      0.00      0.76      0.76      0.00      0.00     35.26
10:24:59 PM     all     85.96      0.00      0.50      0.00      0.00      0.75      0.50      0.00      0.00     12.28
10:25:00 PM     all     74.12      0.00      2.26      0.00      0.00      1.01      0.75      0.00      0.00     21.86
10:25:01 PM     all     60.80      0.00      1.01      0.00      0.00      0.50      0.50      0.00      0.00     37.19
10:25:02 PM     all     79.85      0.00      0.25      0.00      0.00      0.76      0.50      0.00      0.00     18.64
10:25:03 PM     all     80.40      0.00      0.50      0.00      0.00      1.01      0.75      0.00      0.00     17.34
10:25:04 PM     all     65.91      0.00      0.50      0.00      0.00      0.75      0.50      0.00      0.00     32.33
10:25:05 PM     all     78.28      0.00      0.76      0.00      0.00      0.76      0.76      0.00      0.00     19.44
10:25:06 PM     all     50.75      0.00      0.50      0.00      0.00      0.75      0.50      0.00      0.00     47.49
10:25:07 PM     all     63.66      0.00      1.00      0.00      0.00      0.75      0.75      0.00      0.00     33.83
10:25:08 PM     all     81.57      0.00      0.76      0.00      0.00      0.76      0.51      0.00      0.00     16.41
10:25:09 PM     all     61.56      0.00      0.50      0.25      0.00      0.50      0.50      0.00      0.00     36.68
10:25:10 PM     all     58.19      0.00      0.76      0.00      0.00      0.76      0.76      0.00      0.00     39.55
10:25:11 PM     all     61.56      0.00      1.01      0.00      0.00      0.75      0.50      0.00      0.00     36.18
10:25:12 PM     all     69.70      0.00      1.01      0.00      0.00      0.76      0.51      0.00      0.00     28.03
10:25:13 PM     all     71.93      0.00      0.50      0.00      0.00      0.50      0.50      0.00      0.00     26.57
10:25:14 PM     all     61.36      0.00      0.76      0.00      0.00      0.76      0.51      0.00      0.00     36.62
10:25:15 PM     all     78.39      0.00      0.50      0.00      0.00      0.75      0.75      0.00      0.00     19.60
10:25:16 PM     all     72.54      0.00      1.01      0.00      0.00      0.76      0.50      0.00      0.00     25.19
10:25:17 PM     all     60.50      0.00      1.00      0.00      0.00      0.75      0.75      0.00      0.00     37.00
10:25:18 PM     all     56.96      0.00      0.51      0.00      0.00      0.76      0.51      0.00      0.00     41.27
10:25:19 PM     all     70.75      0.00      1.50      0.25      0.00      0.75      0.75      0.00      0.00     26.00
10:25:20 PM     all     62.16      0.00      0.75      0.00      0.00      0.75      0.50      0.00      0.00     35.84
10:25:21 PM     all     71.79      0.00      0.76      0.00      0.00      0.76      0.50      0.00      0.00     26.20
10:25:22 PM     all     77.44      0.00      1.00      0.00      0.00      0.75      0.75      0.00      0.00     20.05
10:25:23 PM     all     76.83      0.00      0.76      0.00      0.00      0.76      0.50      0.00      0.00     21.16
10:25:24 PM     all     66.25      0.00      1.25      0.00      0.00      1.00      0.75      0.00      0.00     30.75
10:25:25 PM     all     79.29      0.00      1.52      0.00      0.00      0.51      0.51      0.00      0.00     18.18
10:25:26 PM     all     16.62      0.00      0.25      0.00      0.00      0.50      0.25      0.00      0.00     82.37
10:25:27 PM     all     19.00      0.00      0.50      0.00      0.00      0.25      0.50      0.00      0.00     79.75
10:25:28 PM     all     16.04      0.00      0.75      0.00      0.00      0.50      0.25      0.00      0.00     82.46
10:25:29 PM     all     19.55      0.00      0.50      0.00      0.00      0.25      0.25      0.00      0.00     79.45
10:25:30 PM     all     20.30      0.00      0.50      0.00      0.00      0.25      0.25      0.00      0.00     78.70
10:25:31 PM     all     18.55      0.00      0.00      0.00      0.00      0.50      0.50      0.00      0.00     80.45
10:25:32 PM     all     19.75      0.00      0.50      0.00      0.00      0.25      0.25      0.00      0.00     79.25
10:25:33 PM     all     18.89      0.00      0.25      0.00      0.00      0.25      0.25      0.00      0.00     80.35
10:25:34 PM     all     15.83      0.00      0.50      0.00      0.00      0.50      0.25      0.00      0.00     82.91
10:25:35 PM     all     16.04      0.00      0.25      0.00      0.00      0.25      0.50      0.00      0.00     82.96
10:25:36 PM     all     20.50      0.00      0.50      0.00      0.00      0.25      0.25      0.00      0.00     78.50
10:25:37 PM     all     19.35      0.00      0.00      0.00      0.00      0.25      0.25      0.00      0.00     80.15
10:25:38 PM     all     16.29      0.00      0.50      0.00      0.00      0.50      0.50      0.00      0.00     82.21
10:25:39 PM     all     19.80      0.00      0.50      0.25      0.00      0.25      0.25      0.00      0.00     78.95
10:25:40 PM     all     17.34      0.00      0.00      0.00      0.00      0.50      0.50      0.00      0.00     81.66
10:25:41 PM     all     18.59      0.00      0.25      0.00      0.00      0.25      0.25      0.00      0.00     80.65
10:25:42 PM     all     19.80      0.00      0.50      0.00      0.00      0.25      0.25      0.00      0.00     79.20
10:25:43 PM     all     20.55      0.00      0.25      0.00      0.00      0.25      0.25      0.00      0.00     78.70
10:25:44 PM     all     21.05      0.00      0.25      0.00      0.00      0.25      0.25      0.00      0.00     78.20
10:25:45 PM     all     20.10      0.00      0.25      0.00      0.00      0.25      0.25      0.00      0.00     79.15
10:25:46 PM     all     18.75      0.00      0.50      0.00      0.00      0.50      0.25      0.00      0.00     80.00
10:25:47 PM     all     19.55      0.00      0.50      0.00      0.00      0.25      0.25      0.00      0.00     79.45
10:25:48 PM     all     20.35      0.00      0.25      0.00      0.00      0.25      0.25      0.00      0.00     78.89
10:25:49 PM     all     19.95      0.00      0.50      0.25      0.00      0.25      0.50      0.00      0.00     78.55
10:25:50 PM     all     15.54      0.00      0.50      0.00      0.00      0.50      0.25      0.00      0.00     83.21
10:25:51 PM     all     19.80      0.00      0.50      0.00      0.00      0.25      0.25      0.00      0.00     79.20
10:25:52 PM     all     19.75      0.00      0.25      0.00      0.00      0.50      0.50      0.00      0.00     79.00
10:25:53 PM     all     17.29      0.00      0.50      0.00      0.00      0.25      0.25      0.00      0.00     81.70
10:25:54 PM     all     18.59      0.00      0.25      0.00      0.00      0.25      0.25      0.00      0.00     80.65
10:25:55 PM     all     20.10      0.00      0.25      0.00      0.00      0.25      0.25      0.00      0.00     79.15
10:25:56 PM     all     56.00      0.00      6.50      0.00      0.00      0.75      0.50      0.00      0.00     36.25
10:25:57 PM     all     69.67      0.00      1.25      0.00      0.00      0.75      0.75      0.00      0.00     27.57
10:25:58 PM     all     79.70      0.00      1.00      0.00      0.00      1.00      0.75      0.00      0.00     17.54
10:25:59 PM     all     74.19      0.00      1.00      0.00      0.00      0.75      0.75      0.00      0.00     23.31
10:26:00 PM     all     69.17      0.00      2.01      0.00      0.00      0.75      0.50      0.00      0.00     27.57
10:26:01 PM     all     75.57      0.00      0.50      0.00      0.00      0.76      0.50      0.00      0.00     22.67
10:26:02 PM     all     66.08      0.00      0.75      0.00      0.00      0.50      0.50      0.00      0.00     32.16
10:26:03 PM     all     57.36      0.00      1.25      0.00      0.00      1.00      1.00      0.00      0.00     39.40
10:26:04 PM     all     70.75      0.00      0.75      0.00      0.00      0.75      0.50      0.00      0.00     27.25
10:26:05 PM     all     79.35      0.00      0.25      0.00      0.00      0.76      0.50      0.00      0.00     19.14
10:26:06 PM     all     60.00      0.00      0.25      0.00      0.00      0.51      0.51      0.00      0.00     38.73
10:26:07 PM     all     67.51      0.00      0.50      0.00      0.00      0.76      0.76      0.00      0.00     30.48
10:26:08 PM     all     64.32      0.00      1.01      0.00      0.00      0.75      0.50      0.00      0.00     33.42
10:26:09 PM     all     70.00      0.00      1.00      0.25      0.00      0.75      1.00      0.00      0.00     27.00
10:26:10 PM     all     65.33      0.00      0.50      0.00      0.00      1.01      0.75      0.00      0.00     32.41
10:26:11 PM     all     62.81      0.00      1.01      0.00      0.00      0.50      0.75      0.00      0.00     34.92
10:26:12 PM     all     60.20      0.00      1.01      0.00      0.00      0.76      0.50      0.00      0.00     37.53
10:26:13 PM     all     59.55      0.00      0.50      0.00      0.00      0.75      0.75      0.00      0.00     38.44
10:26:14 PM     all     70.71      0.00      0.51      0.00      0.00      0.76      0.51      0.00      0.00     27.53
10:26:15 PM     all     83.12      0.00      0.50      0.00      0.00      1.01      0.76      0.00      0.00     14.61
10:26:16 PM     all     79.65      0.00      0.75      0.00      0.00      0.75      0.75      0.00      0.00     18.09
10:26:17 PM     all     80.86      0.00      0.25      0.00      0.00      0.76      0.25      0.00      0.00     17.88
10:26:18 PM     all     85.86      0.00      0.76      0.00      0.00      0.76      0.51      0.00      0.00     12.12
10:26:19 PM     all     81.91      0.00      1.26      0.00      0.00      1.01      0.75      0.00      0.00     15.08
10:26:20 PM     all     73.93      0.00      1.00      0.00      0.00      0.75      1.00      0.00      0.00     23.31
10:26:21 PM     all     69.52      0.00      0.76      0.00      0.00      0.76      0.50      0.00      0.00     28.46
10:26:22 PM     all     73.62      0.00      1.26      0.00      0.00      0.75      0.50      0.00      0.00     23.87
10:26:23 PM     all     61.81      0.00      0.50      0.00      0.00      0.75      1.01      0.00      0.00     35.93
10:26:24 PM     all     64.74      0.00      0.50      0.25      0.00      0.76      0.25      0.00      0.00     33.50
10:26:25 PM     all     64.91      0.00      1.00      0.00      0.00      0.75      0.75      0.00      0.00     32.58
10:26:26 PM     all     32.75      0.00      1.25      0.00      0.00      0.50      0.25      0.00      0.00     65.25
10:26:27 PM     all     16.33      0.00      0.25      0.00      0.00      0.25      0.50      0.00      0.00     82.66
10:26:28 PM     all     13.53      0.00      0.50      0.00      0.00      0.25      0.25      0.00      0.00     85.46
10:26:29 PM     all     20.10      0.00      0.50      0.00      0.00      0.25      0.25      0.00      0.00     78.89
10:26:30 PM     all     17.29      0.00      0.50      0.00      0.00      0.25      0.25      0.00      0.00     81.70
10:26:31 PM     all     18.55      0.00      0.25      0.00      0.00      0.50      0.25      0.00      0.00     80.45
10:26:32 PM     all     14.57      0.00      0.75      0.00      0.00      0.25      0.50      0.00      0.00     83.92
10:26:33 PM     all     15.83      0.00      0.25      0.00      0.00      0.50      0.25      0.00      0.00     83.17
10:26:34 PM     all     16.50      0.00      0.75      0.00      0.00      0.25      0.25      0.00      0.00     82.25
10:26:35 PM     all     19.55      0.00      0.00      0.00      0.00      0.25      0.50      0.00      0.00     79.70
10:26:36 PM     all     16.25      0.00      0.50      0.00      0.00      0.50      0.50      0.00      0.00     82.25
10:26:37 PM     all     17.88      0.00      0.50      0.00      0.00      0.25      0.25      0.00      0.00     81.11
10:26:38 PM     all     20.80      0.00      0.25      0.00      0.00      0.25      0.25      0.00      0.00     78.45
10:26:39 PM     all     16.46      0.00      0.75      0.25      0.00      0.50      0.25      0.00      0.00     81.80
10:26:40 PM     all     19.80      0.00      0.25      0.00      0.00      0.25      0.50      0.00      0.00     79.20
10:26:41 PM     all     16.12      0.00      0.25      0.00      0.00      0.50      0.25      0.00      0.00     82.87
10:26:42 PM     all     18.25      0.00      0.75      0.00      0.00      0.25      0.50      0.00      0.00     80.25
10:26:43 PM     all     16.67      0.00      0.25      0.00      0.00      0.25      0.25      0.00      0.00     82.58
10:26:44 PM     all     17.25      0.00      0.50      0.00      0.00      0.50      0.50      0.00      0.00     81.25
10:26:45 PM     all     17.34      0.00      0.50      0.00      0.00      0.25      0.25      0.00      0.00     81.66
10:26:46 PM     all     18.34      0.00      0.25      0.00      0.00      0.25      0.25      0.00      0.00     80.90
10:26:47 PM     all     14.32      0.00      0.25      0.00      0.00      0.50      0.50      0.00      0.00     84.42
10:26:48 PM     all     11.75      0.00      0.50      0.00      0.00      0.25      0.50      0.00      0.00     87.00
10:26:49 PM     all     16.71      0.00      0.76      0.00      0.00      0.51      0.25      0.00      0.00     81.77
10:26:50 PM     all     19.00      0.00      0.50      0.00      0.00      0.25      0.25      0.00      0.00     80.00
10:26:51 PM     all     19.30      0.00      0.50      0.00      0.00      0.50      0.50      0.00      0.00     79.20
10:26:52 PM     all     20.45      0.00      0.75      0.00      0.00      0.25      0.25      0.00      0.00     78.30
10:26:53 PM     all     16.33      0.00      1.01      0.00      0.00      0.25      0.25      0.00      0.00     82.16
10:26:54 PM     all     17.54      0.00      0.50      0.25      0.00      0.25      0.25      0.00      0.00     81.20
10:26:55 PM     all     15.75      0.00      0.50      0.00      0.00      0.50      0.50      0.00      0.00     82.75
10:26:56 PM     all     40.30      0.00      6.30      0.00      0.00      0.50      0.25      0.00      0.00     52.64
10:26:57 PM     all     62.16      0.00      1.75      0.00      0.00      0.75      0.50      0.00      0.00     34.84
10:26:58 PM     all     76.25      0.00      1.50      0.00      0.00      0.75      0.75      0.00      0.00     20.75
10:26:59 PM     all     66.16      0.00      2.02      0.00      0.00      0.76      0.76      0.00      0.00     30.30
10:27:00 PM     all     58.40      0.00      2.76      0.00      0.00      0.75      0.50      0.00      0.00     37.59
10:27:01 PM     all     66.83      0.00      1.26      0.00      0.00      0.50      0.50      0.00      0.00     30.90
10:27:02 PM     all     62.16      0.00      2.01      0.00      0.00      0.75      0.50      0.00      0.00     34.59
10:27:03 PM     all     61.06      0.00      1.26      0.00      0.00      0.75      0.75      0.00      0.00     36.18
10:27:04 PM     all     70.60      0.00      2.01      0.00      0.00      0.50      0.50      0.00      0.00     26.38
10:27:05 PM     all     63.32      0.00      1.51      0.00      0.00      0.75      0.50      0.00      0.00     33.92
10:27:06 PM     all     64.74      0.00      2.27      0.00      0.00      0.76      0.50      0.00      0.00     31.74
10:27:07 PM     all     62.47      0.00      0.50      0.00      0.00      0.50      0.50      0.00      0.00     36.02
10:27:08 PM     all     62.31      0.00      1.26      0.00      0.00      0.75      0.50      0.00      0.00     35.18
10:27:09 PM     all     62.94      0.00      1.74      0.25      0.00      0.75      0.75      0.00      0.00     33.58
10:27:10 PM     all     67.00      0.00      2.25      0.00      0.00      0.75      0.50      0.00      0.00     29.50
10:27:11 PM     all     65.16      0.00      1.75      0.00      0.00      0.75      0.75      0.00      0.00     31.58
10:27:12 PM     all     66.58      0.00      1.76      0.00      0.00      0.75      0.50      0.00      0.00     30.40
10:27:13 PM     all     75.88      0.00      2.76      0.00      0.00      0.75      0.75      0.00      0.00     19.85
10:27:14 PM     all     64.48      0.00      1.51      0.00      0.00      0.50      0.50      0.00      0.00     33.00
10:27:15 PM     all     76.81      0.00      2.24      0.00      0.00      1.00      0.75      0.00      0.00     19.20
10:27:16 PM     all     57.07      0.00      1.77      0.00      0.00      0.51      0.51      0.00      0.00     40.15
10:27:17 PM     all     61.10      0.00      2.74      0.00      0.00      0.75      0.75      0.00      0.00     34.66
10:27:18 PM     all     67.67      0.00      1.75      0.00      0.00      0.75      0.50      0.00      0.00     29.32
10:27:19 PM     all     72.18      0.00      3.01      0.25      0.00      0.75      0.75      0.00      0.00     23.06
10:27:20 PM     all     76.50      0.00      2.25      0.00      0.00      1.00      0.50      0.00      0.00     19.75
10:27:21 PM     all     69.00      0.00      2.00      0.00      0.00      0.75      0.75      0.00      0.00     27.50
10:27:22 PM     all     70.18      0.00      2.76      0.00      0.00      0.75      0.50      0.00      0.00     25.81
10:27:23 PM     all     68.83      0.00      2.49      0.00      0.00      0.75      0.50      0.00      0.00     27.43
10:27:24 PM     all     72.61      0.00      2.01      0.00      0.00      0.75      0.75      0.00      0.00     23.87
10:27:25 PM     all     81.00      0.00      2.50      0.00      0.00      0.75      0.50      0.00      0.00     15.25
10:27:26 PM     all     63.00      0.00      3.25      0.00      0.00      0.75      0.50      0.00      0.00     32.50
10:27:27 PM     all     18.02      0.00      2.22      0.00      0.00      0.25      0.25      0.00      0.00     79.26
10:27:28 PM     all     18.32      0.00      2.23      0.00      0.00      0.25      0.25      0.00      0.00     78.96
10:27:29 PM     all     18.52      0.00      1.98      0.25      0.00      0.25      0.25      0.00      0.00     78.77
10:27:30 PM     all     17.24      0.00      2.46      0.00      0.00      0.49      0.49      0.00      0.00     79.31
10:27:31 PM     all     17.96      0.00      1.75      0.00      0.00      0.25      0.25      0.00      0.00     79.80
10:27:32 PM     all     17.91      0.00      1.49      0.00      0.00      0.50      0.25      0.00      0.00     79.85
10:27:33 PM     all     15.96      0.00      1.75      0.00      0.00      0.25      0.50      0.00      0.00     81.55
10:27:34 PM     all     19.31      0.00      1.73      0.00      0.00      0.50      0.25      0.00      0.00     78.22
10:27:35 PM     all     16.13      0.00      1.99      0.00      0.00      0.25      0.50      0.00      0.00     81.14
10:27:36 PM     all     19.06      0.00      1.98      0.00      0.00      0.25      0.25      0.00      0.00     78.47
10:27:37 PM     all     19.00      0.00      1.25      0.00      0.00      0.50      0.25      0.00      0.00     79.00
10:27:38 PM     all     18.11      0.00      1.74      0.00      0.00      0.25      0.50      0.00      0.00     79.40
10:27:40 PM     all     18.07      0.00      1.98      0.00      0.00      0.25      0.25      0.00      0.00     79.46
10:27:41 PM     all     19.95      0.00      1.50      0.00      0.00      0.25      0.25      0.00      0.00     78.05
10:27:42 PM     all     13.97      0.00      1.75      0.00      0.00      0.50      0.50      0.00      0.00     83.29
10:27:43 PM     all     18.52      0.00      1.73      0.00      0.00      0.25      0.49      0.00      0.00     79.01
10:27:44 PM     all     19.45      0.00      1.50      0.00      0.00      0.25      0.25      0.00      0.00     78.55
10:27:45 PM     all     19.75      0.00      1.73      0.00      0.00      0.49      0.25      0.00      0.00     77.78
10:27:46 PM     all     17.41      0.00      1.24      0.00      0.00      0.25      0.50      0.00      0.00     80.60
10:27:47 PM     all     19.40      0.00      1.00      0.00      0.00      0.25      0.25      0.00      0.00     79.10
10:27:48 PM     all     19.75      0.00      1.48      0.00      0.00      0.49      0.25      0.00      0.00     78.02
10:27:49 PM     all     16.75      0.00      0.75      0.00      0.00      0.25      0.25      0.00      0.00     82.00
10:27:50 PM     all     16.63      0.00      0.74      0.25      0.00      0.50      0.50      0.00      0.00     81.39
10:27:51 PM     all     20.70      0.00      0.50      0.00      0.00      0.25      0.25      0.00      0.00     78.30
10:27:52 PM     all     19.45      0.00      0.75      0.00      0.00      0.50      0.25      0.00      0.00     79.05
10:27:53 PM     all     17.46      0.00      0.75      0.00      0.00      0.25      0.50      0.00      0.00     81.05
10:27:54 PM     all     13.47      0.00      0.75      0.00      0.00      0.25      0.50      0.00      0.00     85.04
10:27:55 PM     all     18.36      0.00      0.74      0.00      0.00      0.50      0.25      0.00      0.00     80.15
10:27:56 PM     all     19.85      0.00      0.50      0.00      0.00      0.25      0.25      0.00      0.00     79.15
10:27:57 PM     all     16.13      0.00      6.95      0.00      0.00      0.25      0.50      0.00      0.00     76.18
10:27:58 PM     all     75.50      0.00      1.25      0.00      0.00      0.75      0.50      0.00      0.00     22.00
10:27:59 PM     all     64.18      0.00      1.24      0.00      0.00      0.75      0.50      0.00      0.00     33.33
10:28:00 PM     all     62.69      0.00      1.74      0.25      0.00      0.75      0.75      0.00      0.00     33.83
10:28:01 PM     all     61.94      0.00      2.99      0.00      0.00      0.75      0.75      0.00      0.00     33.58
10:28:02 PM     all     59.45      0.00      1.49      0.00      0.00      0.75      0.50      0.00      0.00     37.81
10:28:03 PM     all     65.41      0.00      0.75      0.00      0.00      0.50      0.50      0.00      0.00     32.83
10:28:04 PM     all     79.50      0.00      1.50      0.00      0.00      0.75      0.50      0.00      0.00     17.75
10:28:05 PM     all     70.07      0.00      1.50      0.00      0.00      0.75      0.50      0.00      0.00     27.18
10:28:06 PM     all     70.82      0.00      1.25      0.00      0.00      0.75      0.50      0.00      0.00     26.68
10:28:07 PM     all     80.50      0.00      1.25      0.00      0.00      0.75      0.50      0.00      0.00     17.00
10:28:08 PM     all     76.50      0.00      1.25      0.00      0.00      0.75      0.75      0.00      0.00     20.75
10:28:09 PM     all     65.75      0.00      0.50      0.00      0.00      0.75      0.50      0.00      0.00     32.50
10:28:10 PM     all     59.25      0.00      1.50      0.00      0.00      0.75      0.50      0.00      0.00     38.00
10:28:11 PM     all     80.80      0.00      1.75      0.00      0.00      0.75      0.75      0.00      0.00     15.96
10:28:12 PM     all     82.71      0.00      0.75      0.00      0.00      0.75      0.50      0.00      0.00     15.29
10:28:13 PM     all     77.50      0.00      0.75      0.00      0.00      1.00      0.50      0.00      0.00     20.25
10:28:14 PM     all     77.36      0.00      1.24      0.00      0.00      0.75      0.50      0.00      0.00     20.15
10:28:15 PM     all     71.43      0.00      0.75      0.00      0.00      0.75      1.00      0.00      0.00     26.07
10:28:16 PM     all     72.18      0.00      0.75      0.00      0.00      0.75      0.50      0.00      0.00     25.81
10:28:17 PM     all     74.19      0.00      0.75      0.00      0.00      0.75      0.50      0.00      0.00     23.81
10:28:18 PM     all     74.69      0.00      0.50      0.00      0.00      0.50      0.50      0.00      0.00     23.81
10:28:19 PM     all     77.08      0.00      1.26      0.00      0.00      0.76      0.50      0.00      0.00     20.40
10:28:20 PM     all     60.85      0.00      1.00      0.25      0.00      0.75      0.75      0.00      0.00     36.41
10:28:21 PM     all     77.39      0.00      1.01      0.00      0.00      0.75      0.50      0.00      0.00     20.35
10:28:22 PM     all     65.66      0.00      0.50      0.00      0.00      0.75      0.50      0.00      0.00     32.58
10:28:23 PM     all     72.68      0.00      0.75      0.00      0.00      0.75      0.75      0.00      0.00     25.06
10:28:24 PM     all     61.75      0.00      1.00      0.00      0.00      0.75      0.50      0.00      0.00     36.00
10:28:25 PM     all     72.86      0.00      0.50      0.00      0.00      0.75      0.50      0.00      0.00     25.38
10:28:26 PM     all     73.37      0.00      1.01      0.00      0.00      0.75      0.75      0.00      0.00     24.12
10:28:27 PM     all     66.67      0.00      0.76      0.00      0.00      0.76      0.51      0.00      0.00     31.31
10:28:28 PM     all     16.33      0.00      0.50      0.00      0.00      0.50      0.50      0.00      0.00     82.16
10:28:29 PM     all     20.10      0.00      0.50      0.00      0.00      0.25      0.25      0.00      0.00     78.89
10:28:30 PM     all     18.25      0.00      0.75      0.00      0.00      0.25      0.25      0.00      0.00     80.50
10:28:31 PM     all     19.60      0.00      0.00      0.00      0.00      0.25      0.50      0.00      0.00     79.65
10:28:32 PM     all     20.05      0.00      0.50      0.00      0.00      0.50      0.25      0.00      0.00     78.70
10:28:33 PM     all     19.00      0.00      0.50      0.00      0.00      0.25      0.25      0.00      0.00     80.00
10:28:34 PM     all     12.06      0.00      0.50      0.00      0.00      0.50      0.50      0.00      0.00     86.43
10:28:35 PM     all     19.00      0.00      0.75      0.25      0.00      0.25      0.25      0.00      0.00     79.50
10:28:36 PM     all     19.55      0.00      0.25      0.00      0.00      0.50      0.25      0.00      0.00     79.45
10:28:37 PM     all     16.00      0.00      0.50      0.00      0.00      0.25      0.50      0.00      0.00     82.75
10:28:38 PM     all     20.35      0.00      0.50      0.00      0.00      0.25      0.25      0.00      0.00     78.64
10:28:39 PM     all     20.05      0.00      0.25      0.00      0.00      0.25      0.25      0.00      0.00     79.20
10:28:40 PM     all     17.09      0.00      0.25      0.00      0.00      0.50      0.50      0.00      0.00     81.66
10:28:41 PM     all     17.59      0.00      0.50      0.00      0.00      0.25      0.25      0.00      0.00     81.41
10:28:42 PM     all     20.05      0.00      0.25      0.00      0.00      0.25      0.50      0.00      0.00     78.95
10:28:43 PM     all     16.54      0.00      0.50      0.00      0.00      0.50      0.25      0.00      0.00     82.21
10:28:44 PM     all     18.95      0.00      0.50      0.00      0.00      0.25      0.50      0.00      0.00     79.80
10:28:45 PM     all     15.58      0.00      0.50      0.25      0.00      0.50      0.25      0.00      0.00     82.91
10:28:46 PM     all     17.79      0.00      0.25      0.00      0.00      0.25      0.50      0.00      0.00     81.20
10:28:47 PM     all     19.75      0.00      0.75      0.00      0.00      0.25      0.25      0.00      0.00     79.00
10:28:48 PM     all     17.29      0.00      0.50      0.00      0.00      0.50      0.25      0.00      0.00     81.45
10:28:49 PM     all     17.00      0.00      0.75      0.00      0.00      0.25      0.50      0.00      0.00     81.50
10:28:50 PM     all     18.30      0.00      0.50      0.00      0.00      0.25      0.25      0.00      0.00     80.70
10:28:51 PM     all     14.18      0.00      1.00      0.00      0.00      0.50      0.50      0.00      0.00     83.83
10:28:52 PM     all     18.64      0.00      0.25      0.00      0.00      0.25      0.25      0.00      0.00     80.60
10:28:53 PM     all     19.35      0.00      0.25      0.00      0.00      0.25      0.25      0.00      0.00     79.90
10:28:54 PM     all     18.30      0.00      0.25      0.00      0.00      0.50      0.25      0.00      0.00     80.70
10:28:55 PM     all     20.80      0.00      0.50      0.25      0.00      0.25      0.25      0.00      0.00     77.94
10:28:56 PM     all     19.80      0.00      0.25      0.00      0.00      0.25      0.25      0.00      0.00     79.45
10:28:57 PM     all     15.75      0.00      0.50      0.00      0.00      0.50      0.50      0.00      0.00     82.75
10:28:58 PM     all     46.87      0.00      6.52      0.00      0.00      0.50      0.25      0.00      0.00     45.86
10:28:59 PM     all     76.01      0.00      1.52      0.00      0.00      0.76      0.76      0.00      0.00     20.96
10:29:00 PM     all     80.65      0.00      0.50      0.00      0.00      0.75      0.75      0.00      0.00     17.34
10:29:01 PM     all     56.14      0.00      2.01      0.00      0.00      0.75      0.50      0.00      0.00     40.60
10:29:02 PM     all     63.07      0.00      1.01      0.00      0.00      0.75      0.75      0.00      0.00     34.42
10:29:03 PM     all     67.59      0.00      1.01      0.00      0.00      0.75      0.50      0.00      0.00     30.15
10:29:04 PM     all     66.83      0.00      0.50      0.00      0.00      0.50      0.75      0.00      0.00     31.41
10:29:05 PM     all     57.18      0.00      1.01      0.00      0.00      0.76      0.76      0.00      0.00     40.30
10:29:06 PM     all     51.51      0.00      0.50      0.00      0.00      0.75      0.50      0.00      0.00     46.73
10:29:07 PM     all     48.87      0.00      0.75      0.00      0.00      0.75      0.50      0.00      0.00     49.12
10:29:08 PM     all     66.33      0.00      0.75      0.00      0.00      0.50      0.50      0.00      0.00     31.91
10:29:09 PM     all     64.41      0.00      1.00      0.00      0.00      0.75      0.75      0.00      0.00     33.08
10:29:10 PM     all     66.58      0.00      0.50      0.25      0.00      0.75      0.75      0.00      0.00     31.17
10:29:11 PM     all     49.37      0.00      0.50      0.00      0.00      0.50      0.50      0.00      0.00     49.12
10:29:12 PM     all     57.07      0.00      1.01      0.00      0.00      0.76      0.76      0.00      0.00     40.40
10:29:13 PM     all     65.84      0.00      1.00      0.00      0.00      0.75      0.50      0.00      0.00     31.92
10:29:14 PM     all     63.32      0.00      1.01      0.00      0.00      0.75      0.50      0.00      0.00     34.42
10:29:15 PM     all     75.38      0.00      0.75      0.00      0.00      0.75      0.50      0.00      0.00     22.61
10:29:16 PM     all     72.29      0.00      1.01      0.00      0.00      0.76      0.76      0.00      0.00     25.19
10:29:17 PM     all     66.33      0.00      1.00      0.00      0.00      0.75      0.50      0.00      0.00     31.42
10:29:18 PM     all     67.17      0.00      0.51      0.00      0.00      0.76      0.51      0.00      0.00     31.06
10:29:19 PM     all     68.84      0.00      0.50      0.00      0.00      0.75      0.75      0.00      0.00     29.15
10:29:20 PM     all     69.02      0.00      0.76      0.00      0.00      0.50      0.50      0.00      0.00     29.22
10:29:21 PM     all     65.66      0.00      0.50      0.00      0.00      0.75      0.50      0.00      0.00     32.58
10:29:22 PM     all     70.93      0.00      0.75      0.00      0.00      0.75      0.75      0.00      0.00     26.82
10:29:23 PM     all     71.86      0.00      1.26      0.00      0.00      0.75      0.75      0.00      0.00     25.38
10:29:24 PM     all     72.14      0.00      0.50      0.00      0.00      1.00      0.75      0.00      0.00     25.62
10:29:25 PM     all     69.35      0.00      1.01      0.00      0.00      0.75      0.75      0.00      0.00     28.14
10:29:26 PM     all     65.74      0.00      0.25      0.00      0.00      0.76      0.50      0.00      0.00     32.75
10:29:27 PM     all     69.50      0.00      0.75      0.00      0.00      0.75      0.75      0.00      0.00     28.25
10:29:28 PM     all     49.75      0.00      1.01      0.00      0.00      0.51      0.51      0.00      0.00     48.23
10:29:29 PM     all     17.68      0.00      0.51      0.00      0.00      0.25      0.25      0.00      0.00     81.31
10:29:30 PM     all     18.34      0.00      0.50      0.00      0.00      0.25      0.25      0.00      0.00     80.65
10:29:31 PM     all     19.05      0.00      0.25      0.00      0.00      0.50      0.50      0.00      0.00     79.70
10:29:32 PM     all     18.09      0.00      0.25      0.00      0.00      0.25      0.25      0.00      0.00     81.16
10:29:33 PM     all     20.45      0.00      0.25      0.00      0.00      0.25      0.25      0.00      0.00     78.79
10:29:34 PM     all     18.80      0.00      0.50      0.00      0.00      0.25      0.25      0.00      0.00     80.20
10:29:35 PM     all     20.55      0.00      0.00      0.25      0.00      0.50      0.25      0.00      0.00     78.45
10:29:36 PM     all     19.45      0.00      0.50      0.00      0.00      0.25      0.25      0.00      0.00     79.55
10:29:37 PM     all     18.34      0.00      0.50      0.00      0.00      0.25      0.50      0.00      0.00     80.40
10:29:38 PM     all     20.10      0.00      0.25      0.00      0.00      0.25      0.25      0.00      0.00     79.15
10:29:39 PM     all     18.80      0.00      0.75      0.00      0.00      0.50      0.25      0.00      0.00     79.70
10:29:40 PM     all     15.87      0.00      0.25      0.00      0.00      0.25      0.50      0.00      0.00     83.12
10:29:41 PM     all     18.64      0.00      0.25      0.00      0.00      0.25      0.25      0.00      0.00     80.60
10:29:42 PM     all     16.75      0.00      0.50      0.00      0.00      0.50      0.50      0.00      0.00     81.75
10:29:43 PM     all     20.80      0.00      0.25      0.00      0.00      0.25      0.25      0.00      0.00     78.45
10:29:44 PM     all     17.63      0.00      0.50      0.00      0.00      0.25      0.25      0.00      0.00     81.36
10:29:45 PM     all     18.34      0.00      0.25      0.00      0.00      0.50      0.50      0.00      0.00     80.40
10:29:46 PM     all     19.85      0.00      0.25      0.00      0.00      0.25      0.25      0.00      0.00     79.40
10:29:47 PM     all     15.04      0.00      0.25      0.00      0.00      0.50      0.50      0.00      0.00     83.71
10:29:48 PM     all     19.14      0.00      0.25      0.00      0.00      0.25      0.25      0.00      0.00     80.10
10:29:49 PM     all     16.92      0.00      1.00      0.00      0.00      0.50      0.50      0.00      0.00     81.09
10:29:50 PM     all     16.83      0.00      0.50      0.25      0.00      0.25      0.25      0.00      0.00     81.91
10:29:51 PM     all     18.25      0.00      0.50      0.00      0.00      0.25      0.50      0.00      0.00     80.50
10:29:52 PM     all     18.59      0.00      0.50      0.00      0.00      0.50      0.25      0.00      0.00     80.15
10:29:53 PM     all     19.40      0.00      0.50      0.00      0.00      0.25      0.25      0.00      0.00     79.60
10:29:54 PM     all     18.89      0.00      0.50      0.00      0.00      0.25      0.25      0.00      0.00     80.10
10:29:55 PM     all     17.96      0.00      0.50      0.50      0.00      0.50      0.50      0.00      0.00     80.05
10:29:56 PM     all     18.84      0.00      0.50      0.00      0.00      0.25      0.25      0.00      0.00     80.15
10:29:57 PM     all     19.55      0.00      0.50      0.00      0.00      0.25      0.25      0.00      0.00     79.45
10:29:58 PM     all     18.70      0.00      6.48      0.00      0.00      0.25      0.50      0.00      0.00     74.06
10:29:59 PM     all     90.70      0.00      0.50      0.00      0.00      0.75      0.25      0.00      0.00      7.79
10:30:00 PM     all     88.69      0.00      0.75      0.00      0.00      0.75      0.50      0.00      0.00      9.30
10:30:01 PM     all     82.79      0.00      1.25      0.00      0.00      1.00      0.50      0.00      0.00     14.46
10:30:02 PM     all     79.09      0.00      0.50      0.00      0.00      0.76      0.76      0.00      0.00     18.89
10:30:03 PM     all     66.50      0.00      0.76      0.00      0.00      0.76      0.50      0.00      0.00     31.49
10:30:04 PM     all     64.99      0.00      1.01      0.00      0.00      0.76      0.76      0.00      0.00     32.49
10:30:05 PM     all     59.95      0.00      0.76      0.00      0.00      0.50      0.50      0.00      0.00     38.29
10:30:06 PM     all     71.79      0.00      0.25      0.00      0.00      0.76      0.50      0.00      0.00     26.70
10:30:07 PM     all     66.00      0.00      1.00      0.00      0.00      0.75      0.75      0.00      0.00     31.50
10:30:08 PM     all     75.00      0.00      0.75      0.00      0.00      0.75      0.50      0.00      0.00     23.00
10:30:09 PM     all     72.29      0.00      0.76      0.00      0.00      0.76      0.50      0.00      0.00     25.69
10:30:10 PM     all     70.78      0.00      1.01      0.00      0.00      0.76      0.76      0.00      0.00     26.70
10:30:11 PM     all     71.46      0.00      0.25      0.00      0.00      0.76      0.51      0.00      0.00     27.02
10:30:12 PM     all     59.45      0.00      0.50      0.00      0.00      0.50      0.50      0.00      0.00     39.04
10:30:13 PM     all     60.00      0.00      0.50      0.00      0.00      0.75      0.75      0.00      0.00     38.00
10:30:14 PM     all     61.62      0.00      0.51      0.00      0.00      0.76      0.76      0.00      0.00     36.36
10:30:15 PM     all     71.68      0.00      0.75      0.00      0.00      0.75      0.50      0.00      0.00     26.32
10:30:16 PM     all     71.61      0.00      0.75      0.00      0.00      0.75      0.50      0.00      0.00     26.38
10:30:17 PM     all     70.60      0.00      0.50      0.00      0.00      1.01      0.75      0.00      0.00     27.14
10:30:18 PM     all     67.92      0.00      0.75      0.00      0.00      0.50      0.50      0.00      0.00     30.33
10:30:19 PM     all     67.92      0.00      0.75      0.00      0.00      0.75      0.50      0.00      0.00     30.08
10:30:20 PM     all     60.71      0.00      0.76      0.00      0.00      0.76      0.76      0.00      0.00     37.03
10:30:21 PM     all     51.25      0.00      0.25      0.00      0.00      0.75      0.50      0.00      0.00     47.25
10:30:22 PM     all     62.81      0.00      0.50      0.00      0.00      0.50      0.75      0.00      0.00     35.43
10:30:23 PM     all     70.78      0.00      1.01      0.00      0.00      0.76      0.50      0.00      0.00     26.95
10:30:24 PM     all     71.93      0.00      0.50      0.00      0.00      1.00      0.75      0.00      0.00     25.81
10:30:25 PM     all     64.50      0.00      1.00      0.50      0.00      0.75      0.75      0.00      0.00     32.50
10:30:26 PM     all     74.81      0.00      1.26      0.00      0.00      0.76      0.50      0.00      0.00     22.67
10:30:27 PM     all     65.49      0.00      1.26      0.00      0.00      0.50      0.50      0.00      0.00     32.24
10:30:28 PM     all     67.59      0.00      0.75      0.00      0.00      0.75      0.50      0.00      0.00     30.40
10:30:29 PM     all     19.80      0.00      0.50      0.00      0.00      0.25      0.50      0.00      0.00     78.95
10:30:30 PM     all     18.30      0.00      0.50      0.00      0.00      0.25      0.25      0.00      0.00     80.70
10:30:31 PM     all     16.58      0.00      0.25      0.00      0.00      0.50      0.25      0.00      0.00     82.41
10:30:32 PM     all     17.09      0.00      0.50      0.00      0.00      0.25      0.25      0.00      0.00     81.91
10:30:33 PM     all     15.50      0.00      0.50      0.00      0.00      0.50      0.75      0.00      0.00     82.75
10:30:34 PM     all     19.40      0.00      0.50      0.00      0.00      0.25      0.25      0.00      0.00     79.60
10:30:35 PM     all     17.93      0.00      0.25      0.00      0.00      0.25      0.25      0.00      0.00     81.31
10:30:36 PM     all     17.50      0.00      0.50      0.00      0.00      0.50      0.50      0.00      0.00     81.00
10:30:37 PM     all     21.16      0.00      0.25      0.00      0.00      0.25      0.00      0.00      0.00     78.34
10:30:38 PM     all     19.75      0.00      0.50      0.00      0.00      0.25      0.50      0.00      0.00     79.00
10:30:39 PM     all     14.61      0.00      0.50      0.00      0.00      0.25      0.25      0.00      0.00     84.38
10:30:40 PM     all     18.55      0.00      0.25      0.25      0.00      0.25      0.25      0.00      0.00     80.45
10:30:41 PM     all     18.59      0.00      0.25      0.00      0.00      0.50      0.50      0.00      0.00     80.15
10:30:42 PM     all     20.05      0.00      0.25      0.00      0.00      0.25      0.25      0.00      0.00     79.20
10:30:43 PM     all     19.10      0.00      0.25      0.00      0.00      0.25      0.25      0.00      0.00     80.15
10:30:44 PM     all     19.30      0.00      0.50      0.00      0.00      0.25      0.25      0.00      0.00     79.70
10:30:45 PM     all     18.30      0.00      0.50      0.00      0.00      0.25      0.25      0.00      0.00     80.70
10:30:46 PM     all     19.00      0.00      0.50      0.00      0.00      0.50      0.25      0.00      0.00     79.75
10:30:47 PM     all     20.10      0.00      0.50      0.00      0.00      0.25      0.25      0.00      0.00     78.89
10:30:48 PM     all     17.04      0.00      0.25      0.00      0.00      0.25      0.25      0.00      0.00     82.21
10:30:49 PM     all     19.85      0.00      0.25      0.00      0.00      0.25      0.25      0.00      0.00     79.40
10:30:50 PM     all     17.54      0.00      0.50      0.00      0.00      0.50      0.50      0.00      0.00     80.95
10:30:51 PM     all     19.90      0.00      0.00      0.00      0.00      0.25      0.25      0.00      0.00     79.60
10:30:52 PM     all     20.05      0.00      0.50      0.00      0.00      0.25      0.25      0.00      0.00     78.95
10:30:53 PM     all     16.83      0.00      0.00      0.00      0.00      0.50      0.50      0.00      0.00     82.16
10:30:54 PM     all     15.58      0.00      0.50      0.00      0.00      0.50      0.25      0.00      0.00     83.17
10:30:55 PM     all     20.50      0.00      0.50      0.25      0.00      0.25      0.25      0.00      0.00     78.25
10:30:56 PM     all     18.09      0.00      0.50      0.00      0.00      0.25      0.50      0.00      0.00     80.65
10:30:57 PM     all     16.46      0.00      0.50      0.00      0.00      0.50      0.50      0.00      0.00     82.04
10:30:58 PM     all     19.35      0.00      0.25      0.00      0.00      0.25      0.25      0.00      0.00     79.90
10:30:59 PM     all     48.99      0.00      6.53      0.00      0.00      0.50      0.50      0.00      0.00     43.47
10:31:00 PM     all     70.03      0.00      0.50      0.00      0.00      0.76      0.25      0.00      0.00     28.46
10:31:01 PM     all     59.30      0.00      2.01      0.00      0.00      0.75      0.75      0.00      0.00     37.19
10:31:02 PM     all     73.80      0.00      0.76      0.00      0.00      0.76      0.50      0.00      0.00     24.18
10:31:03 PM     all     66.08      0.00      1.26      0.00      0.00      0.75      0.75      0.00      0.00     31.16
10:31:04 PM     all     69.00      0.00      1.00      0.00      0.00      0.75      0.50      0.00      0.00     28.75
10:31:05 PM     all     66.08      0.00      1.25      0.25      0.00      0.50      0.50      0.00      0.00     31.42
10:31:06 PM     all     72.22      0.00      1.26      0.00      0.00      0.76      0.51      0.00      0.00     25.25
10:31:07 PM     all     61.50      0.00      1.25      0.00      0.00      0.75      0.75      0.00      0.00     35.75
10:31:08 PM     all     65.91      0.00      1.26      0.00      0.00      0.76      0.51      0.00      0.00     31.57
10:31:09 PM     all     52.76      0.00      1.26      0.00      0.00      0.50      0.50      0.00      0.00     44.97
10:31:10 PM     all     50.87      0.00      1.50      0.00      0.00      0.75      0.50      0.00      0.00     46.38
10:31:11 PM     all     65.40      0.00      0.51      0.00      0.00      0.76      0.76      0.00      0.00     32.58
10:31:12 PM     all     51.26      0.00      1.01      0.00      0.00      0.50      0.50      0.00      0.00     46.73
10:31:13 PM     all     53.15      0.00      1.26      0.00      0.00      0.76      0.50      0.00      0.00     44.33
10:31:14 PM     all     55.28      0.00      0.75      0.00      0.00      0.75      0.75      0.00      0.00     42.46
10:31:15 PM     all     67.76      0.00      1.01      0.00      0.00      0.76      0.50      0.00      0.00     29.97
10:31:16 PM     all     64.90      0.00      1.52      0.00      0.00      0.51      0.51      0.00      0.00     32.58
10:31:17 PM     all     43.61      0.00      1.50      0.00      0.00      0.75      0.50      0.00      0.00     53.63
10:31:18 PM     all     61.19      0.00      1.99      0.00      0.00      0.75      0.75      0.00      0.00     35.32
10:31:19 PM     all     61.40      0.00      1.00      0.00      0.00      0.75      0.50      0.00      0.00     36.34
10:31:20 PM     all     72.75      0.00      2.50      0.25      0.00      0.50      0.50      0.00      0.00     23.50
10:31:21 PM     all     77.25      0.00      2.50      0.00      0.00      0.75      0.50      0.00      0.00     19.00
10:31:22 PM     all     77.69      0.00      1.75      0.00      0.00      0.75      0.50      0.00      0.00     19.30
10:31:23 PM     all     63.22      0.00      2.27      0.00      0.00      0.76      0.50      0.00      0.00     33.25
10:31:24 PM     all     66.92      0.00      2.01      0.00      0.00      0.75      0.75      0.00      0.00     29.57
10:31:25 PM     all     62.66      0.00      1.25      0.00      0.00      0.75      0.75      0.00      0.00     34.59
10:31:26 PM     all     58.19      0.00      2.02      0.00      0.00      0.76      0.50      0.00      0.00     38.54
10:31:27 PM     all     62.16      0.00      2.01      0.00      0.00      0.50      0.50      0.00      0.00     34.84
10:31:28 PM     all     60.25      0.00      1.25      0.00      0.00      0.75      0.50      0.00      0.00     37.25
10:31:29 PM     all     29.32      0.00      2.01      0.00      0.00      0.50      0.50      0.00      0.00     67.67
10:31:30 PM     all     13.50      0.00      1.25      0.00      0.00      0.50      0.50      0.00      0.00     84.25
10:31:31 PM     all     16.04      0.00      1.50      0.00      0.00      0.25      0.25      0.00      0.00     81.95
10:31:32 PM     all     20.15      0.00      1.00      0.00      0.00      0.25      0.25      0.00      0.00     78.36
10:31:33 PM     all     18.09      0.00      1.76      0.00      0.00      0.25      0.25      0.00      0.00     79.65
10:31:34 PM     all     17.21      0.00      1.00      0.00      0.00      0.50      0.50      0.00      0.00     80.80
10:31:35 PM     all     18.70      0.00      1.75      0.25      0.00      0.25      0.50      0.00      0.00     78.55
10:31:36 PM     all     18.45      0.00      1.75      0.00      0.00      0.25      0.25      0.00      0.00     79.30
10:31:37 PM     all     17.21      0.00      2.00      0.00      0.00      0.50      0.25      0.00      0.00     80.05
10:31:38 PM     all     18.41      0.00      1.99      0.00      0.00      0.25      0.50      0.00      0.00     78.86
10:31:39 PM     all     15.96      0.00      1.75      0.00      0.00      0.25      0.25      0.00      0.00     81.80
10:31:40 PM     all     16.87      0.00      2.23      0.25      0.00      0.50      0.50      0.00      0.00     79.65
10:31:41 PM     all     19.06      0.00      2.23      0.00      0.00      0.25      0.25      0.00      0.00     78.22
10:31:42 PM     all     16.17      0.00      1.99      0.00      0.00      0.25      0.25      0.00      0.00     81.34
10:31:43 PM     all     18.66      0.00      1.99      0.00      0.00      0.25      0.25      0.00      0.00     78.86
10:31:44 PM     all     19.70      0.00      1.50      0.00      0.00      0.25      0.25      0.00      0.00     78.30
10:31:45 PM     all     15.80      0.00      2.22      0.00      0.00      0.49      0.49      0.00      0.00     80.99
10:31:46 PM     all     18.00      0.00      1.50      0.00      0.00      0.25      0.25      0.00      0.00     80.00
10:31:47 PM     all     19.26      0.00      1.48      0.00      0.00      0.49      0.49      0.00      0.00     78.27
10:31:48 PM     all     19.40      0.00      1.99      0.00      0.00      0.25      0.25      0.00      0.00     78.11
10:31:49 PM     all     17.25      0.00      1.25      0.00      0.00      0.25      0.25      0.00      0.00     81.00
10:31:50 PM     all     18.00      0.00      1.75      0.00      0.00      0.25      0.25      0.00      0.00     79.75
10:31:51 PM     all     18.61      0.00      1.49      0.00      0.00      0.50      0.25      0.00      0.00     79.16
10:31:52 PM     all     17.91      0.00      1.74      0.00      0.00      0.25      0.50      0.00      0.00     79.60
10:31:53 PM     all     16.21      0.00      1.50      0.00      0.00      0.25      0.25      0.00      0.00     81.80
10:31:54 PM     all     17.46      0.00      1.50      0.00      0.00      0.50      0.50      0.00      0.00     80.05
10:31:55 PM     all     14.32      0.00      1.98      0.25      0.00      0.25      0.25      0.00      0.00     82.96
10:31:56 PM     all     18.81      0.00      2.23      0.00      0.00      0.25      0.25      0.00      0.00     78.47
10:31:57 PM     all     16.54      0.00      1.73      0.00      0.00      0.49      0.49      0.00      0.00     80.74
10:31:58 PM     all     16.42      0.00      1.99      0.00      0.00      0.25      0.25      0.00      0.00     81.09
10:31:59 PM     all     16.67      0.00      6.72      0.00      0.00      0.25      0.25      0.00      0.00     76.12
10:32:00 PM     all     63.75      0.00      2.25      0.00      0.00      0.75      0.75      0.00      0.00     32.50
10:32:01 PM     all     52.00      0.00      2.00      0.00      0.00      0.75      0.75      0.00      0.00     44.50
10:32:02 PM     all     52.74      0.00      1.49      0.00      0.00      0.75      0.50      0.00      0.00     44.53
10:32:03 PM     all     53.87      0.00      2.00      0.00      0.00      0.75      0.75      0.00      0.00     42.64
10:32:04 PM     all     54.98      0.00      1.74      0.00      0.00      0.50      0.50      0.00      0.00     42.29
10:32:05 PM     all     65.92      0.00      1.24      0.00      0.00      0.75      0.75      0.00      0.00     31.34
10:32:06 PM     all     48.87      0.00      1.25      0.00      0.00      0.75      0.50      0.00      0.00     48.62
10:32:07 PM     all     51.00      0.00      1.24      0.00      0.00      0.50      0.50      0.00      0.00     46.77
10:32:08 PM     all     61.35      0.00      1.25      0.00      0.00      0.75      0.50      0.00      0.00     36.16
10:32:09 PM     all     63.25      0.00      1.50      0.00      0.00      0.50      0.75      0.00      0.00     34.00
10:32:10 PM     all     67.41      0.00      1.49      0.25      0.00      1.00      0.50      0.00      0.00     29.35
10:32:11 PM     all     74.31      0.00      1.50      0.00      0.00      0.50      0.50      0.00      0.00     23.19
10:32:12 PM     all     80.50      0.00      2.00      0.00      0.00      1.00      0.50      0.00      0.00     16.00
10:32:13 PM     all     73.95      0.00      0.99      0.00      0.00      0.74      0.74      0.00      0.00     23.57
10:32:14 PM     all     74.19      0.00      1.50      0.00      0.00      0.75      0.75      0.00      0.00     22.81
10:32:15 PM     all     75.81      0.00      1.75      0.00      0.00      0.75      0.75      0.00      0.00     20.95
10:32:16 PM     all     59.35      0.00      1.25      0.00      0.00      0.75      0.50      0.00      0.00     38.15
10:32:17 PM     all     71.00      0.00      1.00      0.00      0.00      0.75      0.50      0.00      0.00     26.75
10:32:18 PM     all     58.56      0.00      1.49      0.00      0.00      0.74      0.74      0.00      0.00     38.46
10:32:19 PM     all     60.50      0.00      1.50      0.00      0.00      0.50      0.25      0.00      0.00     37.25
10:32:20 PM     all     56.75      0.00      1.25      0.00      0.00      0.75      0.75      0.00      0.00     40.50
10:32:21 PM     all     71.14      0.00      1.24      0.00      0.00      0.75      0.50      0.00      0.00     26.37
10:32:22 PM     all     57.50      0.00      1.50      0.00      0.00      0.75      0.75      0.00      0.00     39.50
10:32:23 PM     all     45.64      0.00      1.00      0.00      0.00      0.50      0.50      0.00      0.00     52.37
10:32:24 PM     all     55.09      0.00      0.74      0.00      0.00      0.74      0.74      0.00      0.00     42.68
10:32:25 PM     all     63.34      0.00      1.00      0.25      0.00      0.75      0.50      0.00      0.00     34.16
10:32:26 PM     all     75.31      0.00      1.25      0.00      0.00      0.75      0.75      0.00      0.00     21.95
10:32:27 PM     all     79.00      0.00      1.00      0.00      0.00      0.75      0.50      0.00      0.00     18.75
10:32:28 PM     all     64.25      0.00      1.00      0.00      0.00      0.75      0.75      0.00      0.00     33.25
10:32:29 PM     all     60.85      0.00      1.25      0.00      0.00      0.75      0.50      0.00      0.00     36.66
10:32:30 PM     all     18.39      0.00      0.50      0.00      0.00      0.25      0.50      0.00      0.00     80.35
10:32:31 PM     all     18.59      0.00      0.25      0.00      0.00      0.50      0.25      0.00      0.00     80.40
10:32:32 PM     all     19.85      0.00      0.25      0.00      0.00      0.25      0.25      0.00      0.00     79.40
10:32:33 PM     all     18.30      0.00      0.25      0.00      0.00      0.25      0.50      0.00      0.00     80.70
10:32:34 PM     all     19.25      0.00      0.25      0.00      0.00      0.50      0.25      0.00      0.00     79.75
10:32:35 PM     all     19.90      0.00      0.25      0.00      0.00      0.25      0.25      0.00      0.00     79.35
10:32:36 PM     all     19.50      0.00      0.50      0.00      0.00      0.25      0.50      0.00      0.00     79.25
10:32:37 PM     all     16.58      0.00      0.25      0.00      0.00      0.25      0.25      0.00      0.00     82.66
10:32:38 PM     all     17.54      0.00      0.25      0.00      0.00      0.50      0.50      0.00      0.00     81.20
10:32:39 PM     all     16.12      0.00      0.50      0.00      0.00      0.25      0.25      0.00      0.00     82.87
10:32:40 PM     all     19.00      0.00      0.50      0.25      0.00      0.25      0.25      0.00      0.00     79.75
10:32:41 PM     all     20.10      0.00      0.00      0.00      0.00      0.25      0.25      0.00      0.00     79.40
10:32:42 PM     all     19.95      0.00      0.50      0.00      0.00      0.50      0.50      0.00      0.00     78.55
10:32:43 PM     all     16.62      0.00      0.50      0.00      0.00      0.25      0.25      0.00      0.00     82.37
10:32:44 PM     all     21.25      0.00      0.50      0.00      0.00      0.25      0.25      0.00      0.00     77.75
10:32:45 PM     all     20.80      0.00      0.50      0.00      0.00      0.25      0.50      0.00      0.00     77.94
10:32:46 PM     all     15.79      0.00      0.25      0.00      0.00      0.50      0.50      0.00      0.00     82.96
10:32:47 PM     all     19.35      0.00      0.00      0.00      0.00      0.25      0.25      0.00      0.00     80.15
10:32:48 PM     all     19.55      0.00      0.50      0.00      0.00      0.50      0.25      0.00      0.00     79.20
10:32:49 PM     all     18.09      0.00      0.25      0.25      0.00      0.25      0.25      0.00      0.00     80.90
10:32:50 PM     all     15.71      0.00      0.50      0.00      0.00      0.50      0.50      0.00      0.00     82.79
10:32:51 PM     all     20.60      0.00      0.50      0.00      0.00      0.25      0.25      0.00      0.00     78.39
10:32:52 PM     all     17.71      0.00      0.75      0.00      0.00      0.25      0.25      0.00      0.00     81.05
10:32:53 PM     all     16.04      0.00      0.25      0.00      0.00      0.50      0.50      0.00      0.00     82.71
10:32:54 PM     all     14.07      0.00      0.25      0.00      0.00      0.25      0.25      0.00      0.00     85.18
10:32:55 PM     all     17.04      0.00      0.50      0.00      0.00      0.25      0.50      0.00      0.00     81.70
10:32:56 PM     all     20.15      0.00      0.25      0.00      0.00      0.25      0.25      0.00      0.00     79.09
10:32:57 PM     all     16.83      0.00      0.25      0.00      0.00      0.50      0.25      0.00      0.00     82.16
10:32:58 PM     all     17.75      0.00      0.75      0.00      0.00      0.25      0.25      0.00      0.00     81.00
10:32:59 PM     all     18.00      0.00      0.50      0.00      0.00      0.50      0.50      0.00      0.00     80.50
10:33:00 PM     all      4.02      0.00      0.25      0.25      0.00      0.00      0.00      0.00      0.00     95.48
10:33:01 PM     all      1.00      0.00      1.25      0.00      0.00      0.25      0.25      0.00      0.00     97.26
10:33:02 PM     all      0.00      0.00      0.25      0.00      0.00      0.00      0.00      0.00      0.00     99.75
10:33:03 PM     all      0.50      0.00      0.25      0.00      0.00      0.25      0.00      0.00      0.00     99.00
10:33:04 PM     all      0.00      0.00      0.25      0.00      0.00      0.00      0.00      0.00      0.00     99.75
10:33:05 PM     all      0.50      0.00      0.25      0.00      0.00      0.25      0.25      0.00      0.00     98.75
Average:        all     41.43      0.00      1.08      0.02      0.00      0.52      0.46      0.00      0.00     56.49
