Linux 4.9.253-tegra (nano-desktop) 	08/16/2023 	_aarch64_	(4 CPU)

09:49:55 PM     CPU      %usr     %nice      %sys   %iowait    %steal      %irq     %soft    %guest    %gnice     %idle
09:49:56 PM     all     17.62      0.00     14.89      0.00      0.00      0.50      0.50      0.00      0.00     66.50
09:49:57 PM     all     18.86      0.00      1.49      0.00      0.00      0.25      0.25      0.00      0.00     79.16
09:49:58 PM     all     20.25      0.00      1.25      0.00      0.00      0.25      0.25      0.00      0.00     78.00
09:49:59 PM     all     19.95      0.00      0.50      0.25      0.00      0.50      0.25      0.00      0.00     78.55
09:50:00 PM     all     17.46      0.00      2.00      0.00      0.00      0.25      0.50      0.00      0.00     79.80
09:50:01 PM     all     19.30      0.00      0.50      0.00      0.00      0.25      0.25      0.00      0.00     79.70
09:50:02 PM     all     18.32      0.00      0.99      0.00      0.00      0.50      0.50      0.00      0.00     79.70
09:50:03 PM     all     17.79      0.00      0.50      0.00      0.00      0.25      0.25      0.00      0.00     81.20
09:50:04 PM     all     19.10      0.00      0.75      0.00      0.00      0.25      0.25      0.00      0.00     79.65
09:50:05 PM     all     21.09      0.00      0.50      0.00      0.00      0.25      0.25      0.00      0.00     77.92
09:50:06 PM     all     18.75      0.00      0.50      0.00      0.00      0.50      0.25      0.00      0.00     80.00
09:50:07 PM     all     17.71      0.00      0.50      0.00      0.00      0.25      0.50      0.00      0.00     81.05
09:50:08 PM     all     17.25      0.00      0.75      0.00      0.00      0.25      0.50      0.00      0.00     81.25
09:50:09 PM     all     17.96      0.00      0.25      0.25      0.00      0.25      0.25      0.00      0.00     81.05
09:50:10 PM     all     18.55      0.00      0.25      0.00      0.00      0.50      0.25      0.00      0.00     80.45
09:50:11 PM     all     20.55      0.00      0.50      0.00      0.00      0.25      0.25      0.00      0.00     78.45
09:50:12 PM     all     19.60      0.00      0.50      0.00      0.00      0.25      0.25      0.00      0.00     79.40
09:50:13 PM     all     20.05      0.00      0.25      0.00      0.00      0.25      0.25      0.00      0.00     79.20
09:50:14 PM     all     17.71      0.00      0.50      0.00      0.00      0.50      0.50      0.00      0.00     80.80
09:50:15 PM     all     17.75      0.00      0.50      0.00      0.00      0.25      0.25      0.00      0.00     81.25
09:50:16 PM     all     19.05      0.00      0.50      0.00      0.00      0.25      0.25      0.00      0.00     79.95
09:50:17 PM     all     17.29      0.00      0.25      0.00      0.00      0.25      0.50      0.00      0.00     81.70
09:50:18 PM     all     16.54      0.00      0.50      0.00      0.00      0.50      0.25      0.00      0.00     82.21
09:50:19 PM     all     17.54      0.00      0.50      0.00      0.00      0.25      0.50      0.00      0.00     81.20
09:50:20 PM     all     16.83      0.00      0.25      0.00      0.00      0.50      0.25      0.00      0.00     82.16
09:50:21 PM     all     19.90      0.00      0.25      0.00      0.00      0.25      0.25      0.00      0.00     79.35
09:50:22 PM     all     20.15      0.00      0.25      0.00      0.00      0.25      0.25      0.00      0.00     79.09
09:50:23 PM     all     20.10      0.00      0.25      0.00      0.00      0.25      0.25      0.00      0.00     79.15
09:50:24 PM     all     19.30      0.00      0.25      0.25      0.00      0.25      0.50      0.00      0.00     79.45
09:50:25 PM     all     43.72      0.00      6.53      0.00      0.00      0.75      0.25      0.00      0.00     48.74
09:50:26 PM     all     94.74      0.00      4.26      0.00      0.00      0.75      0.25      0.00      0.00      0.00
09:50:27 PM     all     92.54      0.00      5.97      0.00      0.00      0.75      0.50      0.00      0.00      0.25
09:50:28 PM     all     97.00      0.00      1.75      0.00      0.00      0.75      0.50      0.00      0.00      0.00
09:50:29 PM     all     96.74      0.00      1.75      0.00      0.00      1.00      0.50      0.00      0.00      0.00
09:50:30 PM     all     97.51      0.00      1.00      0.00      0.00      1.00      0.50      0.00      0.00      0.00
09:50:31 PM     all     97.74      0.00      1.26      0.00      0.00      0.75      0.25      0.00      0.00      0.00
09:50:32 PM     all     96.00      0.00      2.25      0.00      0.00      1.00      0.75      0.00      0.00      0.00
09:50:33 PM     all     97.01      0.00      1.50      0.00      0.00      1.00      0.50      0.00      0.00      0.00
09:50:34 PM     all     97.49      0.00      1.01      0.00      0.00      1.01      0.50      0.00      0.00      0.00
09:50:35 PM     all     97.51      0.00      1.00      0.00      0.00      1.00      0.50      0.00      0.00      0.00
09:50:36 PM     all     98.00      0.00      0.75      0.00      0.00      1.00      0.25      0.00      0.00      0.00
09:50:37 PM     all     98.00      0.00      0.75      0.00      0.00      0.75      0.50      0.00      0.00      0.00
09:50:38 PM     all     97.50      0.00      1.00      0.00      0.00      1.00      0.50      0.00      0.00      0.00
09:50:39 PM     all     97.51      0.00      1.00      0.00      0.00      1.00      0.50      0.00      0.00      0.00
09:50:40 PM     all     97.26      0.00      1.25      0.00      0.00      1.00      0.50      0.00      0.00      0.00
09:50:41 PM     all     97.74      0.00      0.75      0.00      0.00      1.00      0.50      0.00      0.00      0.00
09:50:42 PM     all     98.00      0.00      0.75      0.00      0.00      1.00      0.25      0.00      0.00      0.00
09:50:43 PM     all     96.76      0.00      1.50      0.00      0.00      1.00      0.75      0.00      0.00      0.00
09:50:44 PM     all     97.49      0.00      1.00      0.00      0.00      1.00      0.50      0.00      0.00      0.00
09:50:45 PM     all     97.26      0.00      1.25      0.00      0.00      1.00      0.50      0.00      0.00      0.00
09:50:46 PM     all     95.75      0.00      2.00      0.00      0.00      1.25      1.00      0.00      0.00      0.00
09:50:47 PM     all     98.00      0.00      1.00      0.00      0.00      0.75      0.25      0.00      0.00      0.00
09:50:48 PM     all     97.00      0.00      1.00      0.00      0.00      1.25      0.75      0.00      0.00      0.00
09:50:49 PM     all     97.50      0.00      1.00      0.00      0.00      1.00      0.50      0.00      0.00      0.00
09:50:50 PM     all     97.24      0.00      1.25      0.00      0.00      1.00      0.50      0.00      0.00      0.00
09:50:51 PM     all     95.76      0.00      2.24      0.00      0.00      1.00      1.00      0.00      0.00      0.00
09:50:52 PM     all     97.51      0.00      0.75      0.00      0.00      1.25      0.50      0.00      0.00      0.00
09:50:53 PM     all     97.74      0.00      1.01      0.00      0.00      0.75      0.50      0.00      0.00      0.00
09:50:54 PM     all     96.75      0.00      1.75      0.00      0.00      1.00      0.50      0.00      0.00      0.00
09:50:55 PM     all     67.67      0.00      1.50      0.00      0.00      0.75      0.50      0.00      0.00     29.57
09:50:56 PM     all     17.04      0.00      0.25      0.00      0.00      0.50      0.50      0.00      0.00     81.70
09:50:57 PM     all     19.55      0.00      0.75      0.00      0.00      0.25      0.25      0.00      0.00     79.20
09:50:58 PM     all     15.37      0.00      0.25      0.00      0.00      0.25      0.25      0.00      0.00     83.88
09:50:59 PM     all     19.10      0.00      0.25      0.00      0.00      0.50      0.50      0.00      0.00     79.65
09:51:00 PM     all     20.00      0.00      1.25      0.00      0.00      0.25      0.25      0.00      0.00     78.25
09:51:01 PM     all     17.09      0.00      0.50      0.00      0.00      0.25      0.25      0.00      0.00     81.91
09:51:02 PM     all     17.09      0.00      0.25      0.00      0.00      0.50      0.50      0.00      0.00     81.66
09:51:03 PM     all     16.33      0.00      0.50      0.00      0.00      0.25      0.25      0.00      0.00     82.66
09:51:04 PM     all     15.79      0.00      0.75      0.00      0.00      0.50      0.25      0.00      0.00     82.71
09:51:05 PM     all     17.13      0.00      0.25      0.00      0.00      0.25      0.50      0.00      0.00     81.86
09:51:06 PM     all     17.54      0.00      0.50      0.00      0.00      0.25      0.25      0.00      0.00     81.45
09:51:07 PM     all     19.80      0.00      0.25      0.00      0.00      0.50      0.25      0.00      0.00     79.20
09:51:08 PM     all     19.60      0.00      0.50      0.00      0.00      0.25      0.25      0.00      0.00     79.40
09:51:09 PM     all     17.41      0.00      1.00      0.25      0.00      0.25      0.50      0.00      0.00     80.60
09:51:10 PM     all     18.43      0.00      0.25      0.00      0.00      0.51      0.25      0.00      0.00     80.56
09:51:11 PM     all     19.80      0.00      0.50      0.00      0.00      0.25      0.25      0.00      0.00     79.20
09:51:12 PM     all     16.83      0.00      0.00      0.00      0.00      0.25      0.50      0.00      0.00     82.41
09:51:13 PM     all     21.05      0.00      0.50      0.00      0.00      0.25      0.25      0.00      0.00     77.94
09:51:14 PM     all     17.13      0.00      0.50      0.00      0.00      0.50      0.25      0.00      0.00     81.61
09:51:15 PM     all     20.10      0.00      0.50      0.00      0.00      0.25      0.25      0.00      0.00     78.89
09:51:16 PM     all     15.58      0.00      0.50      0.00      0.00      0.25      0.50      0.00      0.00     83.17
09:51:17 PM     all     20.95      0.00      0.25      0.00      0.00      0.25      0.25      0.00      0.00     78.30
09:51:18 PM     all     18.43      0.00      0.00      0.00      0.00      0.51      0.25      0.00      0.00     80.81
09:51:19 PM     all     18.05      0.00      0.25      0.25      0.00      0.25      0.25      0.00      0.00     80.95
09:51:20 PM     all     16.58      0.00      0.25      0.00      0.00      0.25      0.50      0.00      0.00     82.41
09:51:21 PM     all     15.08      0.00      0.25      0.00      0.00      0.25      0.25      0.00      0.00     84.17
09:51:22 PM     all     18.34      0.00      0.25      0.00      0.00      0.25      0.25      0.00      0.00     80.90
09:51:23 PM     all     16.25      0.00      0.50      0.00      0.00      0.50      0.50      0.00      0.00     82.25
09:51:24 PM     all     18.59      0.00      0.25      0.00      0.00      0.25      0.25      0.00      0.00     80.65
09:51:25 PM     all     17.04      0.00      0.50      0.00      0.00      0.50      0.25      0.00      0.00     81.70
09:51:26 PM     all     53.63      0.00      7.52      0.00      0.00      0.50      0.50      0.00      0.00     37.84
09:51:27 PM     all     87.97      0.00     11.03      0.00      0.00      0.75      0.25      0.00      0.00      0.00
09:51:28 PM     all     89.72      0.00      9.27      0.00      0.00      0.75      0.25      0.00      0.00      0.00
09:51:29 PM     all     94.26      0.00      4.24      0.00      0.00      1.00      0.50      0.00      0.00      0.00
09:51:30 PM     all     97.50      0.00      1.25      0.00      0.00      0.75      0.50      0.00      0.00      0.00
09:51:31 PM     all     97.00      0.00      1.50      0.00      0.00      1.00      0.50      0.00      0.00      0.00
09:51:32 PM     all     97.24      0.00      1.50      0.00      0.00      1.00      0.25      0.00      0.00      0.00
09:51:33 PM     all     96.76      0.00      1.75      0.00      0.00      1.00      0.50      0.00      0.00      0.00
09:51:34 PM     all     97.75      0.00      1.00      0.00      0.00      0.75      0.50      0.00      0.00      0.00
09:51:35 PM     all     97.25      0.00      1.25      0.00      0.00      1.00      0.50      0.00      0.00      0.00
09:51:36 PM     all     97.99      0.00      0.75      0.00      0.00      1.00      0.25      0.00      0.00      0.00
09:51:37 PM     all     96.77      0.00      1.49      0.00      0.00      1.00      0.50      0.00      0.00      0.25
09:51:38 PM     all     97.75      0.00      0.75      0.00      0.00      1.00      0.50      0.00      0.00      0.00
09:51:39 PM     all     96.98      0.00      1.26      0.00      0.00      1.01      0.75      0.00      0.00      0.00
09:51:40 PM     all     97.52      0.00      0.99      0.00      0.00      0.99      0.50      0.00      0.00      0.00
09:51:41 PM     all     96.73      0.00      1.76      0.00      0.00      1.01      0.50      0.00      0.00      0.00
09:51:42 PM     all     96.24      0.00      2.26      0.00      0.00      1.00      0.50      0.00      0.00      0.00
09:51:43 PM     all     95.51      0.00      2.99      0.00      0.00      1.00      0.50      0.00      0.00      0.00
09:51:44 PM     all     96.50      0.00      2.00      0.00      0.00      1.00      0.50      0.00      0.00      0.00
09:51:45 PM     all     97.50      0.00      1.00      0.00      0.00      1.00      0.50      0.00      0.00      0.00
09:51:46 PM     all     97.99      0.00      1.01      0.00      0.00      0.75      0.25      0.00      0.00      0.00
09:51:47 PM     all     96.78      0.00      1.24      0.00      0.00      1.24      0.74      0.00      0.00      0.00
09:51:48 PM     all     98.25      0.00      0.75      0.00      0.00      0.75      0.25      0.00      0.00      0.00
09:51:49 PM     all     97.50      0.00      1.00      0.00      0.00      1.00      0.50      0.00      0.00      0.00
09:51:50 PM     all     97.25      0.00      1.00      0.00      0.00      1.25      0.50      0.00      0.00      0.00
09:51:51 PM     all     98.00      0.00      0.50      0.00      0.00      1.00      0.50      0.00      0.00      0.00
09:51:52 PM     all     98.00      0.00      0.75      0.00      0.00      0.75      0.50      0.00      0.00      0.00
09:51:53 PM     all     97.51      0.00      0.75      0.00      0.00      1.25      0.50      0.00      0.00      0.00
09:51:54 PM     all     95.99      0.00      2.01      0.00      0.00      1.00      1.00      0.00      0.00      0.00
09:51:55 PM     all     97.25      0.00      1.25      0.00      0.00      1.00      0.50      0.00      0.00      0.00
09:51:56 PM     all     58.65      0.00      1.25      0.00      0.00      0.50      0.25      0.00      0.00     39.35
09:51:57 PM     all     18.34      0.00      0.25      0.00      0.00      0.50      0.50      0.00      0.00     80.40
09:51:58 PM     all     18.25      0.00      0.75      0.00      0.00      0.25      0.25      0.00      0.00     80.50
09:51:59 PM     all     18.89      0.00      0.76      0.00      0.00      0.25      0.25      0.00      0.00     79.85
09:52:00 PM     all     20.40      0.00      0.76      0.00      0.00      0.25      0.25      0.00      0.00     78.34
09:52:01 PM     all     15.75      0.00      0.50      0.00      0.00      0.50      0.50      0.00      0.00     82.75
09:52:02 PM     all     20.10      0.00      0.50      0.00      0.00      0.25      0.25      0.00      0.00     78.89
09:52:03 PM     all     17.71      0.00      1.00      0.00      0.00      0.25      0.50      0.00      0.00     80.55
09:52:04 PM     all     18.55      0.00      0.25      0.25      0.00      0.50      0.25      0.00      0.00     80.20
09:52:05 PM     all     17.17      0.00      0.00      0.00      0.00      0.25      0.51      0.00      0.00     82.07
09:52:06 PM     all     18.05      0.00      0.50      0.00      0.00      0.50      0.25      0.00      0.00     80.70
09:52:07 PM     all     17.79      0.00      0.25      0.00      0.00      0.25      0.50      0.00      0.00     81.20
09:52:08 PM     all     18.55      0.00      0.50      0.00      0.00      0.25      0.25      0.00      0.00     80.45
09:52:09 PM     all     19.10      0.00      0.50      0.00      0.00      0.25      0.25      0.00      0.00     79.90
09:52:10 PM     all     15.79      0.00      0.50      0.00      0.00      0.50      0.50      0.00      0.00     82.71
09:52:11 PM     all     18.14      0.00      0.50      0.00      0.00      0.25      0.25      0.00      0.00     80.86
09:52:12 PM     all     17.54      0.00      0.50      0.00      0.00      0.25      0.50      0.00      0.00     81.20
09:52:13 PM     all     19.55      0.00      0.50      0.00      0.00      0.50      0.25      0.00      0.00     79.20
09:52:14 PM     all     17.34      0.00      0.25      0.25      0.00      0.25      0.25      0.00      0.00     81.66
09:52:15 PM     all     19.14      0.00      0.25      0.00      0.00      0.25      0.25      0.00      0.00     80.10
09:52:16 PM     all     19.10      0.00      0.50      0.00      0.00      0.25      0.25      0.00      0.00     79.90
09:52:17 PM     all     21.20      0.00      0.25      0.00      0.00      0.50      0.25      0.00      0.00     77.81
09:52:18 PM     all     16.58      0.00      0.50      0.00      0.00      0.25      0.50      0.00      0.00     82.16
09:52:19 PM     all     20.85      0.00      0.25      0.00      0.00      0.25      0.25      0.00      0.00     78.39
09:52:20 PM     all     15.83      0.00      0.50      0.00      0.00      0.25      0.25      0.00      0.00     83.17
09:52:21 PM     all     18.05      0.00      0.50      0.00      0.00      0.50      0.25      0.00      0.00     80.70
09:52:22 PM     all     16.79      0.00      0.50      0.00      0.00      0.25      0.50      0.00      0.00     81.95
09:52:23 PM     all     16.29      0.00      0.25      0.00      0.00      0.25      0.25      0.00      0.00     82.96
09:52:24 PM     all     17.68      0.00      0.25      0.00      0.00      0.25      0.25      0.00      0.00     81.57
09:52:25 PM     all     15.96      0.00      0.50      0.00      0.00      0.50      0.25      0.00      0.00     82.79
09:52:26 PM     all     18.64      0.00      0.50      0.00      0.00      0.25      0.50      0.00      0.00     80.10
09:52:27 PM     all     77.44      0.00     10.03      0.00      0.00      1.00      0.25      0.00      0.00     11.28
09:52:28 PM     all     88.53      0.00     10.47      0.00      0.00      0.50      0.50      0.00      0.00      0.00
09:52:29 PM     all     88.97      0.00      9.77      0.00      0.00      1.00      0.25      0.00      0.00      0.00
09:52:30 PM     all     95.51      0.00      3.24      0.00      0.00      0.75      0.50      0.00      0.00      0.00
09:52:31 PM     all     97.00      0.00      1.75      0.00      0.00      1.00      0.25      0.00      0.00      0.00
09:52:32 PM     all     97.26      0.00      1.25      0.00      0.00      0.75      0.50      0.00      0.00      0.25
09:52:33 PM     all     97.74      0.00      1.26      0.00      0.00      0.75      0.25      0.00      0.00      0.00
09:52:34 PM     all     96.53      0.00      1.99      0.00      0.00      0.99      0.50      0.00      0.00      0.00
09:52:35 PM     all     96.74      0.00      1.50      0.00      0.00      1.25      0.50      0.00      0.00      0.00
09:52:36 PM     all     98.00      0.00      0.75      0.00      0.00      0.75      0.50      0.00      0.00      0.00
09:52:37 PM     all     97.76      0.00      1.00      0.00      0.00      1.00      0.25      0.00      0.00      0.00
09:52:38 PM     all     98.00      0.00      0.50      0.00      0.00      1.00      0.50      0.00      0.00      0.00
09:52:39 PM     all     98.25      0.00      0.50      0.00      0.00      1.00      0.25      0.00      0.00      0.00
09:52:40 PM     all     97.00      0.00      1.25      0.00      0.00      1.00      0.75      0.00      0.00      0.00
09:52:41 PM     all     98.50      0.00      0.50      0.00      0.00      0.75      0.25      0.00      0.00      0.00
09:52:42 PM     all     98.00      0.00      0.75      0.00      0.00      1.00      0.25      0.00      0.00      0.00
09:52:43 PM     all     96.49      0.00      1.50      0.00      0.00      1.00      1.00      0.00      0.00      0.00
09:52:44 PM     all     98.25      0.00      0.50      0.00      0.00      1.00      0.25      0.00      0.00      0.00
09:52:45 PM     all     97.49      0.00      1.00      0.00      0.00      1.00      0.50      0.00      0.00      0.00
09:52:46 PM     all     97.26      0.00      1.25      0.00      0.00      1.00      0.50      0.00      0.00      0.00
09:52:47 PM     all     96.00      0.00      2.25      0.00      0.00      1.00      0.75      0.00      0.00      0.00
09:52:48 PM     all     95.50      0.00      3.00      0.00      0.00      1.00      0.50      0.00      0.00      0.00
09:52:49 PM     all     95.51      0.00      2.74      0.00      0.00      1.25      0.50      0.00      0.00      0.00
09:52:50 PM     all     95.25      0.00      3.25      0.00      0.00      1.00      0.50      0.00      0.00      0.00
09:52:51 PM     all     97.00      0.00      1.25      0.00      0.00      1.00      0.75      0.00      0.00      0.00
09:52:52 PM     all     97.74      0.00      1.00      0.00      0.00      1.00      0.25      0.00      0.00      0.00
09:52:53 PM     all     97.50      0.00      1.00      0.00      0.00      1.00      0.50      0.00      0.00      0.00
09:52:54 PM     all     97.51      0.00      1.00      0.00      0.00      1.00      0.50      0.00      0.00      0.00
09:52:55 PM     all     97.75      0.00      0.75      0.00      0.00      1.00      0.50      0.00      0.00      0.00
09:52:56 PM     all     97.75      0.00      0.75      0.00      0.00      1.00      0.50      0.00      0.00      0.00
09:52:57 PM     all     31.41      0.00      1.26      0.00      0.00      0.25      0.25      0.00      0.00     66.83
09:52:58 PM     all     19.65      0.00      0.25      0.00      0.00      0.25      0.25      0.00      0.00     79.60
09:52:59 PM     all     20.05      0.00      0.25      0.25      0.00      0.50      0.25      0.00      0.00     78.70
09:53:00 PM     all     17.04      0.00      1.25      0.00      0.00      0.25      0.50      0.00      0.00     80.95
09:53:01 PM     all     19.19      0.00      0.25      0.00      0.00      0.25      0.25      0.00      0.00     80.05
09:53:02 PM     all     19.75      0.00      0.50      0.00      0.00      0.25      0.25      0.00      0.00     79.25
09:53:03 PM     all     17.59      0.00      0.50      0.00      0.00      0.50      0.25      0.00      0.00     81.16
09:53:04 PM     all     17.34      0.00      0.50      0.00      0.00      0.25      0.50      0.00      0.00     81.41
09:53:05 PM     all     19.75      0.00      0.50      0.00      0.00      0.25      0.25      0.00      0.00     79.25
09:53:06 PM     all     16.08      0.00      0.25      0.00      0.00      0.50      0.50      0.00      0.00     82.66
09:53:07 PM     all     18.34      0.00      0.50      0.00      0.00      0.25      0.25      0.00      0.00     80.65
09:53:08 PM     all     20.05      0.00      0.75      0.00      0.00      0.25      0.25      0.00      0.00     78.70
09:53:09 PM     all     19.90      0.00      0.50      0.00      0.00      0.25      0.25      0.00      0.00     79.09
09:53:10 PM     all     20.25      0.00      0.50      0.00      0.00      0.25      0.25      0.00      0.00     78.75
09:53:11 PM     all     16.25      0.00      0.50      0.00      0.00      0.50      0.25      0.00      0.00     82.50
09:53:12 PM     all     17.29      0.00      0.50      0.00      0.00      0.25      0.50      0.00      0.00     81.45
09:53:13 PM     all     16.12      0.00      0.50      0.00      0.00      0.25      0.25      0.00      0.00     82.87
09:53:14 PM     all     18.50      0.00      0.50      0.25      0.00      0.25      0.25      0.00      0.00     80.25
09:53:15 PM     all     19.10      0.00      0.50      0.00      0.00      0.50      0.25      0.00      0.00     79.65
09:53:16 PM     all      8.02      0.00      0.50      0.00      0.00      0.25      0.50      0.00      0.00     90.73
09:53:17 PM     all     19.30      0.00      0.75      0.00      0.00      0.50      0.25      0.00      0.00     79.20
09:53:18 PM     all     16.33      0.00      0.75      0.00      0.00      0.25      0.50      0.00      0.00     82.16
09:53:19 PM     all     13.53      0.00      0.50      0.00      0.00      0.25      0.25      0.00      0.00     85.46
09:53:20 PM     all     19.55      0.00      0.50      0.00      0.00      0.25      0.25      0.00      0.00     79.45
09:53:21 PM     all     17.00      0.00      1.00      0.00      0.00      0.50      0.50      0.00      0.00     81.00
09:53:22 PM     all     19.20      0.00      0.75      0.00      0.00      0.25      0.25      0.00      0.00     79.55
09:53:23 PM     all     19.25      0.00      0.75      0.00      0.00      0.25      0.25      0.00      0.00     79.50
09:53:24 PM     all     20.45      0.00      0.75      0.00      0.00      0.25      0.50      0.00      0.00     78.05
09:53:25 PM     all     19.00      0.00      0.75      0.00      0.00      0.50      0.25      0.00      0.00     79.50
09:53:26 PM     all     19.65      0.00      1.74      0.00      0.00      0.25      0.25      0.00      0.00     78.11
09:53:27 PM     all     47.86      0.00      7.30      0.00      0.00      0.50      0.25      0.00      0.00     44.08
09:53:28 PM     all     91.02      0.00      7.73      0.00      0.00      0.75      0.50      0.00      0.00      0.00
09:53:29 PM     all     92.00      0.00      6.75      0.00      0.00      0.75      0.50      0.00      0.00      0.00
09:53:30 PM     all     94.25      0.00      4.50      0.00      0.00      0.75      0.25      0.00      0.00      0.25
09:53:31 PM     all     94.28      0.00      4.23      0.00      0.00      1.00      0.50      0.00      0.00      0.00
09:53:32 PM     all     96.48      0.00      2.51      0.00      0.00      0.75      0.25      0.00      0.00      0.00
09:53:33 PM     all     96.26      0.00      2.49      0.00      0.00      1.00      0.25      0.00      0.00      0.00
09:53:34 PM     all     93.75      0.00      4.75      0.00      0.00      1.00      0.50      0.00      0.00      0.00
09:53:35 PM     all     95.75      0.00      3.00      0.00      0.00      0.75      0.50      0.00      0.00      0.00
09:53:36 PM     all     96.00      0.00      2.75      0.00      0.00      1.00      0.25      0.00      0.00      0.00
09:53:37 PM     all     95.01      0.00      3.24      0.00      0.00      1.00      0.75      0.00      0.00      0.00
09:53:38 PM     all     96.23      0.00      2.76      0.00      0.00      0.75      0.25      0.00      0.00      0.00
09:53:39 PM     all     96.00      0.00      2.50      0.00      0.00      1.00      0.50      0.00      0.00      0.00
09:53:40 PM     all     95.27      0.00      3.23      0.00      0.00      1.00      0.50      0.00      0.00      0.00
09:53:41 PM     all     96.73      0.00      2.26      0.00      0.00      0.75      0.25      0.00      0.00      0.00
09:53:42 PM     all     95.75      0.00      2.50      0.00      0.00      1.00      0.75      0.00      0.00      0.00
09:53:43 PM     all     95.51      0.00      3.24      0.00      0.00      1.00      0.25      0.00      0.00      0.00
09:53:44 PM     all     96.02      0.00      2.74      0.00      0.00      0.75      0.50      0.00      0.00      0.00
09:53:45 PM     all     95.50      0.00      3.25      0.00      0.00      1.00      0.25      0.00      0.00      0.00
09:53:46 PM     all     96.49      0.00      2.26      0.00      0.00      0.75      0.50      0.00      0.00      0.00
09:53:47 PM     all     95.50      0.00      3.25      0.00      0.00      1.00      0.25      0.00      0.00      0.00
09:53:48 PM     all     95.49      0.00      3.01      0.00      0.00      1.00      0.50      0.00      0.00      0.00
09:53:49 PM     all     95.51      0.00      2.99      0.00      0.00      1.00      0.50      0.00      0.00      0.00
09:53:50 PM     all     96.49      0.00      2.51      0.00      0.00      0.75      0.25      0.00      0.00      0.00
09:53:51 PM     all     96.01      0.00      2.49      0.00      0.00      1.00      0.50      0.00      0.00      0.00
09:53:52 PM     all     96.75      0.00      2.25      0.00      0.00      0.75      0.25      0.00      0.00      0.00
09:53:53 PM     all     96.25      0.00      2.25      0.00      0.00      1.00      0.50      0.00      0.00      0.00
09:53:54 PM     all     95.74      0.00      2.51      0.00      0.00      1.00      0.75      0.00      0.00      0.00
09:53:55 PM     all     96.01      0.00      2.74      0.00      0.00      1.00      0.25      0.00      0.00      0.00
09:53:56 PM     all     95.50      0.00      2.75      0.00      0.00      1.00      0.75      0.00      0.00      0.00
09:53:57 PM     all     63.93      0.00      2.99      0.00      0.00      0.75      0.50      0.00      0.00     31.84
09:53:58 PM     all     18.95      0.00      1.75      0.00      0.00      0.25      0.25      0.00      0.00     78.80
09:53:59 PM     all     20.44      0.00      1.72      0.25      0.00      0.25      0.25      0.00      0.00     77.09
09:54:00 PM     all     19.40      0.00      1.99      0.00      0.00      0.25      0.50      0.00      0.00     77.86
09:54:01 PM     all     16.83      0.00      1.49      0.00      0.00      0.50      0.25      0.00      0.00     80.94
09:54:02 PM     all     19.60      0.00      0.99      0.00      0.00      0.25      0.50      0.00      0.00     78.66
09:54:03 PM     all     16.79      0.00      1.23      0.00      0.00      0.49      0.25      0.00      0.00     81.23
09:54:04 PM     all     18.61      0.00      1.74      0.00      0.00      0.25      0.50      0.00      0.00     78.91
09:54:05 PM     all     17.87      0.00      1.24      0.00      0.00      0.25      0.25      0.00      0.00     80.40
09:54:06 PM     all     19.25      0.00      0.75      0.00      0.00      0.50      0.25      0.00      0.00     79.25
09:54:07 PM     all     19.70      0.00      1.25      0.00      0.00      0.00      0.25      0.00      0.00     78.80
09:54:08 PM     all     18.66      0.00      1.24      0.00      0.00      0.50      0.25      0.00      0.00     79.35
09:54:09 PM     all     19.85      0.00      0.75      0.00      0.00      0.25      0.25      0.00      0.00     78.89
09:54:10 PM     all     17.82      0.00      1.49      0.00      0.00      0.25      0.50      0.00      0.00     79.95
09:54:11 PM     all     18.16      0.00      0.75      0.00      0.00      0.50      0.25      0.00      0.00     80.35
09:54:12 PM     all     16.96      0.00      1.25      0.00      0.00      0.25      0.50      0.00      0.00     81.05
09:54:13 PM     all     20.65      0.00      1.24      0.00      0.00      0.25      0.25      0.00      0.00     77.61
09:54:14 PM     all     14.68      0.00      1.49      0.25      0.00      0.25      0.25      0.00      0.00     83.08
09:54:15 PM     all     18.11      0.00      1.49      0.00      0.00      0.50      0.50      0.00      0.00     79.40
09:54:16 PM     all     17.16      0.00      1.00      0.00      0.00      0.25      0.50      0.00      0.00     81.09
09:54:17 PM     all     18.20      0.00      1.00      0.00      0.00      0.25      0.25      0.00      0.00     80.30
09:54:18 PM     all     17.50      0.00      1.00      0.00      0.00      0.50      0.25      0.00      0.00     80.75
09:54:19 PM     all     19.80      0.00      0.00      0.00      0.00      0.25      0.50      0.00      0.00     79.45
09:54:20 PM     all     19.25      0.00      0.75      0.00      0.00      0.25      0.25      0.00      0.00     79.50
09:54:21 PM     all     17.21      0.00      0.75      0.00      0.00      0.50      0.25      0.00      0.00     81.30
09:54:22 PM     all     15.75      0.00      0.50      0.00      0.00      0.25      0.50      0.00      0.00     83.00
09:54:23 PM     all     18.75      0.00      0.50      0.00      0.00      0.50      0.25      0.00      0.00     80.00
09:54:24 PM     all     21.05      0.00      0.25      0.25      0.00      0.25      0.25      0.00      0.00     77.94
09:54:25 PM     all     17.54      0.00      0.25      0.00      0.00      0.25      0.50      0.00      0.00     81.45
09:54:26 PM     all     16.83      0.00      0.50      0.00      0.00      0.50      0.25      0.00      0.00     81.91
09:54:27 PM     all     16.54      0.00      0.50      0.00      0.00      0.25      0.50      0.00      0.00     82.21
09:54:28 PM     all     42.75      0.00      8.25      0.00      0.00      0.50      0.25      0.00      0.00     48.25
09:54:29 PM     all     90.27      0.00      8.73      0.00      0.00      0.75      0.25      0.00      0.00      0.00
09:54:30 PM     all     92.23      0.00      6.27      0.00      0.00      1.00      0.50      0.00      0.00      0.00
09:54:31 PM     all     87.75      0.00     11.25      0.00      0.00      0.75      0.25      0.00      0.00      0.00
09:54:32 PM     all     83.75      0.00     15.00      0.00      0.00      0.75      0.50      0.00      0.00      0.00
09:54:33 PM     all     97.00      0.00      1.50      0.00      0.00      1.00      0.50      0.00      0.00      0.00
09:54:34 PM     all     96.75      0.00      2.00      0.00      0.00      1.00      0.25      0.00      0.00      0.00
09:54:35 PM     all     97.49      0.00      1.25      0.00      0.00      0.75      0.50      0.00      0.00      0.00
09:54:36 PM     all     97.01      0.00      1.75      0.00      0.00      1.00      0.25      0.00      0.00      0.00
09:54:37 PM     all     98.00      0.00      0.75      0.00      0.00      0.75      0.50      0.00      0.00      0.00
09:54:38 PM     all     96.75      0.00      1.25      0.00      0.00      1.25      0.75      0.00      0.00      0.00
09:54:39 PM     all     98.50      0.00      0.50      0.00      0.00      0.75      0.25      0.00      0.00      0.00
09:54:40 PM     all     98.50      0.00      0.50      0.00      0.00      0.75      0.25      0.00      0.00      0.00
09:54:41 PM     all     97.75      0.00      1.00      0.00      0.00      1.00      0.25      0.00      0.00      0.00
09:54:42 PM     all     98.00      0.00      0.50      0.00      0.00      1.00      0.50      0.00      0.00      0.00
09:54:43 PM     all     96.75      0.00      1.50      0.00      0.00      1.00      0.75      0.00      0.00      0.00
09:54:44 PM     all     97.50      0.00      1.00      0.00      0.00      1.00      0.50      0.00      0.00      0.00
09:54:45 PM     all     98.25      0.00      0.75      0.00      0.00      0.75      0.25      0.00      0.00      0.00
09:54:46 PM     all     97.76      0.00      0.75      0.00      0.00      1.00      0.50      0.00      0.00      0.00
09:54:47 PM     all     98.49      0.00      0.50      0.00      0.00      0.75      0.25      0.00      0.00      0.00
09:54:48 PM     all     97.76      0.00      1.00      0.00      0.00      1.00      0.25      0.00      0.00      0.00
09:54:49 PM     all     97.75      0.00      0.75      0.00      0.00      1.00      0.50      0.00      0.00      0.00
09:54:50 PM     all     98.25      0.00      0.50      0.00      0.00      1.00      0.25      0.00      0.00      0.00
09:54:51 PM     all     97.76      0.00      1.00      0.00      0.00      0.75      0.50      0.00      0.00      0.00
09:54:52 PM     all     97.75      0.00      1.00      0.00      0.00      1.00      0.25      0.00      0.00      0.00
09:54:53 PM     all     97.50      0.00      1.25      0.00      0.00      0.75      0.50      0.00      0.00      0.00
09:54:54 PM     all     97.99      0.00      0.75      0.00      0.00      1.00      0.25      0.00      0.00      0.00
09:54:55 PM     all     97.25      0.00      1.25      0.00      0.00      1.00      0.50      0.00      0.00      0.00
09:54:56 PM     all     96.75      0.00      1.50      0.00      0.00      1.00      0.75      0.00      0.00      0.00
09:54:57 PM     all     97.50      0.00      1.00      0.00      0.00      1.00      0.50      0.00      0.00      0.00
09:54:58 PM     all     66.25      0.00      3.25      0.00      0.00      0.75      0.50      0.00      0.00     29.25
09:54:59 PM     all     18.34      0.00      0.25      0.00      0.00      0.50      0.25      0.00      0.00     80.65
09:55:00 PM     all     17.34      0.00      1.26      0.00      0.00      0.25      0.50      0.00      0.00     80.65
09:55:01 PM     all     16.96      0.00      0.75      0.25      0.00      0.25      0.25      0.00      0.00     81.55
09:55:02 PM     all     19.75      0.00      0.50      0.00      0.00      0.50      0.25      0.00      0.00     79.00
09:55:03 PM     all     15.91      0.00      0.51      0.00      0.00      0.25      0.25      0.00      0.00     83.08
09:55:04 PM     all     17.59      0.00      0.50      0.00      0.00      0.25      0.50      0.00      0.00     81.16
09:55:05 PM     all     18.39      0.00      0.00      0.00      0.00      0.50      0.25      0.00      0.00     80.86
09:55:06 PM     all     19.40      0.00      0.25      0.00      0.00      0.25      0.25      0.00      0.00     79.85
09:55:07 PM     all     17.13      0.00      0.25      0.00      0.00      0.25      0.50      0.00      0.00     81.86
09:55:08 PM     all     19.60      0.00      0.25      0.00      0.00      0.50      0.25      0.00      0.00     79.40
09:55:09 PM     all     18.05      0.00      0.25      0.25      0.00      0.25      0.25      0.00      0.00     80.95
09:55:10 PM     all     20.96      0.00      0.00      0.00      0.00      0.25      0.25      0.00      0.00     78.54
09:55:11 PM     all     20.35      0.00      0.50      0.00      0.00      0.25      0.25      0.00      0.00     78.64
09:55:12 PM     all     19.65      0.00      0.00      0.00      0.00      0.25      0.25      0.00      0.00     79.85
09:55:13 PM     all     20.80      0.00      0.25      0.00      0.00      0.25      0.25      0.00      0.00     78.45
09:55:14 PM     all     20.80      0.00      0.25      0.00      0.00      0.25      0.25      0.00      0.00     78.45
09:55:15 PM     all     17.96      0.00      0.50      0.00      0.00      0.50      0.50      0.00      0.00     80.55
09:55:16 PM     all     19.85      0.00      0.50      0.00      0.00      0.25      0.25      0.00      0.00     79.15
09:55:17 PM     all     18.30      0.00      0.50      0.00      0.00      0.25      0.25      0.00      0.00     80.70
09:55:18 PM     all     17.63      0.00      0.25      0.00      0.00      0.25      0.25      0.00      0.00     81.61
09:55:19 PM     all     18.30      0.00      0.25      0.25      0.00      0.50      0.50      0.00      0.00     80.20
09:55:20 PM     all     18.80      0.00      0.50      0.00      0.00      0.25      0.25      0.00      0.00     80.20
09:55:21 PM     all     19.10      0.00      0.50      0.00      0.00      0.25      0.25      0.00      0.00     79.90
09:55:22 PM     all     18.50      0.00      0.50      0.00      0.00      0.50      0.25      0.00      0.00     80.25
09:55:23 PM     all     16.88      0.00      0.25      0.00      0.00      0.25      0.50      0.00      0.00     82.12
09:55:24 PM     all     17.84      0.00      0.50      0.00      0.00      0.25      0.25      0.00      0.00     81.16
09:55:25 PM     all     16.88      0.00      0.25      0.00      0.00      0.50      0.25      0.00      0.00     82.12
09:55:26 PM     all     19.25      0.00      0.50      0.00      0.00      0.25      0.50      0.00      0.00     79.50
09:55:27 PM     all     20.65      0.00      0.25      0.00      0.00      0.25      0.25      0.00      0.00     78.59
09:55:28 PM     all     20.25      0.00      0.25      0.00      0.00      0.25      0.25      0.00      0.00     79.00
09:55:29 PM     all     55.14      0.00      7.52      0.00      0.00      0.75      0.25      0.00      0.00     36.34
09:55:30 PM     all     92.25      0.00      6.50      0.00      0.00      0.75      0.50      0.00      0.00      0.00
09:55:31 PM     all     89.22      0.00      9.77      0.00      0.00      0.75      0.25      0.00      0.00      0.00
09:55:32 PM     all     94.24      0.00      4.51      0.00      0.00      0.75      0.50      0.00      0.00      0.00
09:55:33 PM     all     94.01      0.00      4.49      0.00      0.00      1.00      0.50      0.00      0.00      0.00
09:55:34 PM     all     98.25      0.00      0.75      0.00      0.00      0.75      0.25      0.00      0.00      0.00
09:55:35 PM     all     97.51      0.00      1.00      0.00      0.00      1.00      0.50      0.00      0.00      0.00
09:55:36 PM     all     97.99      0.00      1.01      0.00      0.00      0.75      0.25      0.00      0.00      0.00
09:55:37 PM     all     95.51      0.00      2.99      0.00      0.00      1.00      0.50      0.00      0.00      0.00
09:55:38 PM     all     98.00      0.00      0.75      0.00      0.00      0.75      0.50      0.00      0.00      0.00
09:55:39 PM     all     98.00      0.00      0.75      0.00      0.00      1.00      0.25      0.00      0.00      0.00
09:55:40 PM     all     98.00      0.00      1.00      0.00      0.00      0.75      0.25      0.00      0.00      0.00
09:55:41 PM     all     97.01      0.00      1.25      0.00      0.00      1.25      0.50      0.00      0.00      0.00
09:55:42 PM     all     97.99      0.00      0.75      0.00      0.00      0.75      0.50      0.00      0.00      0.00
09:55:43 PM     all     97.75      0.00      1.00      0.00      0.00      1.00      0.25      0.00      0.00      0.00
09:55:44 PM     all     98.25      0.00      0.50      0.00      0.00      0.75      0.50      0.00      0.00      0.00
09:55:45 PM     all     97.75      0.00      1.00      0.00      0.00      1.00      0.25      0.00      0.00      0.00
09:55:46 PM     all     97.50      0.00      1.25      0.00      0.00      0.75      0.50      0.00      0.00      0.00
09:55:47 PM     all     98.00      0.00      0.75      0.00      0.00      1.00      0.25      0.00      0.00      0.00
09:55:48 PM     all     96.52      0.00      1.74      0.00      0.00      1.00      0.50      0.00      0.00      0.25
09:55:49 PM     all     97.49      0.00      1.25      0.00      0.00      1.00      0.25      0.00      0.00      0.00
09:55:50 PM     all     97.76      0.00      1.00      0.00      0.00      0.75      0.50      0.00      0.00      0.00
09:55:51 PM     all     97.99      0.00      0.75      0.00      0.00      1.00      0.25      0.00      0.00      0.00
09:55:52 PM     all     98.75      0.00      0.25      0.00      0.00      0.75      0.25      0.00      0.00      0.00
09:55:53 PM     all     97.74      0.00      1.00      0.00      0.00      1.00      0.25      0.00      0.00      0.00
09:55:54 PM     all     97.75      0.00      1.00      0.00      0.00      0.75      0.50      0.00      0.00      0.00
09:55:55 PM     all     96.75      0.00      1.50      0.00      0.00      1.25      0.50      0.00      0.00      0.00
09:55:56 PM     all     97.50      0.00      1.25      0.00      0.00      0.75      0.50      0.00      0.00      0.00
09:55:57 PM     all     97.75      0.00      0.75      0.00      0.00      1.00      0.50      0.00      0.00      0.00
09:55:58 PM     all     98.25      0.00      0.75      0.00      0.00      0.75      0.25      0.00      0.00      0.00
09:55:59 PM     all     54.14      0.00      1.75      0.00      0.00      0.75      0.50      0.00      0.00     42.86
09:56:00 PM     all     18.69      0.00      0.76      0.00      0.00      0.25      0.25      0.00      0.00     80.05
09:56:01 PM     all     17.00      0.00      0.75      0.00      0.00      0.50      0.50      0.00      0.00     81.25
09:56:02 PM     all     15.04      0.00      0.25      0.00      0.00      0.25      0.50      0.00      0.00     83.96
09:56:03 PM     all     18.89      0.00      0.50      0.00      0.00      0.25      0.25      0.00      0.00     80.10
09:56:04 PM     all     19.75      0.00      0.50      0.25      0.00      0.25      0.25      0.00      0.00     79.00
09:56:05 PM     all     14.54      0.00      0.50      0.00      0.00      0.50      0.50      0.00      0.00     83.96
09:56:06 PM     all     19.85      0.00      0.25      0.00      0.00      0.25      0.25      0.00      0.00     79.40
09:56:07 PM     all     15.79      0.00      0.50      0.00      0.00      0.50      0.50      0.00      0.00     82.71
09:56:08 PM     all     18.59      0.00      0.25      0.00      0.00      0.25      0.25      0.00      0.00     80.65
09:56:09 PM     all     17.63      0.00      0.50      0.00      0.00      0.25      0.25      0.00      0.00     81.36
09:56:10 PM     all     18.64      0.00      0.25      0.00      0.00      0.25      0.25      0.00      0.00     80.60
09:56:11 PM     all     18.55      0.00      0.50      0.00      0.00      0.25      0.25      0.00      0.00     80.45
09:56:12 PM     all     17.75      0.00      0.50      0.00      0.00      0.50      0.50      0.00      0.00     80.75
09:56:13 PM     all     20.65      0.00      0.25      0.00      0.00      0.25      0.25      0.00      0.00     78.59
09:56:14 PM     all     21.05      0.00      0.25      0.00      0.00      0.25      0.25      0.00      0.00     78.20
09:56:15 PM     all     19.10      0.00      0.50      0.00      0.00      0.25      0.25      0.00      0.00     79.90
09:56:16 PM     all     18.59      0.00      0.25      0.00      0.00      0.25      0.25      0.00      0.00     80.65
09:56:17 PM     all     16.88      0.00      0.50      0.00      0.00      0.25      0.25      0.00      0.00     82.12
09:56:18 PM     all     18.59      0.00      0.50      0.00      0.00      0.25      0.25      0.00      0.00     80.40
09:56:19 PM     all     17.75      0.00      0.25      0.25      0.00      0.50      0.25      0.00      0.00     81.00
09:56:20 PM     all     19.44      0.00      0.25      0.00      0.00      0.25      0.25      0.00      0.00     79.80
09:56:21 PM     all     17.34      0.00      0.25      0.00      0.00      0.25      0.50      0.00      0.00     81.66
09:56:22 PM     all     19.85      0.00      0.00      0.00      0.00      0.25      0.25      0.00      0.00     79.65
09:56:23 PM     all     17.84      0.00      0.50      0.25      0.00      0.25      0.25      0.00      0.00     80.90
09:56:24 PM     all     18.89      0.00      0.00      0.00      0.00      0.25      0.25      0.00      0.00     80.60
09:56:25 PM     all     18.09      0.00      0.25      0.00      0.00      0.50      0.25      0.00      0.00     80.90
09:56:26 PM     all     20.30      0.00      0.25      0.00      0.00      0.25      0.25      0.00      0.00     78.95
09:56:27 PM     all     17.63      0.00      0.00      0.00      0.00      0.25      0.50      0.00      0.00     81.61
09:56:28 PM     all     20.30      0.00      0.50      0.00      0.00      0.25      0.25      0.00      0.00     78.70
09:56:29 PM     all     18.50      0.00      1.00      0.25      0.00      0.50      0.25      0.00      0.00     79.50
09:56:30 PM     all     79.75      0.00      7.50      0.00      0.00      0.75      0.50      0.00      0.00     11.50
09:56:31 PM     all     92.48      0.00      6.52      0.00      0.00      0.75      0.25      0.00      0.00      0.00
09:56:32 PM     all     91.50      0.00      7.25      0.00      0.00      0.75      0.50      0.00      0.00      0.00
09:56:33 PM     all     94.75      0.00      3.75      0.00      0.00      1.00      0.50      0.00      0.00      0.00
09:56:34 PM     all     95.50      0.00      3.50      0.00      0.00      0.75      0.25      0.00      0.00      0.00
09:56:35 PM     all     98.00      0.00      0.75      0.00      0.00      1.00      0.25      0.00      0.00      0.00
09:56:36 PM     all     97.50      0.00      1.00      0.00      0.00      0.75      0.75      0.00      0.00      0.00
09:56:37 PM     all     97.25      0.00      1.50      0.00      0.00      1.00      0.25      0.00      0.00      0.00
09:56:38 PM     all     96.75      0.00      1.75      0.00      0.00      1.00      0.50      0.00      0.00      0.00
09:56:39 PM     all     97.49      0.00      1.00      0.00      0.00      1.00      0.50      0.00      0.00      0.00
09:56:40 PM     all     97.76      0.00      0.75      0.00      0.00      1.00      0.50      0.00      0.00      0.00
09:56:41 PM     all     97.99      0.00      1.00      0.00      0.00      0.75      0.25      0.00      0.00      0.00
09:56:42 PM     all     97.74      0.00      0.75      0.00      0.00      1.00      0.50      0.00      0.00      0.00
09:56:43 PM     all     97.26      0.00      1.00      0.00      0.00      1.00      0.75      0.00      0.00      0.00
09:56:44 PM     all     97.51      0.00      1.00      0.00      0.00      1.00      0.50      0.00      0.00      0.00
09:56:45 PM     all     97.24      0.00      1.00      0.00      0.00      1.25      0.50      0.00      0.00      0.00
09:56:46 PM     all     96.75      0.00      1.50      0.00      0.00      1.00      0.75      0.00      0.00      0.00
09:56:47 PM     all     97.50      0.00      1.00      0.00      0.00      1.00      0.50      0.00      0.00      0.00
09:56:48 PM     all     97.50      0.00      1.25      0.00      0.00      1.00      0.25      0.00      0.00      0.00
09:56:49 PM     all     97.25      0.00      1.25      0.00      0.00      1.00      0.50      0.00      0.00      0.00
09:56:50 PM     all     97.51      0.00      1.00      0.00      0.00      1.00      0.50      0.00      0.00      0.00
09:56:51 PM     all     97.26      0.00      1.50      0.00      0.00      1.00      0.25      0.00      0.00      0.00
09:56:52 PM     all     97.99      0.00      0.50      0.00      0.00      0.75      0.75      0.00      0.00      0.00
09:56:53 PM     all     97.25      0.00      1.50      0.00      0.00      1.00      0.25      0.00      0.00      0.00
09:56:54 PM     all     97.50      0.00      1.00      0.00      0.00      1.00      0.50      0.00      0.00      0.00
09:56:55 PM     all     97.50      0.00      1.00      0.00      0.00      1.00      0.50      0.00      0.00      0.00
09:56:56 PM     all     97.75      0.00      0.75      0.00      0.00      1.00      0.50      0.00      0.00      0.00
09:56:57 PM     all     97.76      0.00      0.75      0.00      0.00      1.00      0.50      0.00      0.00      0.00
09:56:58 PM     all     97.01      0.00      1.25      0.00      0.00      1.00      0.75      0.00      0.00      0.00
09:56:59 PM     all     97.99      0.00      0.75      0.00      0.00      1.01      0.25      0.00      0.00      0.00
09:57:00 PM     all     30.83      0.00      1.50      0.00      0.00      0.50      0.50      0.00      0.00     66.67
09:57:01 PM     all     15.44      0.00      0.25      0.00      0.00      0.25      0.25      0.00      0.00     83.80
09:57:02 PM     all     17.54      0.00      0.25      0.00      0.00      0.50      0.50      0.00      0.00     81.20
09:57:03 PM     all     20.30      0.00      0.50      0.00      0.00      0.25      0.25      0.00      0.00     78.70
09:57:04 PM     all     18.05      0.00      0.25      0.00      0.00      0.25      0.50      0.00      0.00     80.95
09:57:05 PM     all     17.09      0.00      0.50      0.00      0.00      0.50      0.25      0.00      0.00     81.66
09:57:06 PM     all     17.79      0.00      0.25      0.00      0.00      0.25      0.25      0.00      0.00     81.45
09:57:07 PM     all     19.90      0.00      0.25      0.00      0.00      0.25      0.50      0.00      0.00     79.09
09:57:08 PM     all     18.30      0.00      0.50      0.00      0.00      0.25      0.25      0.00      0.00     80.70
09:57:09 PM     all     19.35      0.00      0.50      0.00      0.00      0.50      0.25      0.00      0.00     79.40
09:57:10 PM     all     19.80      0.00      0.25      0.25      0.00      0.25      0.50      0.00      0.00     78.95
09:57:11 PM     all     16.33      0.00      0.50      0.00      0.00      0.25      0.25      0.00      0.00     82.66
09:57:12 PM     all     19.25      0.00      0.75      0.00      0.00      0.25      0.25      0.00      0.00     79.50
09:57:13 PM     all     16.54      0.00      0.25      0.00      0.00      0.50      0.50      0.00      0.00     82.21
09:57:14 PM     all     20.85      0.00      0.50      0.00      0.00      0.25      0.25      0.00      0.00     78.14
09:57:15 PM     all     19.35      0.00      0.50      0.00      0.00      0.25      0.25      0.00      0.00     79.65
09:57:16 PM     all     18.20      0.00      0.50      0.00      0.00      0.50      0.50      0.00      0.00     80.30
09:57:17 PM     all     18.34      0.00      0.75      0.00      0.00      0.25      0.25      0.00      0.00     80.40
09:57:18 PM     all     20.00      0.00      0.75      0.00      0.00      0.25      0.25      0.00      0.00     78.75
09:57:19 PM     all     16.00      0.00      0.75      0.00      0.00      0.50      0.50      0.00      0.00     82.25
09:57:20 PM     all     20.30      0.00      0.50      0.00      0.00      0.25      0.25      0.00      0.00     78.70
09:57:21 PM     all     21.00      0.00      0.75      0.00      0.00      0.25      0.25      0.00      0.00     77.75
09:57:22 PM     all     20.80      0.00      0.25      0.00      0.00      0.25      0.25      0.00      0.00     78.45
09:57:23 PM     all     16.04      0.00      1.00      0.00      0.00      0.25      0.25      0.00      0.00     82.46
09:57:24 PM     all     21.05      0.00      0.50      0.00      0.00      0.25      0.25      0.00      0.00     77.94
09:57:25 PM     all     18.36      0.00      1.24      0.25      0.00      0.50      0.50      0.00      0.00     79.16
09:57:26 PM     all     17.88      0.00      0.25      0.00      0.00      0.25      0.25      0.00      0.00     81.36
09:57:27 PM     all     15.71      0.00      0.75      0.00      0.00      0.50      0.50      0.00      0.00     82.54
09:57:28 PM     all     19.55      0.00      0.50      0.00      0.00      0.25      0.25      0.00      0.00     79.45
09:57:29 PM     all     16.25      0.00      1.00      0.00      0.00      0.50      0.25      0.00      0.00     82.00
09:57:30 PM     all     43.11      0.00      8.27      0.00      0.00      0.25      0.25      0.00      0.00     48.12
09:57:31 PM     all     91.79      0.00      6.72      0.00      0.00      1.00      0.50      0.00      0.00      0.00
09:57:32 PM     all     89.75      0.00      9.00      0.00      0.00      0.75      0.50      0.00      0.00      0.00
09:57:33 PM     all     89.22      0.00      9.77      0.00      0.00      0.75      0.25      0.00      0.00      0.00
09:57:34 PM     all     93.23      0.00      5.26      0.00      0.00      1.00      0.50      0.00      0.00      0.00
09:57:35 PM     all     96.01      0.00      2.99      0.00      0.00      0.75      0.25      0.00      0.00      0.00
09:57:36 PM     all     95.75      0.00      2.75      0.00      0.00      1.00      0.50      0.00      0.00      0.00
09:57:37 PM     all     95.51      0.00      2.99      0.00      0.00      1.00      0.50      0.00      0.00      0.00
09:57:38 PM     all     93.23      0.00      5.76      0.00      0.00      0.75      0.25      0.00      0.00      0.00
09:57:39 PM     all     93.50      0.00      5.00      0.00      0.00      1.00      0.50      0.00      0.00      0.00
09:57:40 PM     all     95.74      0.00      3.01      0.00      0.00      0.75      0.50      0.00      0.00      0.00
09:57:41 PM     all     95.76      0.00      2.74      0.00      0.00      1.00      0.50      0.00      0.00      0.00
09:57:42 PM     all     96.00      0.00      2.75      0.00      0.00      1.00      0.25      0.00      0.00      0.00
09:57:43 PM     all     95.01      0.00      3.24      0.00      0.00      1.00      0.75      0.00      0.00      0.00
09:57:44 PM     all     96.98      0.00      2.26      0.00      0.00      0.75      0.00      0.00      0.00      0.00
09:57:45 PM     all     95.00      0.00      3.25      0.00      0.00      1.00      0.75      0.00      0.00      0.00
09:57:46 PM     all     95.76      0.00      2.74      0.00      0.00      1.00      0.50      0.00      0.00      0.00
09:57:47 PM     all     95.99      0.00      2.76      0.00      0.00      0.75      0.50      0.00      0.00      0.00
09:57:48 PM     all     95.26      0.00      3.24      0.00      0.00      1.00      0.50      0.00      0.00      0.00
09:57:49 PM     all     96.24      0.00      2.51      0.00      0.00      1.00      0.25      0.00      0.00      0.00
09:57:50 PM     all     95.00      0.00      3.50      0.00      0.00      1.00      0.50      0.00      0.00      0.00
09:57:51 PM     all     96.00      0.00      3.00      0.00      0.00      0.75      0.25      0.00      0.00      0.00
09:57:52 PM     all     96.00      0.00      2.50      0.00      0.00      1.00      0.50      0.00      0.00      0.00
09:57:53 PM     all     95.76      0.00      2.74      0.00      0.00      1.00      0.50      0.00      0.00      0.00
09:57:54 PM     all     96.24      0.00      2.51      0.00      0.00      1.00      0.25      0.00      0.00      0.00
09:57:55 PM     all     96.00      0.00      2.50      0.00      0.00      1.00      0.50      0.00      0.00      0.00
09:57:56 PM     all     96.01      0.00      2.74      0.00      0.00      0.75      0.50      0.00      0.00      0.00
09:57:57 PM     all     96.01      0.00      2.49      0.00      0.00      1.00      0.50      0.00      0.00      0.00
09:57:58 PM     all     95.74      0.00      2.76      0.00      0.00      1.00      0.50      0.00      0.00      0.00
09:57:59 PM     all     97.00      0.00      2.25      0.00      0.00      0.75      0.00      0.00      0.00      0.00
09:58:00 PM     all     65.67      0.00      4.48      0.00      0.00      1.00      0.75      0.00      0.00     28.11
09:58:01 PM     all     16.09      0.00      1.98      0.00      0.00      0.50      0.50      0.00      0.00     80.94
09:58:02 PM     all     17.57      0.00      1.98      0.00      0.00      0.50      0.50      0.00      0.00     79.46
09:58:03 PM     all     16.67      0.00      1.00      0.00      0.00      0.50      0.50      0.00      0.00     81.34
09:58:04 PM     all     14.11      0.00      1.98      0.00      0.00      0.50      0.50      0.00      0.00     82.92
09:58:05 PM     all     16.75      0.00      1.25      0.25      0.00      0.50      0.50      0.00      0.00     80.75
09:58:06 PM     all     18.11      0.00      1.49      0.00      0.00      0.50      0.50      0.00      0.00     79.40
09:58:07 PM     all     14.89      0.00      1.99      0.00      0.00      0.50      0.50      0.00      0.00     82.13
09:58:08 PM     all     17.00      0.00      1.75      0.00      0.00      0.25      0.25      0.00      0.00     80.75
09:58:09 PM     all     15.88      0.00      1.49      0.00      0.00      0.50      0.50      0.00      0.00     81.64
09:58:10 PM     all     17.33      0.00      2.23      0.00      0.00      0.50      0.25      0.00      0.00     79.70
09:58:11 PM     all     16.58      0.00      1.49      0.00      0.00      0.25      0.74      0.00      0.00     80.94
09:58:12 PM     all     16.17      0.00      1.24      0.00      0.00      0.50      0.50      0.00      0.00     81.59
09:58:13 PM     all     17.37      0.00      1.49      0.00      0.00      0.50      0.25      0.00      0.00     80.40
09:58:14 PM     all     16.63      0.00      0.99      0.00      0.00      0.25      0.50      0.00      0.00     81.64
09:58:15 PM     all     18.86      0.00      0.99      0.25      0.00      0.50      0.25      0.00      0.00     79.16
09:58:16 PM     all     16.54      0.00      0.75      0.00      0.00      0.50      0.50      0.00      0.00     81.70
09:58:17 PM     all     18.20      0.00      0.75      0.00      0.00      0.25      0.50      0.00      0.00     80.30
09:58:18 PM     all     21.14      0.00      0.50      0.00      0.00      0.50      0.25      0.00      0.00     77.61
09:58:19 PM     all     14.18      0.00      1.00      0.00      0.00      0.25      0.50      0.00      0.00     84.08
09:58:20 PM     all     13.97      0.00      1.50      0.00      0.00      0.50      0.25      0.00      0.00     83.79
09:58:21 PM     all     18.91      0.00      0.50      0.00      0.00      0.50      0.50      0.00      0.00     79.60
09:58:22 PM     all     16.92      0.00      1.24      0.00      0.00      0.25      0.50      0.00      0.00     81.09
09:58:23 PM     all     18.00      0.00      0.75      0.00      0.00      0.50      0.50      0.00      0.00     80.25
09:58:24 PM     all     18.50      0.00      0.75      0.00      0.00      0.50      0.50      0.00      0.00     79.75
09:58:25 PM     all     18.00      0.00      0.75      0.00      0.00      0.25      0.25      0.00      0.00     80.75
09:58:26 PM     all     20.30      0.00      0.50      0.00      0.00      0.50      0.25      0.00      0.00     78.45
09:58:27 PM     all     19.75      0.00      0.75      0.00      0.00      0.25      0.50      0.00      0.00     78.75
09:58:28 PM     all     16.00      0.00      0.75      0.00      0.00      0.50      0.25      0.00      0.00     82.50
09:58:29 PM     all     16.71      0.00      1.25      0.00      0.00      0.25      0.50      0.00      0.00     81.30
09:58:30 PM     all     18.41      0.00      0.50      0.25      0.00      0.50      0.50      0.00      0.00     79.85
09:58:31 PM     all     64.75      0.00      7.75      0.00      0.00      0.75      0.25      0.00      0.00     26.50
09:58:32 PM     all     88.50      0.00     10.00      0.00      0.00      0.75      0.75      0.00      0.00      0.00
09:58:33 PM     all     84.96      0.00     14.04      0.00      0.00      0.75      0.25      0.00      0.00      0.00
09:58:34 PM     all     95.51      0.00      2.99      0.00      0.00      1.00      0.50      0.00      0.00      0.00
09:58:35 PM     all     95.49      0.00      3.51      0.00      0.00      0.75      0.25      0.00      0.00      0.00
09:58:36 PM     all     96.76      0.00      1.50      0.00      0.00      1.25      0.50      0.00      0.00      0.00
09:58:37 PM     all     97.74      0.00      1.01      0.00      0.00      0.75      0.50      0.00      0.00      0.00
09:58:38 PM     all     96.76      0.00      1.75      0.00      0.00      1.00      0.50      0.00      0.00      0.00
09:58:39 PM     all     95.76      0.00      2.74      0.00      0.00      1.00      0.50      0.00      0.00      0.00
09:58:40 PM     all     96.24      0.00      2.26      0.00      0.00      1.00      0.50      0.00      0.00      0.00
09:58:41 PM     all     96.00      0.00      2.50      0.00      0.00      1.00      0.50      0.00      0.00      0.00
09:58:42 PM     all     95.77      0.00      2.74      0.00      0.00      1.00      0.50      0.00      0.00      0.00
09:58:43 PM     all     96.49      0.00      2.51      0.00      0.00      0.75      0.25      0.00      0.00      0.00
09:58:44 PM     all     98.25      0.00      0.25      0.00      0.00      1.00      0.50      0.00      0.00      0.00
09:58:45 PM     all     96.98      0.00      1.26      0.00      0.00      1.01      0.75      0.00      0.00      0.00
09:58:46 PM     all     97.01      0.00      1.24      0.00      0.00      1.24      0.50      0.00      0.00      0.00
09:58:47 PM     all     97.50      0.00      0.75      0.00      0.00      1.00      0.75      0.00      0.00      0.00
09:58:48 PM     all     96.25      0.00      1.75      0.00      0.00      1.25      0.75      0.00      0.00      0.00
09:58:49 PM     all     97.25      0.00      1.00      0.00      0.00      1.00      0.75      0.00      0.00      0.00
09:58:50 PM     all     98.25      0.00      0.75      0.00      0.00      0.75      0.25      0.00      0.00      0.00
09:58:51 PM     all     97.51      0.00      1.00      0.00      0.00      1.00      0.50      0.00      0.00      0.00
09:58:52 PM     all     97.50      0.00      1.00      0.00      0.00      1.00      0.50      0.00      0.00      0.00
09:58:53 PM     all     97.00      0.00      1.00      0.00      0.00      1.25      0.75      0.00      0.00      0.00
09:58:54 PM     all     97.75      0.00      0.75      0.00      0.00      1.00      0.50      0.00      0.00      0.00
09:58:55 PM     all     97.74      0.00      0.75      0.00      0.00      1.00      0.50      0.00      0.00      0.00
09:58:56 PM     all     97.26      0.00      1.00      0.00      0.00      1.00      0.75      0.00      0.00      0.00
09:58:57 PM     all     97.50      0.00      1.00      0.00      0.00      1.00      0.50      0.00      0.00      0.00
09:58:58 PM     all     97.75      0.00      0.75      0.00      0.00      1.00      0.50      0.00      0.00      0.00
09:58:59 PM     all     98.25      0.00      0.25      0.00      0.00      1.00      0.50      0.00      0.00      0.00
09:59:00 PM     all     96.51      0.00      1.75      0.00      0.00      1.00      0.75      0.00      0.00      0.00
09:59:01 PM     all     47.63      0.00      1.00      0.00      0.00      0.75      0.50      0.00      0.00     50.12
09:59:02 PM     all     20.15      0.00      0.25      0.00      0.00      0.25      0.25      0.00      0.00     79.09
09:59:03 PM     all     19.35      0.00      0.50      0.00      0.00      0.25      0.25      0.00      0.00     79.65
09:59:04 PM     all     17.75      0.00      0.25      0.00      0.00      0.50      0.50      0.00      0.00     81.00
09:59:05 PM     all     16.62      0.00      0.50      0.00      0.00      0.25      0.25      0.00      0.00     82.37
09:59:06 PM     all     15.25      0.00      0.75      0.00      0.00      0.50      0.50      0.00      0.00     83.00
09:59:07 PM     all     21.30      0.00      0.25      0.00      0.00      0.25      0.25      0.00      0.00     77.94
09:59:08 PM     all     18.00      0.00      0.75      0.00      0.00      0.50      0.25      0.00      0.00     80.50
09:59:09 PM     all     16.08      0.00      0.25      0.00      0.00      0.25      0.50      0.00      0.00     82.91
09:59:10 PM     all     17.50      0.00      0.75      0.00      0.00      0.50      0.25      0.00      0.00     81.00
09:59:11 PM     all     18.34      0.00      0.25      0.00      0.00      0.25      0.50      0.00      0.00     80.65
09:59:12 PM     all     20.55      0.00      0.50      0.00      0.00      0.25      0.25      0.00      0.00     78.45
09:59:13 PM     all     18.75      0.00      0.25      0.00      0.00      0.50      0.50      0.00      0.00     80.00
09:59:14 PM     all     16.88      0.00      0.50      0.00      0.00      0.25      0.25      0.00      0.00     82.12
09:59:15 PM     all     16.54      0.00      0.00      0.00      0.00      0.50      0.50      0.00      0.00     82.46
09:59:16 PM     all     19.90      0.00      0.25      0.00      0.00      0.25      0.25      0.00      0.00     79.35
09:59:17 PM     all     19.95      0.00      0.25      0.00      0.00      0.50      0.50      0.00      0.00     78.80
09:59:18 PM     all     18.14      0.00      0.50      0.00      0.00      0.25      0.25      0.00      0.00     80.86
09:59:19 PM     all     16.79      0.00      0.50      0.00      0.00      0.50      0.50      0.00      0.00     81.70
09:59:20 PM     all     21.80      0.00      0.25      0.25      0.00      0.25      0.00      0.00      0.00     77.44
09:59:21 PM     all     19.05      0.00      0.25      0.00      0.00      0.25      0.50      0.00      0.00     79.95
09:59:22 PM     all     20.30      0.00      0.25      0.00      0.00      0.25      0.25      0.00      0.00     78.95
09:59:23 PM     all     13.57      0.00      0.25      0.00      0.00      0.50      0.25      0.00      0.00     85.43
09:59:24 PM     all     21.11      0.00      0.50      0.00      0.00      0.25      0.25      0.00      0.00     77.89
09:59:25 PM     all     19.95      0.00      0.00      0.00      0.00      0.25      0.25      0.00      0.00     79.55
09:59:26 PM     all     19.15      0.00      0.50      0.00      0.00      0.50      0.50      0.00      0.00     79.35
09:59:27 PM     all     19.35      0.00      0.25      0.00      0.00      0.25      0.25      0.00      0.00     79.90
09:59:28 PM     all     19.60      0.00      0.25      0.00      0.00      0.25      0.25      0.00      0.00     79.65
09:59:29 PM     all     16.25      0.00      0.50      0.00      0.00      0.50      0.50      0.00      0.00     82.25
09:59:30 PM     all     20.15      0.00      0.25      0.00      0.00      0.25      0.25      0.00      0.00     79.09
09:59:31 PM     all     19.05      0.00      0.50      0.00      0.00      0.25      0.25      0.00      0.00     79.95
09:59:32 PM     all     59.35      0.00      8.23      0.00      0.00      0.75      0.50      0.00      0.00     31.17
09:59:33 PM     all     90.75      0.00      7.75      0.00      0.00      1.00      0.50      0.00      0.00      0.00
09:59:34 PM     all     90.02      0.00      8.48      0.00      0.00      1.00      0.50      0.00      0.00      0.00
09:59:35 PM     all     81.45      0.00     17.29      0.00      0.00      0.75      0.50      0.00      0.00      0.00
09:59:36 PM     all     94.26      0.00      4.49      0.00      0.00      1.00      0.25      0.00      0.00      0.00
09:59:37 PM     all     96.25      0.00      2.00      0.00      0.00      1.00      0.75      0.00      0.00      0.00
09:59:38 PM     all     98.25      0.00      0.25      0.00      0.00      0.75      0.50      0.00      0.00      0.25
09:59:39 PM     all     97.75      0.00      1.00      0.00      0.00      1.00      0.25      0.00      0.00      0.00
09:59:40 PM     all     96.25      0.00      2.00      0.00      0.00      1.00      0.75      0.00      0.00      0.00
09:59:41 PM     all     97.76      0.00      1.00      0.00      0.00      1.00      0.25      0.00      0.00      0.00
09:59:42 PM     all     98.25      0.00      0.25      0.00      0.00      1.00      0.50      0.00      0.00      0.00
09:59:43 PM     all     96.75      0.00      1.50      0.00      0.00      1.00      0.75      0.00      0.00      0.00
09:59:44 PM     all     96.26      0.00      1.75      0.00      0.00      1.25      0.75      0.00      0.00      0.00
09:59:45 PM     all     97.74      0.00      1.25      0.00      0.00      0.75      0.25      0.00      0.00      0.00
09:59:46 PM     all     97.25      0.00      1.25      0.00      0.00      1.00      0.50      0.00      0.00      0.00
09:59:47 PM     all     97.75      0.00      0.75      0.00      0.00      1.00      0.50      0.00      0.00      0.00
09:59:48 PM     all     97.26      0.00      1.00      0.00      0.00      1.25      0.50      0.00      0.00      0.00
09:59:49 PM     all     95.75      0.00      2.00      0.00      0.00      1.25      1.00      0.00      0.00      0.00
09:59:50 PM     all     97.99      0.00      1.00      0.00      0.00      0.75      0.25      0.00      0.00      0.00
09:59:51 PM     all     97.75      0.00      0.75      0.00      0.00      1.00      0.50      0.00      0.00      0.00
09:59:52 PM     all     97.26      0.00      1.25      0.00      0.00      1.00      0.50      0.00      0.00      0.00
09:59:53 PM     all     97.74      0.00      0.75      0.00      0.00      1.00      0.50      0.00      0.00      0.00
09:59:54 PM     all     97.76      0.00      0.75      0.00      0.00      1.00      0.50      0.00      0.00      0.00
09:59:55 PM     all     97.99      0.00      0.75      0.00      0.00      1.00      0.25      0.00      0.00      0.00
09:59:56 PM     all     97.74      0.00      1.00      0.00      0.00      0.75      0.50      0.00      0.00      0.00
09:59:57 PM     all     97.75      0.00      0.75      0.00      0.00      1.00      0.50      0.00      0.00      0.00
09:59:58 PM     all     97.75      0.00      0.75      0.00      0.00      1.00      0.50      0.00      0.00      0.00
09:59:59 PM     all     97.75      0.00      1.00      0.00      0.00      1.00      0.25      0.00      0.00      0.00
10:00:00 PM     all     96.26      0.00      2.00      0.00      0.00      1.00      0.75      0.00      0.00      0.00
10:00:01 PM     all     97.25      0.00      1.25      0.00      0.00      1.00      0.50      0.00      0.00      0.00
10:00:02 PM     all     51.26      0.00      1.51      0.00      0.00      0.75      0.50      0.00      0.00     45.98
10:00:03 PM     all     17.84      0.00      0.50      0.00      0.00      0.25      0.25      0.00      0.00     81.16
10:00:04 PM     all     15.33      0.00      0.50      0.00      0.00      0.50      0.75      0.00      0.00     82.91
10:00:05 PM     all     19.80      0.00      0.50      0.25      0.00      0.25      0.25      0.00      0.00     78.95
10:00:06 PM     all     19.80      0.00      0.50      0.00      0.00      0.25      0.25      0.00      0.00     79.20
10:00:07 PM     all     16.83      0.00      0.50      0.00      0.00      0.50      0.50      0.00      0.00     81.66
10:00:08 PM     all     20.50      0.00      0.25      0.00      0.00      0.25      0.25      0.00      0.00     78.75
10:00:09 PM     all     18.55      0.00      0.50      0.00      0.00      0.50      0.50      0.00      0.00     79.95
10:00:10 PM     all     16.62      0.00      0.25      0.00      0.00      0.25      0.25      0.00      0.00     82.62
10:00:11 PM     all     16.41      0.00      0.25      0.00      0.00      0.25      0.25      0.00      0.00     82.83
10:00:12 PM     all     18.80      0.00      0.75      0.00      0.00      0.25      0.25      0.00      0.00     79.95
10:00:13 PM     all     17.25      0.00      0.25      0.00      0.00      0.50      0.50      0.00      0.00     81.50
10:00:14 PM     all     17.97      0.00      0.00      0.00      0.00      0.25      0.25      0.00      0.00     81.52
10:00:15 PM     all     19.80      0.00      0.25      0.00      0.00      0.25      0.25      0.00      0.00     79.45
10:00:16 PM     all     19.05      0.00      0.25      0.00      0.00      0.25      0.50      0.00      0.00     79.95
10:00:17 PM     all     18.55      0.00      0.25      0.00      0.00      0.50      0.25      0.00      0.00     80.45
10:00:18 PM     all     19.60      0.00      0.50      0.00      0.00      0.25      0.25      0.00      0.00     79.40
10:00:19 PM     all     20.85      0.00      0.00      0.00      0.00      0.25      0.25      0.00      0.00     78.64
10:00:20 PM     all     19.80      0.00      0.50      0.25      0.00      0.25      0.25      0.00      0.00     78.95
10:00:21 PM     all     20.91      0.00      0.25      0.00      0.00      0.25      0.25      0.00      0.00     78.34
10:00:22 PM     all     17.41      0.00      0.50      0.00      0.00      0.50      0.75      0.00      0.00     80.85
10:00:23 PM     all     19.55      0.00      0.75      0.00      0.00      0.25      0.25      0.00      0.00     79.20
10:00:24 PM     all     19.50      0.00      0.25      0.00      0.00      0.50      0.50      0.00      0.00     79.25
10:00:25 PM     all     18.30      0.00      0.50      0.00      0.00      0.25      0.25      0.00      0.00     80.70
10:00:26 PM     all     18.39      0.00      0.25      0.00      0.00      0.25      0.25      0.00      0.00     80.86
10:00:27 PM     all     20.30      0.00      0.50      0.00      0.00      0.50      0.25      0.00      0.00     78.45
10:00:28 PM     all     18.50      0.00      0.50      0.00      0.00      0.25      0.50      0.00      0.00     80.25
10:00:29 PM     all     19.75      0.00      0.25      0.00      0.00      0.25      0.25      0.00      0.00     79.49
10:00:30 PM     all     18.09      0.00      0.25      0.00      0.00      0.25      0.25      0.00      0.00     81.16
10:00:31 PM     all     18.09      0.00      0.25      0.00      0.00      0.50      0.25      0.00      0.00     80.90
10:00:32 PM     all     15.33      0.00      0.00      0.00      0.00      0.25      0.50      0.00      0.00     83.92
10:00:33 PM     all      0.25      0.00      0.25      0.00      0.00      0.25      0.00      0.00      0.00     99.25
10:00:34 PM     all      0.00      0.00      0.00      0.00      0.00      0.00      0.00      0.00      0.00    100.00
10:00:35 PM     all      0.00      0.00      0.50      0.25      0.00      0.00      0.00      0.00      0.00     99.25
Average:        all     54.75      0.00      1.49      0.01      0.00      0.62      0.39      0.00      0.00     42.73
