Linux 4.9.253-tegra (nano-desktop) 	08/16/2023 	_aarch64_	(4 CPU)

08:53:53 PM     CPU      %usr     %nice      %sys   %iowait    %steal      %irq     %soft    %guest    %gnice     %idle
08:53:54 PM     all      1.50      0.00     56.50      0.00      0.00      0.50      4.50      0.00      0.00     37.00
08:53:55 PM     all      1.25      0.00     45.61      0.00      0.00      0.50      3.76      0.00      0.00     48.87
08:53:56 PM     all      0.75      0.00     45.86      0.00      0.00      0.50      4.01      0.00      0.00     48.87
08:53:57 PM     all      2.02      0.00     41.31      0.00      0.00      0.25      5.79      0.00      0.00     50.63
08:53:58 PM     all      0.51      0.00     39.39      0.00      0.00      0.26      6.39      0.00      0.00     53.45
08:53:59 PM     all      1.51      0.00     39.70      0.00      0.00      0.25      4.27      0.00      0.00     54.27
08:54:00 PM     all      2.74      0.00     40.90      0.00      0.00      0.50      4.24      0.00      0.00     51.62
08:54:01 PM     all      1.25      0.00     39.35      0.00      0.00      0.50      4.26      0.00      0.00     54.64
08:54:02 PM     all      2.01      0.00     39.10      0.00      0.00      0.25      4.26      0.00      0.00     54.39
08:54:03 PM     all      0.50      0.00     32.66      0.25      0.00      0.50      2.76      0.00      0.00     63.32
08:54:04 PM     all      2.02      0.00     30.48      0.00      0.00      0.25      3.53      0.00      0.00     63.73
08:54:05 PM     all      1.02      0.00     39.59      0.00      0.00      0.25      4.57      0.00      0.00     54.57
08:54:06 PM     all      0.50      0.00     40.60      0.00      0.00      0.25      4.26      0.00      0.00     54.39
08:54:07 PM     all      0.25      0.00     40.30      0.00      0.00      0.50      4.28      0.00      0.00     54.66
08:54:08 PM     all      1.51      0.00     39.70      0.00      0.00      0.25      4.27      0.00      0.00     54.27
08:54:09 PM     all      1.27      0.00     38.73      0.00      0.00      0.51      4.30      0.00      0.00     55.19
08:54:10 PM     all      1.26      0.00     38.89      0.00      0.00      0.25      4.29      0.00      0.00     55.30
08:54:11 PM     all      0.25      0.00     40.20      0.00      0.00      0.50      4.27      0.00      0.00     54.77
08:54:12 PM     all      1.26      0.00     39.20      0.00      0.00      0.25      4.27      0.00      0.00     55.03
08:54:13 PM     all      1.01      0.00     39.14      0.00      0.00      0.51      4.29      0.00      0.00     55.05
08:54:14 PM     all      6.73      0.00     30.92      0.00      0.00      0.50      2.00      0.00      0.00     59.85
08:54:15 PM     all     47.72      0.00     32.99      0.00      0.00      0.51      3.05      0.00      0.00     15.74
08:54:16 PM     all     45.61      0.00     42.36      0.00      0.00      0.50      4.51      0.00      0.00      7.02
08:54:17 PM     all     40.50      0.00     41.25      0.00      0.00      0.75      4.50      0.00      0.00     13.00
08:54:18 PM     all     44.72      0.00     41.96      0.25      0.00      0.50      5.03      0.00      0.00      7.54
08:54:19 PM     all     50.89      0.00     39.19      0.00      0.00      0.76      4.33      0.00      0.00      4.83
08:54:20 PM     all     48.48      0.00     40.91      0.00      0.00      0.51      4.29      0.00      0.00      5.81
08:54:21 PM     all     47.74      0.00     41.21      0.00      0.00      0.75      4.27      0.00      0.00      6.03
08:54:22 PM     all     49.38      0.00     39.21      0.00      0.00      0.50      3.47      0.00      0.00      7.44
08:54:23 PM     all     40.66      0.00     40.91      0.00      0.00      0.76      4.55      0.00      0.00     13.13
08:54:24 PM     all     40.00      0.00     42.75      0.00      0.00      0.50      5.00      0.00      0.00     11.75
08:54:25 PM     all     58.08      0.00     27.02      0.00      0.00      0.51      2.02      0.00      0.00     12.37
08:54:26 PM     all     49.24      0.00     34.34      0.00      0.00      0.76      3.03      0.00      0.00     12.63
08:54:27 PM     all     47.63      0.00     40.90      0.00      0.00      0.50      4.49      0.00      0.00      6.48
08:54:28 PM     all     48.99      0.00     39.90      0.00      0.00      0.51      4.04      0.00      0.00      6.57
08:54:29 PM     all     48.64      0.00     39.70      0.00      0.00      0.74      3.72      0.00      0.00      7.20
08:54:30 PM     all     35.24      0.00     42.43      0.00      0.00      0.50      3.47      0.00      0.00     18.36
08:54:31 PM     all     43.83      0.00     39.80      0.00      0.00      0.76      4.03      0.00      0.00     11.59
08:54:32 PM     all     44.11      0.00     42.86      0.00      0.00      0.50      4.26      0.00      0.00      8.27
08:54:33 PM     all     42.89      0.00     41.12      0.00      0.00      0.76      5.08      0.00      0.00     10.15
08:54:34 PM     all     32.59      0.00     43.03      0.00      0.00      0.25      4.98      0.00      0.00     19.15
08:54:35 PM     all     31.47      0.00     40.86      0.00      0.00      0.76      5.33      0.00      0.00     21.57
08:54:36 PM     all     42.11      0.00     27.07      0.00      0.00      0.50      1.50      0.00      0.00     28.82
08:54:37 PM     all     33.25      0.00     37.75      0.00      0.00      0.50      3.75      0.00      0.00     24.75
08:54:38 PM     all     43.36      0.00     39.60      0.00      0.00      0.75      4.01      0.00      0.00     12.28
08:54:39 PM     all     36.43      0.00     39.95      0.00      0.00      0.50      3.77      0.00      0.00     19.35
08:54:40 PM     all     40.05      0.00     41.81      0.00      0.00      0.50      4.53      0.00      0.00     13.10
08:54:41 PM     all     28.61      0.00     41.01      0.00      0.00      0.51      5.57      0.00      0.00     24.30
08:54:42 PM     all     44.33      0.00     41.56      0.00      0.00      0.50      4.79      0.00      0.00      8.82
08:54:43 PM     all     46.95      0.00     39.34      0.00      0.00      0.76      5.08      0.00      0.00      7.87
08:54:44 PM     all     29.62      0.00     42.03      0.00      0.00      0.25      5.32      0.00      0.00     22.78
08:54:45 PM     all      1.24      0.00     43.03      0.00      0.00      0.50      4.98      0.00      0.00     50.25
08:54:46 PM     all      1.24      0.00     46.53      0.00      0.00      0.50      3.71      0.00      0.00     48.02
08:54:47 PM     all      1.75      0.00     22.50      0.00      0.00      0.25      1.00      0.00      0.00     74.50
08:54:48 PM     all      0.75      0.00     40.25      0.00      0.00      0.50      4.75      0.00      0.00     53.75
08:54:49 PM     all      0.76      0.00     39.29      0.00      0.00      0.50      4.28      0.00      0.00     55.16
08:54:50 PM     all      1.25      0.00     38.85      0.00      0.00      0.25      4.26      0.00      0.00     55.39
08:54:51 PM     all      1.25      0.00     39.40      0.00      0.00      0.50      4.24      0.00      0.00     54.61
08:54:52 PM     all      0.00      0.00     39.29      0.00      0.00      0.26      4.34      0.00      0.00     56.12
08:54:53 PM     all      0.75      0.00     39.60      0.25      0.00      0.50      4.26      0.00      0.00     54.64
08:54:54 PM     all      0.75      0.00     39.45      0.00      0.00      0.25      4.27      0.00      0.00     55.28
08:54:55 PM     all      1.00      0.00     39.75      0.00      0.00      0.50      4.25      0.00      0.00     54.50
08:54:56 PM     all      0.50      0.00     39.55      0.00      0.00      0.50      4.28      0.00      0.00     55.16
08:54:57 PM     all      0.50      0.00     39.55      0.00      0.00      0.25      5.04      0.00      0.00     54.66
08:54:58 PM     all      1.25      0.00     26.57      0.00      0.00      0.25      2.01      0.00      0.00     69.92
08:54:59 PM     all      1.25      0.00     45.36      0.00      0.00      0.50      4.01      0.00      0.00     48.87
08:55:00 PM     all      3.06      0.00     41.84      0.00      0.00      0.26      5.36      0.00      0.00     49.49
08:55:01 PM     all      1.25      0.00     39.85      0.00      0.00      0.25      5.51      0.00      0.00     53.13
08:55:02 PM     all      2.22      0.00     40.74      0.00      0.00      0.49      3.95      0.00      0.00     52.59
08:55:03 PM     all      1.25      0.00     41.65      0.00      0.00      0.50      4.24      0.00      0.00     52.37
08:55:04 PM     all      1.00      0.00     46.50      0.00      0.00      0.25      3.75      0.00      0.00     48.50
08:55:05 PM     all      0.99      0.00     43.92      0.00      0.00      0.50      3.97      0.00      0.00     50.62
08:55:06 PM     all      1.49      0.00     39.55      0.00      0.00      0.50      4.23      0.00      0.00     54.23
08:55:07 PM     all      1.01      0.00     39.55      0.00      0.00      0.25      4.28      0.00      0.00     54.91
08:55:08 PM     all      1.50      0.00     33.75      0.00      0.00      0.50      3.00      0.00      0.00     61.25
08:55:09 PM     all      1.75      0.00     27.07      0.00      0.00      0.25      2.26      0.00      0.00     68.67
08:55:10 PM     all      0.74      0.00     40.35      0.00      0.00      0.25      4.46      0.00      0.00     54.21
08:55:11 PM     all      1.53      0.00     38.42      0.00      0.00      0.51      4.07      0.00      0.00     55.47
08:55:12 PM     all      1.00      0.00     40.00      0.00      0.00      0.25      4.25      0.00      0.00     54.50
08:55:13 PM     all      1.75      0.00     38.90      0.25      0.00      0.50      4.24      0.00      0.00     54.36
08:55:14 PM     all      0.75      0.00     40.50      0.00      0.00      0.25      4.25      0.00      0.00     54.25
08:55:15 PM     all      0.75      0.00     40.30      0.00      0.00      0.50      4.23      0.00      0.00     54.23
08:55:16 PM     all      1.01      0.00     39.39      0.00      0.00      0.25      4.29      0.00      0.00     55.05
08:55:17 PM     all      1.75      0.00     38.75      0.00      0.00      0.50      4.25      0.00      0.00     54.75
08:55:18 PM     all      1.25      0.00     40.00      0.00      0.00      0.25      4.25      0.00      0.00     54.25
08:55:19 PM     all      1.01      0.00     30.65      0.00      0.00      0.50      2.76      0.00      0.00     65.08
08:55:20 PM     all     44.84      0.00     29.72      0.00      0.00      0.50      2.27      0.00      0.00     22.67
08:55:21 PM     all     49.12      0.00     39.80      0.00      0.00      0.76      4.53      0.00      0.00      5.79
08:55:22 PM     all     56.50      0.00     35.25      0.00      0.00      0.50      3.50      0.00      0.00      4.25
08:55:23 PM     all     40.60      0.00     41.10      0.25      0.00      0.75      4.51      0.00      0.00     12.78
08:55:24 PM     all     51.65      0.00     40.00      0.00      0.00      0.51      4.56      0.00      0.00      3.29
08:55:25 PM     all     53.54      0.00     38.38      0.00      0.00      0.76      4.29      0.00      0.00      3.03
08:55:26 PM     all     51.64      0.00     36.78      0.00      0.00      0.50      3.27      0.00      0.00      7.81
08:55:27 PM     all     47.12      0.00     38.85      0.00      0.00      0.75      3.51      0.00      0.00      9.77
08:55:28 PM     all     29.43      0.00     41.15      0.00      0.00      0.50      3.99      0.00      0.00     24.94
08:55:29 PM     all     46.08      0.00     40.76      0.00      0.00      0.51      3.80      0.00      0.00      8.86
08:55:30 PM     all     30.98      0.00     31.23      0.00      0.00      0.50      2.27      0.00      0.00     35.01
08:55:31 PM     all     49.50      0.00     32.91      0.00      0.00      0.75      3.02      0.00      0.00     13.82
08:55:32 PM     all     44.47      0.00     41.71      0.00      0.00      0.50      4.27      0.00      0.00      9.05
08:55:33 PM     all     50.89      0.00     37.47      0.00      0.00      0.76      4.05      0.00      0.00      6.84
08:55:34 PM     all     46.23      0.00     40.95      0.00      0.00      0.50      4.27      0.00      0.00      8.04
08:55:35 PM     all     49.50      0.00     37.50      0.00      0.00      0.75      4.25      0.00      0.00      8.00
08:55:36 PM     all     49.50      0.00     37.19      0.00      0.00      0.50      3.52      0.00      0.00      9.30
08:55:37 PM     all     49.24      0.00     41.37      0.00      0.00      0.76      4.31      0.00      0.00      4.31
08:55:38 PM     all     49.87      0.00     40.97      0.00      0.00      0.51      4.33      0.00      0.00      4.33
08:55:39 PM     all     29.97      0.00     43.83      0.00      0.00      0.50      4.53      0.00      0.00     21.16
08:55:40 PM     all     35.88      0.00     41.73      0.00      0.00      0.76      4.83      0.00      0.00     16.79
08:55:41 PM     all     47.87      0.00     27.07      0.00      0.00      0.50      1.25      0.00      0.00     23.31
08:55:42 PM     all     42.68      0.00     37.12      0.00      0.00      0.51      4.55      0.00      0.00     15.15
08:55:43 PM     all     43.69      0.00     41.41      0.25      0.00      0.76      4.55      0.00      0.00      9.34
08:55:44 PM     all     46.46      0.00     39.65      0.00      0.00      0.51      3.54      0.00      0.00      9.85
08:55:45 PM     all     46.62      0.00     40.60      0.00      0.00      0.75      4.51      0.00      0.00      7.52
08:55:46 PM     all     46.82      0.00     40.46      0.00      0.00      0.51      4.58      0.00      0.00      7.63
08:55:47 PM     all     51.40      0.00     36.13      0.00      0.00      0.51      4.83      0.00      0.00      7.12
08:55:48 PM     all     46.60      0.00     40.05      0.00      0.00      0.50      4.53      0.00      0.00      8.31
08:55:49 PM     all     44.27      0.00     40.20      0.00      0.00      0.76      4.58      0.00      0.00     10.18
08:55:50 PM     all      4.03      0.00     46.10      0.00      0.00      0.50      4.03      0.00      0.00     45.34
08:55:51 PM     all      1.76      0.00     46.35      0.00      0.00      0.50      3.78      0.00      0.00     47.61
08:55:52 PM     all      1.76      0.00     25.88      0.00      0.00      0.25      1.76      0.00      0.00     70.35
08:55:53 PM     all      1.01      0.00     44.47      0.00      0.00      0.50      4.27      0.00      0.00     49.75
08:55:54 PM     all      1.26      0.00     41.96      0.00      0.00      0.25      5.28      0.00      0.00     51.26
08:55:55 PM     all      1.01      0.00     45.73      0.00      0.00      0.50      3.77      0.00      0.00     48.99
08:55:56 PM     all      1.00      0.00     45.86      0.00      0.00      0.50      4.01      0.00      0.00     48.62
08:55:57 PM     all      1.25      0.00     46.62      0.00      0.00      0.50      3.76      0.00      0.00     47.87
08:55:58 PM     all      1.25      0.00     45.36      0.00      0.00      0.50      4.01      0.00      0.00     48.87
08:55:59 PM     all      1.01      0.00     45.59      0.00      0.00      0.50      3.78      0.00      0.00     49.12
08:56:00 PM     all      2.51      0.00     41.96      0.00      0.00      0.25      5.78      0.00      0.00     49.50
08:56:01 PM     all      1.52      0.00     39.39      0.00      0.00      0.25      6.06      0.00      0.00     52.78
08:56:02 PM     all      0.76      0.00     36.36      0.00      0.00      0.25      4.04      0.00      0.00     58.59
08:56:03 PM     all      2.02      0.00     29.72      0.25      0.00      0.25      2.52      0.00      0.00     65.24
08:56:04 PM     all      0.50      0.00     46.00      0.00      0.00      0.75      4.00      0.00      0.00     48.75
08:56:05 PM     all      1.01      0.00     45.84      0.00      0.00      0.25      3.78      0.00      0.00     49.12
08:56:06 PM     all      0.75      0.00     45.75      0.00      0.00      0.75      4.00      0.00      0.00     48.75
08:56:07 PM     all      1.01      0.00     45.98      0.00      0.00      0.25      3.77      0.00      0.00     48.99
08:56:08 PM     all      1.01      0.00     45.84      0.00      0.00      0.50      3.78      0.00      0.00     48.87
08:56:09 PM     all      0.75      0.00     45.89      0.00      0.00      0.50      3.99      0.00      0.00     48.88
08:56:10 PM     all      0.75      0.00     46.23      0.00      0.00      0.50      3.77      0.00      0.00     48.74
08:56:11 PM     all      0.50      0.00     46.12      0.00      0.00      0.50      4.01      0.00      0.00     48.87
08:56:12 PM     all      1.26      0.00     45.48      0.00      0.00      0.50      3.77      0.00      0.00     48.99
08:56:13 PM     all      1.75      0.00     35.34      0.25      0.00      0.50      2.51      0.00      0.00     59.65
08:56:14 PM     all      1.26      0.00     34.17      0.00      0.00      0.25      4.27      0.00      0.00     60.05
08:56:15 PM     all      0.50      0.00     46.12      0.00      0.00      0.50      3.76      0.00      0.00     49.12
08:56:16 PM     all      1.27      0.00     40.25      0.00      0.00      0.51      4.05      0.00      0.00     53.92
08:56:17 PM     all      1.00      0.00     39.75      0.00      0.00      0.25      4.25      0.00      0.00     54.75
08:56:18 PM     all      1.51      0.00     38.94      0.00      0.00      0.50      4.27      0.00      0.00     54.77
08:56:19 PM     all      1.02      0.00     38.68      0.00      0.00      0.25      4.33      0.00      0.00     55.73
08:56:20 PM     all      1.26      0.00     39.45      0.00      0.00      0.50      4.27      0.00      0.00     54.52
08:56:21 PM     all      0.76      0.00     39.24      0.00      0.00      0.25      4.30      0.00      0.00     55.44
08:56:22 PM     all      1.01      0.00     39.80      0.00      0.00      0.50      4.03      0.00      0.00     54.66
08:56:23 PM     all      1.25      0.00     39.75      0.25      0.00      0.25      4.25      0.00      0.00     54.25
08:56:24 PM     all      8.82      0.00     26.45      0.00      0.00      0.50      1.76      0.00      0.00     62.47
08:56:25 PM     all     50.63      0.00     31.14      0.00      0.00      0.51      2.78      0.00      0.00     14.94
08:56:26 PM     all     36.27      0.00     42.32      0.00      0.00      0.76      4.79      0.00      0.00     15.87
08:56:27 PM     all     43.40      0.00     40.36      0.00      0.00      0.51      5.08      0.00      0.00     10.66
08:56:28 PM     all     45.80      0.00     40.46      0.00      0.00      0.51      4.58      0.00      0.00      8.65
08:56:29 PM     all     40.45      0.00     41.21      0.00      0.00      0.50      5.03      0.00      0.00     12.81
08:56:30 PM     all     40.46      0.00     41.22      0.00      0.00      0.51      5.09      0.00      0.00     12.72
08:56:31 PM     all     44.67      0.00     40.86      0.00      0.00      0.76      4.82      0.00      0.00      8.88
08:56:32 PM     all     52.75      0.00     38.25      0.00      0.00      0.50      3.50      0.00      0.00      5.00
08:56:33 PM     all     51.39      0.00     38.73      0.00      0.00      0.51      4.56      0.00      0.00      4.81
08:56:34 PM     all     36.55      0.00     39.85      0.00      0.00      0.76      4.31      0.00      0.00     18.53
08:56:35 PM     all     46.21      0.00     29.29      0.00      0.00      0.51      2.27      0.00      0.00     21.72
08:56:36 PM     all     33.92      0.00     35.95      0.00      0.00      0.51      4.30      0.00      0.00     25.32
08:56:37 PM     all     40.20      0.00     40.20      0.00      0.00      0.51      4.58      0.00      0.00     14.50
08:56:38 PM     all     52.28      0.00     37.06      0.00      0.00      0.76      4.06      0.00      0.00      5.84
08:56:39 PM     all     54.89      0.00     34.09      0.00      0.00      0.50      3.76      0.00      0.00      6.77
08:56:40 PM     all     56.89      0.00     34.09      0.00      0.00      0.75      3.76      0.00      0.00      4.51
08:56:41 PM     all     57.18      0.00     34.26      0.00      0.00      0.50      4.28      0.00      0.00      3.78
08:56:42 PM     all     57.51      0.00     35.62      0.00      0.00      0.76      4.07      0.00      0.00      2.04
08:56:43 PM     all     52.76      0.00     35.68      0.00      0.00      0.50      3.52      0.00      0.00      7.54
08:56:44 PM     all     55.39      0.00     36.09      0.00      0.00      0.75      3.76      0.00      0.00      4.01
08:56:45 PM     all     53.54      0.00     38.38      0.00      0.00      0.51      4.55      0.00      0.00      3.03
08:56:46 PM     all     54.39      0.00     25.31      0.00      0.00      0.75      1.25      0.00      0.00     18.30
08:56:47 PM     all     50.00      0.00     36.68      0.00      0.00      0.50      4.52      0.00      0.00      8.29
08:56:48 PM     all     52.78      0.00     36.87      0.00      0.00      0.76      3.79      0.00      0.00      5.81
08:56:49 PM     all     45.04      0.00     40.71      0.00      0.00      0.51      4.58      0.00      0.00      9.16
08:56:50 PM     all     32.24      0.00     40.81      0.00      0.00      0.50      4.79      0.00      0.00     21.66
08:56:51 PM     all     28.68      0.00     40.61      0.00      0.00      0.51      5.33      0.00      0.00     24.87
08:56:52 PM     all     51.01      0.00     35.86      0.00      0.00      0.76      4.04      0.00      0.00      8.33
08:56:53 PM     all     49.25      0.00     39.00      0.00      0.00      0.50      3.75      0.00      0.00      7.50
08:56:54 PM     all     40.75      0.00     41.50      0.00      0.00      0.75      4.00      0.00      0.00     13.00
08:56:55 PM     all      0.25      0.00     40.15      0.00      0.00      0.25      4.29      0.00      0.00     55.05
08:56:56 PM     all      0.76      0.00     40.81      0.00      0.00      0.50      4.28      0.00      0.00     53.65
08:56:57 PM     all      1.77      0.00     25.76      0.00      0.00      0.25      2.02      0.00      0.00     70.20
08:56:58 PM     all      1.26      0.00     41.06      0.00      0.00      0.50      4.53      0.00      0.00     52.64
08:56:59 PM     all      1.25      0.00     45.36      0.25      0.00      0.50      4.01      0.00      0.00     48.62
08:57:00 PM     all      1.77      0.00     44.19      0.00      0.00      0.25      4.04      0.00      0.00     49.75
08:57:01 PM     all      1.00      0.00     39.85      0.00      0.00      0.50      4.26      0.00      0.00     54.39
08:57:02 PM     all      0.75      0.00     39.70      0.00      0.00      0.25      4.27      0.00      0.00     55.03
08:57:03 PM     all      1.01      0.00     39.49      0.00      0.00      0.51      4.05      0.00      0.00     54.94
08:57:04 PM     all      1.02      0.00     39.34      0.00      0.00      0.25      4.31      0.00      0.00     55.08
08:57:05 PM     all      0.76      0.00     39.24      0.00      0.00      0.51      4.30      0.00      0.00     55.19
08:57:06 PM     all      0.76      0.00     39.80      0.00      0.00      0.25      4.28      0.00      0.00     54.91
08:57:07 PM     all      0.50      0.00     35.26      0.00      0.00      0.50      3.53      0.00      0.00     60.20
08:57:08 PM     all      1.77      0.00     31.82      0.00      0.00      0.25      2.27      0.00      0.00     63.89
08:57:09 PM     all      2.04      0.00     37.66      0.00      0.00      0.25      7.12      0.00      0.00     52.93
08:57:10 PM     all      0.25      0.00     44.44      0.00      0.00      0.51      4.55      0.00      0.00     50.25
08:57:11 PM     all      1.01      0.00     45.73      0.00      0.00      0.50      4.02      0.00      0.00     48.74
08:57:12 PM     all      1.02      0.00     43.40      0.00      0.00      0.25      4.57      0.00      0.00     50.76
08:57:13 PM     all      1.00      0.00     45.50      0.00      0.00      0.50      4.00      0.00      0.00     49.00
08:57:14 PM     all      0.50      0.00     44.47      0.25      0.00      0.25      4.52      0.00      0.00     50.00
08:57:15 PM     all      1.00      0.00     45.61      0.00      0.00      0.50      4.01      0.00      0.00     48.87
08:57:16 PM     all      1.01      0.00     43.54      0.00      0.00      0.51      4.56      0.00      0.00     50.38
08:57:17 PM     all      1.01      0.00     43.58      0.00      0.00      0.25      4.79      0.00      0.00     50.38
08:57:18 PM     all      1.26      0.00     32.66      0.00      0.00      0.50      2.01      0.00      0.00     63.57
08:57:19 PM     all      1.25      0.00     35.25      0.00      0.00      0.25      4.50      0.00      0.00     58.75
08:57:20 PM     all      1.51      0.00     39.45      0.00      0.00      0.25      6.28      0.00      0.00     52.51
08:57:21 PM     all      1.25      0.00     44.86      0.00      0.00      0.25      4.26      0.00      0.00     49.37
08:57:22 PM     all      1.53      0.00     40.71      0.00      0.00      0.51      5.34      0.00      0.00     51.91
08:57:23 PM     all      0.76      0.00     45.96      0.00      0.00      0.25      4.04      0.00      0.00     48.99
08:57:24 PM     all      1.79      0.00     38.52      0.00      0.00      0.26      6.12      0.00      0.00     53.32
08:57:25 PM     all      1.02      0.00     39.44      0.00      0.00      0.25      6.36      0.00      0.00     52.93
08:57:26 PM     all      1.02      0.00     39.85      0.00      0.00      0.25      5.58      0.00      0.00     53.30
08:57:27 PM     all      1.01      0.00     38.99      0.00      0.00      0.25      4.30      0.00      0.00     55.44
08:57:28 PM     all      1.02      0.00     38.58      0.00      0.00      0.51      4.31      0.00      0.00     55.58
08:57:29 PM     all     14.82      0.00     27.89      0.00      0.00      0.50      1.51      0.00      0.00     55.28
08:57:30 PM     all     55.56      0.00     32.32      0.00      0.00      0.51      3.28      0.00      0.00      8.33
08:57:31 PM     all     56.68      0.00     36.02      0.00      0.00      0.76      4.03      0.00      0.00      2.52
08:57:32 PM     all     56.03      0.00     36.43      0.00      0.00      0.50      4.52      0.00      0.00      2.51
08:57:33 PM     all     55.73      0.00     36.64      0.00      0.00      0.76      4.33      0.00      0.00      2.54
08:57:34 PM     all     62.91      0.00     31.08      0.00      0.00      0.75      3.51      0.00      0.00      1.75
08:57:35 PM     all     60.25      0.00     34.18      0.00      0.00      0.51      3.80      0.00      0.00      1.27
08:57:36 PM     all     64.00      0.00     31.25      0.00      0.00      0.75      3.00      0.00      0.00      1.00
08:57:37 PM     all     50.00      0.00     40.10      0.00      0.00      0.51      4.57      0.00      0.00      4.82
08:57:38 PM     all     67.00      0.00     27.54      0.00      0.00      0.74      3.23      0.00      0.00      1.49
08:57:39 PM     all     65.49      0.00     28.21      0.00      0.00      0.50      3.02      0.00      0.00      2.77
08:57:40 PM     all     49.00      0.00     26.50      0.00      0.00      0.75      1.25      0.00      0.00     22.50
08:57:41 PM     all     61.77      0.00     28.86      0.00      0.00      0.51      3.54      0.00      0.00      5.32
08:57:42 PM     all     49.62      0.00     38.04      0.00      0.00      0.76      4.28      0.00      0.00      7.30
08:57:43 PM     all     63.98      0.00     29.72      0.00      0.00      0.50      3.53      0.00      0.00      2.27
08:57:44 PM     all     46.85      0.00     42.07      0.00      0.00      0.76      4.53      0.00      0.00      5.79
08:57:45 PM     all     58.79      0.00     34.42      0.00      0.00      0.75      3.27      0.00      0.00      2.76
08:57:46 PM     all     53.55      0.00     38.32      0.00      0.00      0.51      4.06      0.00      0.00      3.55
08:57:47 PM     all     53.15      0.00     39.29      0.00      0.00      0.76      4.53      0.00      0.00      2.27
08:57:48 PM     all     58.78      0.00     33.33      0.00      0.00      0.76      3.56      0.00      0.00      3.56
08:57:49 PM     all     58.29      0.00     33.42      0.25      0.00      0.75      3.52      0.00      0.00      3.77
08:57:50 PM     all     57.32      0.00     36.36      0.00      0.00      0.76      4.04      0.00      0.00      1.52
08:57:51 PM     all     58.25      0.00     22.25      0.00      0.00      0.50      1.00      0.00      0.00     18.00
08:57:52 PM     all     56.47      0.00     37.31      0.00      0.00      0.75      3.73      0.00      0.00      1.74
08:57:53 PM     all     60.00      0.00     32.15      0.00      0.00      0.51      3.54      0.00      0.00      3.80
08:57:54 PM     all     57.46      0.00     35.82      0.00      0.00      0.75      3.48      0.00      0.00      2.49
08:57:55 PM     all     52.03      0.00     38.07      0.00      0.00      0.51      4.57      0.00      0.00      4.82
08:57:56 PM     all     58.15      0.00     32.08      0.00      0.00      0.75      3.51      0.00      0.00      5.51
08:57:57 PM     all     48.48      0.00     38.83      0.00      0.00      0.51      4.06      0.00      0.00      8.12
08:57:58 PM     all     45.11      0.00     41.10      0.00      0.00      0.75      4.76      0.00      0.00      8.27
08:57:59 PM     all     36.78      0.00     41.31      0.00      0.00      0.50      4.53      0.00      0.00     16.88
08:58:00 PM     all      1.51      0.00     42.32      0.00      0.00      0.25      5.54      0.00      0.00     50.38
08:58:01 PM     all      0.51      0.00     38.07      0.00      0.00      0.25      4.31      0.00      0.00     56.85
08:58:02 PM     all      1.77      0.00     24.49      0.00      0.00      0.25      1.77      0.00      0.00     71.72
08:58:03 PM     all      1.25      0.00     45.36      0.00      0.00      0.50      3.76      0.00      0.00     49.12
08:58:04 PM     all      0.50      0.00     46.35      0.00      0.00      0.50      4.03      0.00      0.00     48.61
08:58:05 PM     all      1.01      0.00     38.99      0.00      0.00      0.51      4.30      0.00      0.00     55.19
08:58:06 PM     all      0.76      0.00     39.80      0.00      0.00      0.25      4.03      0.00      0.00     55.16
08:58:07 PM     all      0.25      0.00     39.80      0.00      0.00      0.50      4.28      0.00      0.00     55.16
08:58:08 PM     all      1.01      0.00     39.45      0.00      0.00      0.25      4.27      0.00      0.00     55.03
08:58:09 PM     all      1.01      0.00     39.45      0.25      0.00      0.50      4.27      0.00      0.00     54.52
08:58:10 PM     all      1.01      0.00     39.39      0.00      0.00      0.25      4.29      0.00      0.00     55.05
08:58:11 PM     all      0.76      0.00     39.29      0.00      0.00      0.50      4.28      0.00      0.00     55.16
08:58:12 PM     all      0.76      0.00     34.18      0.00      0.00      0.25      3.29      0.00      0.00     61.52
08:58:13 PM     all      1.53      0.00     32.40      0.00      0.00      0.26      2.81      0.00      0.00     63.01
08:58:14 PM     all      1.50      0.00     45.11      0.00      0.00      0.50      4.01      0.00      0.00     48.87
08:58:15 PM     all      0.76      0.00     40.55      0.00      0.00      0.50      4.03      0.00      0.00     54.16
08:58:16 PM     all      0.76      0.00     40.05      0.00      0.00      0.25      4.28      0.00      0.00     54.66
08:58:17 PM     all      0.50      0.00     39.70      0.00      0.00      0.50      4.27      0.00      0.00     55.03
08:58:18 PM     all      0.50      0.00     44.58      0.00      0.00      0.25      4.03      0.00      0.00     50.63
08:58:19 PM     all      1.00      0.00     40.35      0.25      0.00      0.50      4.26      0.00      0.00     53.63
08:58:20 PM     all      1.00      0.00     40.35      0.00      0.00      0.50      4.01      0.00      0.00     54.14
08:58:21 PM     all      1.77      0.00     39.90      0.00      0.00      0.25      4.29      0.00      0.00     53.79
08:58:22 PM     all      1.00      0.00     39.35      0.00      0.00      0.50      4.26      0.00      0.00     54.89
08:58:23 PM     all      1.52      0.00     28.03      0.00      0.00      0.25      2.27      0.00      0.00     67.93
08:58:24 PM     all      0.75      0.00     38.44      0.00      0.00      0.50      3.77      0.00      0.00     56.53
08:58:25 PM     all      0.51      0.00     43.69      0.00      0.00      0.25      4.80      0.00      0.00     50.76
08:58:26 PM     all      1.01      0.00     45.59      0.00      0.00      0.50      3.78      0.00      0.00     49.12
08:58:27 PM     all      1.53      0.00     40.71      0.00      0.00      0.25      6.11      0.00      0.00     51.40
08:58:28 PM     all      1.00      0.00     40.25      0.00      0.00      0.25      6.00      0.00      0.00     52.50
08:58:29 PM     all      1.26      0.00     43.07      0.25      0.00      0.25      4.79      0.00      0.00     50.38
08:58:30 PM     all      1.00      0.00     45.61      0.00      0.00      0.50      3.76      0.00      0.00     49.12
08:58:31 PM     all      1.01      0.00     41.06      0.00      0.00      0.25      5.79      0.00      0.00     51.89
08:58:32 PM     all      1.25      0.00     40.75      0.00      0.00      0.25      6.00      0.00      0.00     51.75
08:58:33 PM     all      0.99      0.00     41.38      0.00      0.00      0.25      6.16      0.00      0.00     51.23
08:58:34 PM     all     17.84      0.00     27.39      0.25      0.00      0.25      1.76      0.00      0.00     52.51
08:58:35 PM     all     52.88      0.00     34.34      0.00      0.00      0.75      3.26      0.00      0.00      8.77
08:58:36 PM     all     46.12      0.00     40.85      0.00      0.00      0.50      4.51      0.00      0.00      8.02
08:58:37 PM     all     41.46      0.00     41.71      0.00      0.00      0.75      4.77      0.00      0.00     11.31
08:58:38 PM     all     47.98      0.00     41.92      0.00      0.00      0.51      4.55      0.00      0.00      5.05
08:58:39 PM     all     41.88      0.00     41.88      0.00      0.00      0.76      4.31      0.00      0.00     11.17
08:58:40 PM     all     45.20      0.00     42.42      0.00      0.00      0.51      4.55      0.00      0.00      7.32
08:58:41 PM     all     45.61      0.00     42.61      0.00      0.00      0.50      4.26      0.00      0.00      7.02
08:58:42 PM     all     43.47      0.00     42.21      0.00      0.00      0.50      5.03      0.00      0.00      8.79
08:58:43 PM     all     42.21      0.00     41.46      0.00      0.00      0.75      4.77      0.00      0.00     10.80
08:58:44 PM     all     50.51      0.00     39.85      0.00      0.00      0.51      4.82      0.00      0.00      4.31
08:58:45 PM     all     51.25      0.00     26.00      0.00      0.00      0.75      1.00      0.00      0.00     21.00
08:58:46 PM     all     49.87      0.00     38.04      0.00      0.00      0.50      4.03      0.00      0.00      7.56
08:58:47 PM     all     58.27      0.00     32.32      0.00      0.00      0.51      3.82      0.00      0.00      5.09
08:58:48 PM     all     42.04      0.00     40.80      0.00      0.00      0.75      4.48      0.00      0.00     11.94
08:58:49 PM     all     38.30      0.00     40.10      0.00      0.00      0.51      5.14      0.00      0.00     15.94
08:58:50 PM     all     59.19      0.00     33.50      0.00      0.00      0.76      3.53      0.00      0.00      3.02
08:58:51 PM     all     38.19      0.00     41.46      0.00      0.00      0.50      4.02      0.00      0.00     15.83
08:58:52 PM     all     54.39      0.00     37.84      0.00      0.00      0.50      4.26      0.00      0.00      3.01
08:58:53 PM     all     52.01      0.00     37.94      0.00      0.00      0.75      4.27      0.00      0.00      5.03
08:58:54 PM     all     56.36      0.00     35.41      0.00      0.00      0.75      3.24      0.00      0.00      4.24
08:58:55 PM     all     55.64      0.00     37.34      0.00      0.00      0.50      3.26      0.00      0.00      3.26
08:58:56 PM     all     56.64      0.00     21.80      0.00      0.00      0.75      0.75      0.00      0.00     20.05
08:58:57 PM     all     54.43      0.00     37.47      0.00      0.00      0.51      4.05      0.00      0.00      3.54
08:58:58 PM     all     45.82      0.00     40.00      0.00      0.00      0.51      4.81      0.00      0.00      8.86
08:58:59 PM     all     35.34      0.00     42.11      0.25      0.00      0.75      4.76      0.00      0.00     16.79
08:59:00 PM     all     52.01      0.00     38.19      0.00      0.00      0.50      4.02      0.00      0.00      5.28
08:59:01 PM     all     45.02      0.00     40.05      0.00      0.00      0.75      3.73      0.00      0.00     10.45
08:59:02 PM     all     47.97      0.00     38.83      0.00      0.00      0.51      3.55      0.00      0.00      9.14
08:59:03 PM     all     46.63      0.00     42.39      0.00      0.00      0.75      3.74      0.00      0.00      6.48
08:59:04 PM     all     23.62      0.00     42.96      0.50      0.00      0.50      5.28      0.00      0.00     27.14
08:59:05 PM     all      0.75      0.00     40.25      0.00      0.00      0.25      5.25      0.00      0.00     53.50
08:59:06 PM     all      1.49      0.00     38.81      0.00      0.00      0.25      3.98      0.00      0.00     55.47
08:59:07 PM     all      2.01      0.00     25.31      0.00      0.00      0.50      2.01      0.00      0.00     70.18
08:59:08 PM     all      0.50      0.00     44.33      0.00      0.00      0.25      4.53      0.00      0.00     50.38
08:59:09 PM     all      1.26      0.00     45.73      0.00      0.00      0.50      3.77      0.00      0.00     48.74
08:59:10 PM     all      0.75      0.00     46.00      0.00      0.00      0.50      3.75      0.00      0.00     49.00
08:59:11 PM     all      0.50      0.00     46.23      0.00      0.00      0.50      3.77      0.00      0.00     48.99
08:59:12 PM     all      1.25      0.00     45.75      0.00      0.00      0.50      3.75      0.00      0.00     48.75
08:59:13 PM     all      1.50      0.00     45.36      0.00      0.00      0.50      3.76      0.00      0.00     48.87
08:59:14 PM     all      1.25      0.00     45.86      0.00      0.00      0.25      3.76      0.00      0.00     48.87
08:59:15 PM     all      1.24      0.00     45.77      0.00      0.00      0.50      3.98      0.00      0.00     48.51
08:59:16 PM     all      1.00      0.00     45.86      0.00      0.00      0.50      3.76      0.00      0.00     48.87
08:59:17 PM     all      0.75      0.00     39.00      0.00      0.00      0.50      2.75      0.00      0.00     57.00
08:59:18 PM     all      1.76      0.00     31.49      0.00      0.00      0.25      4.03      0.00      0.00     62.47
08:59:19 PM     all      0.76      0.00     39.49      0.25      0.00      0.51      5.32      0.00      0.00     53.67
08:59:20 PM     all      0.75      0.00     40.20      0.00      0.00      0.25      4.27      0.00      0.00     54.52
08:59:21 PM     all      1.24      0.00     40.20      0.00      0.00      0.50      4.22      0.00      0.00     53.85
08:59:22 PM     all      1.25      0.00     39.75      0.00      0.00      0.25      4.25      0.00      0.00     54.50
08:59:23 PM     all      1.50      0.00     39.15      0.00      0.00      0.50      4.24      0.00      0.00     54.61
08:59:24 PM     all      1.01      0.00     42.71      0.00      0.00      0.25      4.52      0.00      0.00     51.51
08:59:25 PM     all      0.76      0.00     42.32      0.00      0.00      0.25      5.29      0.00      0.00     51.39
08:59:26 PM     all      1.25      0.00     45.89      0.00      0.00      0.50      3.99      0.00      0.00     48.38
08:59:27 PM     all      1.50      0.00     43.75      0.00      0.00      0.50      4.00      0.00      0.00     50.25
08:59:28 PM     all      1.25      0.00     30.00      0.00      0.00      0.25      2.25      0.00      0.00     66.25
08:59:29 PM     all      1.02      0.00     36.80      0.25      0.00      0.25      4.57      0.00      0.00     57.11
08:59:30 PM     all      1.49      0.00     45.77      0.00      0.00      0.50      3.73      0.00      0.00     48.51
08:59:31 PM     all      1.00      0.00     44.53      0.00      0.00      0.50      3.98      0.00      0.00     50.00
08:59:32 PM     all      1.50      0.00     39.40      0.00      0.00      0.25      4.24      0.00      0.00     54.61
08:59:33 PM     all      1.49      0.00     39.80      0.00      0.00      0.50      4.23      0.00      0.00     53.98
08:59:34 PM     all      1.51      0.00     39.45      0.00      0.00      0.25      4.27      0.00      0.00     54.52
08:59:35 PM     all      1.50      0.00     43.75      0.00      0.00      0.50      4.00      0.00      0.00     50.25
08:59:36 PM     all      1.50      0.00     38.85      0.00      0.00      0.50      4.26      0.00      0.00     54.89
08:59:37 PM     all      1.50      0.00     39.85      0.00      0.00      0.25      4.01      0.00      0.00     54.39
08:59:38 PM     all      1.50      0.00     39.35      0.00      0.00      0.50      4.26      0.00      0.00     54.39
08:59:39 PM     all     26.43      0.00     25.94      0.00      0.00      0.50      1.00      0.00      0.00     46.13
08:59:40 PM     all     59.95      0.00     31.49      0.00      0.00      0.50      3.27      0.00      0.00      4.79
08:59:41 PM     all     57.14      0.00     36.34      0.00      0.00      0.75      4.01      0.00      0.00      1.75
08:59:42 PM     all     54.77      0.00     38.69      0.00      0.00      0.50      4.02      0.00      0.00      2.01
08:59:43 PM     all     54.77      0.00     37.44      0.00      0.00      0.75      4.27      0.00      0.00      2.76
08:59:44 PM     all     52.63      0.00     39.10      0.00      0.00      0.75      3.51      0.00      0.00      4.01
08:59:45 PM     all     52.27      0.00     40.15      0.00      0.00      0.51      3.79      0.00      0.00      3.28
08:59:46 PM     all     54.02      0.00     38.19      0.00      0.00      0.75      4.52      0.00      0.00      2.51
08:59:47 PM     all     53.90      0.00     39.04      0.00      0.00      0.50      4.28      0.00      0.00      2.27
08:59:48 PM     all     58.69      0.00     34.51      0.00      0.00      0.76      4.28      0.00      0.00      1.76
08:59:49 PM     all     56.89      0.00     36.09      0.00      0.00      0.75      4.26      0.00      0.00      2.01
08:59:50 PM     all     59.95      0.00     22.42      0.00      0.00      0.50      1.01      0.00      0.00     16.12
08:59:51 PM     all     61.06      0.00     31.16      0.00      0.00      0.75      3.27      0.00      0.00      3.77
08:59:52 PM     all     60.51      0.00     33.67      0.00      0.00      0.51      3.54      0.00      0.00      1.77
08:59:53 PM     all     62.31      0.00     31.66      0.00      0.00      0.75      3.52      0.00      0.00      1.76
08:59:54 PM     all     57.43      0.00     35.01      0.25      0.00      0.50      4.28      0.00      0.00      2.52
08:59:55 PM     all     54.89      0.00     37.84      0.00      0.00      0.75      4.01      0.00      0.00      2.51
08:59:56 PM     all     59.49      0.00     34.43      0.00      0.00      0.51      4.05      0.00      0.00      1.52
08:59:57 PM     all     58.23      0.00     35.44      0.00      0.00      0.51      3.80      0.00      0.00      2.03
08:59:58 PM     all     47.24      0.00     41.71      0.00      0.00      0.75      4.77      0.00      0.00      5.53
08:59:59 PM     all     49.62      0.00     40.00      0.00      0.00      0.51      4.81      0.00      0.00      5.06
09:00:00 PM     all     53.15      0.00     39.80      0.00      0.00      0.76      4.28      0.00      0.00      2.02
09:00:01 PM     all     53.16      0.00     23.54      0.00      0.00      0.51      1.01      0.00      0.00     21.77
09:00:02 PM     all     64.48      0.00     30.48      0.00      0.00      0.76      3.27      0.00      0.00      1.01
09:00:03 PM     all     58.84      0.00     34.60      0.00      0.00      0.51      3.79      0.00      0.00      2.27
09:00:04 PM     all     51.37      0.00     34.41      0.00      0.00      0.75      3.49      0.00      0.00      9.98
09:00:05 PM     all     44.97      0.00     41.46      0.00      0.00      0.50      4.27      0.00      0.00      8.79
09:00:06 PM     all     60.50      0.00     32.50      0.00      0.00      0.75      3.25      0.00      0.00      3.00
09:00:07 PM     all     56.38      0.00     36.22      0.00      0.00      0.77      4.34      0.00      0.00      2.30
09:00:08 PM     all     55.03      0.00     38.19      0.00      0.00      0.50      4.27      0.00      0.00      2.01
09:00:09 PM     all     36.29      0.00     40.10      0.00      0.00      0.51      4.06      0.00      0.00     19.04
09:00:10 PM     all      1.01      0.00     44.56      0.25      0.00      0.51      3.80      0.00      0.00     49.87
09:00:11 PM     all      1.00      0.00     44.86      0.00      0.00      0.50      4.01      0.00      0.00     49.62
09:00:12 PM     all      1.51      0.00     27.14      0.00      0.00      0.25      2.01      0.00      0.00     69.10
09:00:13 PM     all      0.51      0.00     39.85      0.00      0.00      0.25      6.35      0.00      0.00     53.05
09:00:14 PM     all      1.01      0.00     43.47      0.00      0.00      0.25      4.77      0.00      0.00     50.50
09:00:15 PM     all      0.75      0.00     45.86      0.00      0.00      0.50      3.76      0.00      0.00     49.12
09:00:16 PM     all      1.26      0.00     43.94      0.00      0.00      0.51      4.55      0.00      0.00     49.75
09:00:17 PM     all      1.26      0.00     45.59      0.00      0.00      0.25      3.78      0.00      0.00     49.12
09:00:18 PM     all      0.75      0.00     39.95      0.00      0.00      0.50      4.27      0.00      0.00     54.52
09:00:19 PM     all      0.50      0.00     43.83      0.25      0.00      0.50      4.03      0.00      0.00     50.88
09:00:20 PM     all      1.01      0.00     39.95      0.00      0.00      0.50      4.27      0.00      0.00     54.27
09:00:21 PM     all      1.01      0.00     39.20      0.00      0.00      0.25      4.27      0.00      0.00     55.28
09:00:22 PM     all      1.02      0.00     32.40      0.00      0.00      0.26      3.06      0.00      0.00     63.27
09:00:23 PM     all      1.51      0.00     32.66      0.00      0.00      0.25      4.02      0.00      0.00     61.56
09:00:24 PM     all      1.01      0.00     43.80      0.00      0.00      0.51      4.05      0.00      0.00     50.63
09:00:25 PM     all      1.00      0.00     45.75      0.00      0.00      0.50      4.00      0.00      0.00     48.75
09:00:26 PM     all      0.76      0.00     45.20      0.00      0.00      0.51      3.79      0.00      0.00     49.75
09:00:27 PM     all      1.25      0.00     45.61      0.00      0.00      0.25      4.01      0.00      0.00     48.87
09:00:28 PM     all      0.51      0.00     41.16      0.00      0.00      0.51      4.04      0.00      0.00     53.79
09:00:29 PM     all      0.76      0.00     40.05      0.25      0.00      0.25      4.28      0.00      0.00     54.41
09:00:30 PM     all      0.75      0.00     40.10      0.00      0.00      0.50      4.26      0.00      0.00     54.39
09:00:31 PM     all      0.51      0.00     40.00      0.00      0.00      0.25      4.30      0.00      0.00     54.94
09:00:32 PM     all      1.51      0.00     39.55      0.00      0.00      0.50      4.28      0.00      0.00     54.16
09:00:33 PM     all      1.01      0.00     26.63      0.00      0.00      0.25      2.76      0.00      0.00     69.35
09:00:34 PM     all      1.00      0.00     36.34      0.00      0.00      0.25      4.76      0.00      0.00     57.64
09:00:35 PM     all      1.26      0.00     39.55      0.00      0.00      0.25      6.30      0.00      0.00     52.64
09:00:36 PM     all      1.01      0.00     39.75      0.00      0.00      0.25      4.56      0.00      0.00     54.43
09:00:37 PM     all      0.51      0.00     39.49      0.00      0.00      0.51      4.30      0.00      0.00     55.19
09:00:38 PM     all      0.76      0.00     39.24      0.00      0.00      0.25      4.30      0.00      0.00     55.44
09:00:39 PM     all      0.51      0.00     38.62      0.00      0.00      0.51      4.35      0.00      0.00     56.01
09:00:40 PM     all      0.75      0.00     39.45      0.00      0.00      0.25      4.52      0.00      0.00     55.03
09:00:41 PM     all      1.01      0.00     39.20      0.00      0.00      0.50      4.27      0.00      0.00     55.03
09:00:42 PM     all      0.76      0.00     39.09      0.00      0.00      0.25      4.31      0.00      0.00     55.58
09:00:43 PM     all      1.01      0.00     38.94      0.00      0.00      0.50      4.27      0.00      0.00     55.28
09:00:44 PM     all     16.88      0.00     25.69      0.25      0.00      0.25      1.26      0.00      0.00     55.67
09:00:45 PM     all     41.67      0.00     36.11      0.00      0.00      0.76      4.04      0.00      0.00     17.42
09:00:46 PM     all     45.06      0.00     41.01      0.00      0.00      0.51      4.56      0.00      0.00      8.86
09:00:47 PM     all     46.19      0.00     39.59      0.00      0.00      0.51      5.08      0.00      0.00      8.63
09:00:48 PM     all     29.62      0.00     41.01      0.00      0.00      0.51      5.32      0.00      0.00     23.54
09:00:49 PM     all     28.17      0.00     41.12      0.25      0.00      0.51      5.33      0.00      0.00     24.62
09:00:50 PM     all     30.48      0.00     41.56      0.00      0.00      0.76      5.29      0.00      0.00     21.91
09:00:51 PM     all     48.48      0.00     38.07      0.00      0.00      0.51      3.81      0.00      0.00      9.14
09:00:52 PM     all     47.86      0.00     37.03      0.00      0.00      0.50      3.53      0.00      0.00     11.08
09:00:53 PM     all     52.26      0.00     36.18      0.00      0.00      0.75      4.02      0.00      0.00      6.78
09:00:54 PM     all     39.29      0.00     39.80      0.00      0.00      0.51      5.10      0.00      0.00     15.31
09:00:55 PM     all     41.67      0.00     26.52      0.00      0.00      0.51      1.52      0.00      0.00     29.80
09:00:56 PM     all     49.37      0.00     40.55      0.00      0.00      0.76      4.28      0.00      0.00      5.04
09:00:57 PM     all     54.45      0.00     37.66      0.00      0.00      0.51      4.33      0.00      0.00      3.05
09:00:58 PM     all     49.87      0.00     38.73      0.00      0.00      0.76      4.05      0.00      0.00      6.58
09:00:59 PM     all     47.62      0.00     41.35      0.00      0.00      0.50      4.26      0.00      0.00      6.27
09:01:00 PM     all     46.55      0.00     40.41      0.00      0.00      0.51      4.86      0.00      0.00      7.67
09:01:01 PM     all     40.76      0.00     40.51      0.00      0.00      0.51      5.06      0.00      0.00     13.16
09:01:02 PM     all     49.37      0.00     40.30      0.00      0.00      0.76      4.28      0.00      0.00      5.29
09:01:03 PM     all     46.72      0.00     39.39      0.00      0.00      0.51      4.80      0.00      0.00      8.59
09:01:04 PM     all     37.78      0.00     41.31      0.00      0.00      0.50      5.29      0.00      0.00     15.11
09:01:05 PM     all     41.48      0.00     40.46      0.00      0.00      0.76      4.83      0.00      0.00     12.47
09:01:06 PM     all     47.59      0.00     23.80      0.00      0.00      0.51      1.27      0.00      0.00     26.84
09:01:07 PM     all     31.06      0.00     42.68      0.00      0.00      0.51      4.80      0.00      0.00     20.96
09:01:08 PM     all     39.01      0.00     41.98      0.00      0.00      0.74      4.69      0.00      0.00     13.58
09:01:09 PM     all     35.77      0.00     43.83      0.00      0.00      0.50      4.28      0.00      0.00     15.62
09:01:10 PM     all     46.58      0.00     39.49      0.00      0.00      0.51      4.30      0.00      0.00      9.11
09:01:11 PM     all     46.48      0.00     40.95      0.00      0.00      0.75      4.02      0.00      0.00      7.79
09:01:12 PM     all     47.85      0.00     41.77      0.00      0.00      0.51      4.56      0.00      0.00      5.32
09:01:13 PM     all     47.24      0.00     40.45      0.00      0.00      0.75      4.77      0.00      0.00      6.78
09:01:14 PM     all     25.06      0.00     41.85      0.25      0.00      0.50      4.26      0.00      0.00     28.07
09:01:15 PM     all      1.01      0.00     43.72      0.00      0.00      0.50      3.77      0.00      0.00     51.01
09:01:16 PM     all      1.00      0.00     40.50      0.00      0.00      0.50      3.50      0.00      0.00     54.50
09:01:17 PM     all      1.76      0.00     30.40      0.00      0.00      0.25      3.02      0.00      0.00     64.57
09:01:18 PM     all      1.02      0.00     43.48      0.00      0.00      0.26      4.60      0.00      0.00     50.64
09:01:19 PM     all      1.01      0.00     45.59      0.00      0.00      0.50      4.03      0.00      0.00     48.87
09:01:20 PM     all      0.76      0.00     43.32      0.00      0.00      0.50      5.04      0.00      0.00     50.38
09:01:21 PM     all      1.01      0.00     39.80      0.00      0.00      0.25      6.05      0.00      0.00     52.90
09:01:22 PM     all      1.01      0.00     40.05      0.00      0.00      0.25      6.05      0.00      0.00     52.64
09:01:23 PM     all      1.01      0.00     40.05      0.00      0.00      0.00      6.30      0.00      0.00     52.64
09:01:24 PM     all      0.77      0.00     39.49      0.00      0.00      0.26      6.15      0.00      0.00     53.33
09:01:25 PM     all      0.76      0.00     43.83      0.00      0.00      0.25      4.79      0.00      0.00     50.38
09:01:26 PM     all      0.75      0.00     43.86      0.00      0.00      0.50      4.01      0.00      0.00     50.88
09:01:27 PM     all      1.00      0.00     31.83      0.00      0.00      0.50      2.51      0.00      0.00     64.16
09:01:28 PM     all      1.01      0.00     36.93      0.00      0.00      0.25      4.02      0.00      0.00     57.79
09:01:29 PM     all      0.76      0.00     39.90      0.25      0.00      0.25      6.06      0.00      0.00     52.78
09:01:30 PM     all      1.25      0.00     40.00      0.00      0.00      0.25      5.50      0.00      0.00     53.00
09:01:31 PM     all      0.76      0.00     39.59      0.00      0.00      0.25      4.31      0.00      0.00     55.08
09:01:32 PM     all      1.50      0.00     39.65      0.00      0.00      0.50      4.24      0.00      0.00     54.11
09:01:33 PM     all      1.02      0.00     39.09      0.00      0.00      0.25      4.31      0.00      0.00     55.33
09:01:34 PM     all      0.50      0.00     41.25      0.00      0.00      0.50      4.00      0.00      0.00     53.75
09:01:35 PM     all      1.01      0.00     39.75      0.00      0.00      0.25      4.30      0.00      0.00     54.68
09:01:36 PM     all      0.50      0.00     41.00      0.00      0.00      0.50      4.25      0.00      0.00     53.75
09:01:37 PM     all      1.01      0.00     40.30      0.00      0.00      0.50      4.28      0.00      0.00     53.90
09:01:38 PM     all      1.01      0.00     26.26      0.00      0.00      0.25      1.26      0.00      0.00     71.21
09:01:39 PM     all      1.01      0.00     42.42      0.25      0.00      0.51      4.29      0.00      0.00     51.52
09:01:40 PM     all      1.51      0.00     45.23      0.00      0.00      0.50      3.77      0.00      0.00     48.99
09:01:41 PM     all      1.51      0.00     45.34      0.00      0.00      0.25      3.78      0.00      0.00     49.12
09:01:42 PM     all      1.25      0.00     45.64      0.00      0.00      0.75      3.74      0.00      0.00     48.63
09:01:43 PM     all      1.00      0.00     45.86      0.00      0.00      0.25      3.76      0.00      0.00     49.12
09:01:44 PM     all      1.01      0.00     45.98      0.00      0.00      0.50      3.77      0.00      0.00     48.74
09:01:45 PM     all      0.75      0.00     46.12      0.00      0.00      0.50      3.76      0.00      0.00     48.87
09:01:46 PM     all      1.25      0.00     45.75      0.00      0.00      0.50      3.75      0.00      0.00     48.75
09:01:47 PM     all      0.25      0.00     46.23      0.00      0.00      0.50      3.77      0.00      0.00     49.25
09:01:48 PM     all      0.75      0.00     46.12      0.00      0.00      0.50      3.76      0.00      0.00     48.87
09:01:49 PM     all     30.98      0.00     23.17      0.00      0.00      0.50      0.76      0.00      0.00     44.58
09:01:50 PM     all     56.74      0.00     35.62      0.00      0.00      0.76      3.82      0.00      0.00      3.05
09:01:51 PM     all     58.99      0.00     34.94      0.00      0.00      0.51      3.80      0.00      0.00      1.77
09:01:52 PM     all     60.65      0.00     32.58      0.00      0.00      0.75      3.76      0.00      0.00      2.26
09:01:53 PM     all     61.69      0.00     31.09      0.00      0.00      0.75      3.23      0.00      0.00      3.23
09:01:54 PM     all     56.17      0.00     37.03      0.25      0.00      0.50      3.78      0.00      0.00      2.27
09:01:55 PM     all     58.44      0.00     34.76      0.00      0.00      0.76      4.03      0.00      0.00      2.02
09:01:56 PM     all     59.15      0.00     34.84      0.00      0.00      0.50      3.76      0.00      0.00      1.75
09:01:57 PM     all     57.00      0.00     35.50      0.00      0.00      0.75      3.25      0.00      0.00      3.50
09:01:58 PM     all     54.94      0.00     37.72      0.00      0.00      0.51      4.05      0.00      0.00      2.78
09:01:59 PM     all     61.10      0.00     31.17      0.00      0.00      0.75      3.24      0.00      0.00      3.74
09:02:00 PM     all     57.79      0.00     22.61      0.00      0.00      0.75      0.75      0.00      0.00     18.09
09:02:01 PM     all     52.67      0.00     38.93      0.00      0.00      0.51      4.33      0.00      0.00      3.56
09:02:02 PM     all     54.11      0.00     37.16      0.00      0.00      0.75      3.24      0.00      0.00      4.74
09:02:03 PM     all     54.75      0.00     38.75      0.00      0.00      0.75      4.00      0.00      0.00      1.75
09:02:04 PM     all     60.45      0.00     33.50      0.00      0.00      0.50      3.78      0.00      0.00      1.76
09:02:05 PM     all     56.74      0.00     37.15      0.00      0.00      0.76      3.82      0.00      0.00      1.53
09:02:06 PM     all     53.92      0.00     39.49      0.00      0.00      0.76      4.05      0.00      0.00      1.77
09:02:07 PM     all     62.78      0.00     30.63      0.00      0.00      0.51      3.80      0.00      0.00      2.28
09:02:08 PM     all     59.45      0.00     35.52      0.00      0.00      0.76      3.53      0.00      0.00      0.76
09:02:09 PM     all     54.50      0.00     38.25      0.00      0.00      0.50      4.00      0.00      0.00      2.75
09:02:10 PM     all     60.65      0.00     31.08      0.00      0.00      0.75      3.76      0.00      0.00      3.76
09:02:11 PM     all     58.63      0.00     23.86      0.00      0.00      0.51      1.02      0.00      0.00     15.99
09:02:12 PM     all     62.84      0.00     31.67      0.00      0.00      0.75      2.99      0.00      0.00      1.75
09:02:13 PM     all     55.05      0.00     36.62      0.00      0.00      0.51      4.04      0.00      0.00      3.79
09:02:14 PM     all     49.11      0.00     40.97      0.00      0.00      0.76      4.07      0.00      0.00      5.09
09:02:15 PM     all     48.61      0.00     40.30      0.00      0.00      0.50      4.28      0.00      0.00      6.30
09:02:16 PM     all     51.65      0.00     38.73      0.00      0.00      0.76      4.05      0.00      0.00      4.81
09:02:17 PM     all     45.82      0.00     39.75      0.00      0.00      0.51      5.06      0.00      0.00      8.86
09:02:18 PM     all     37.19      0.00     43.47      0.00      0.00      0.50      4.27      0.00      0.00     14.57
09:02:19 PM     all     18.69      0.00     41.16      0.00      0.00      0.51      5.56      0.00      0.00     34.09
09:02:20 PM     all      0.76      0.00     39.85      0.00      0.00      0.25      6.09      0.00      0.00     53.05
09:02:21 PM     all      0.76      0.00     34.76      0.00      0.00      0.25      4.79      0.00      0.00     59.45
09:02:22 PM     all      1.00      0.00     32.33      0.00      0.00      0.25      3.51      0.00      0.00     62.91
09:02:23 PM     all      1.01      0.00     39.65      0.00      0.00      0.25      4.29      0.00      0.00     54.80
09:02:24 PM     all      1.50      0.00     39.25      0.25      0.00      0.50      4.25      0.00      0.00     54.25
09:02:25 PM     all      1.01      0.00     39.29      0.00      0.00      0.25      4.28      0.00      0.00     55.16
09:02:26 PM     all      0.75      0.00     40.55      0.00      0.00      0.50      4.23      0.00      0.00     53.98
09:02:27 PM     all      0.75      0.00     39.95      0.00      0.00      0.25      4.02      0.00      0.00     55.03
09:02:28 PM     all      0.50      0.00     39.55      0.00      0.00      0.50      4.28      0.00      0.00     55.16
09:02:29 PM     all      0.51      0.00     44.05      0.00      0.00      0.25      4.05      0.00      0.00     51.14
09:02:30 PM     all      1.00      0.00     45.75      0.00      0.00      0.50      4.00      0.00      0.00     48.75
09:02:31 PM     all      0.51      0.00     40.25      0.00      0.00      0.51      4.05      0.00      0.00     54.68
09:02:32 PM     all      1.27      0.00     29.87      0.00      0.00      0.25      2.28      0.00      0.00     66.33
09:02:33 PM     all      1.53      0.00     35.81      0.00      0.00      0.26      4.86      0.00      0.00     57.54
09:02:34 PM     all      0.75      0.00     40.45      0.25      0.00      0.25      6.28      0.00      0.00     52.01
09:02:35 PM     all      0.75      0.00     40.40      0.00      0.00      0.25      4.49      0.00      0.00     54.11
09:02:36 PM     all      0.25      0.00     40.05      0.00      0.00      0.50      4.28      0.00      0.00     54.91
09:02:37 PM     all      0.75      0.00     39.70      0.00      0.00      0.25      4.27      0.00      0.00     55.03
09:02:38 PM     all      0.25      0.00     39.95      0.00      0.00      0.50      4.27      0.00      0.00     55.03
09:02:39 PM     all      1.26      0.00     39.95      0.25      0.00      0.25      4.02      0.00      0.00     54.27
09:02:40 PM     all      0.99      0.00     39.70      0.00      0.00      0.50      4.47      0.00      0.00     54.34
09:02:41 PM     all      0.76      0.00     39.44      0.00      0.00      0.25      4.07      0.00      0.00     55.47
09:02:42 PM     all      0.76      0.00     39.55      0.00      0.00      0.50      4.28      0.00      0.00     54.91
09:02:43 PM     all      1.25      0.00     26.82      0.00      0.00      0.25      1.75      0.00      0.00     69.92
09:02:44 PM     all      1.02      0.00     39.54      0.00      0.00      0.26      6.63      0.00      0.00     52.55
09:02:45 PM     all      0.76      0.00     40.10      0.00      0.00      0.25      6.09      0.00      0.00     52.79
09:02:46 PM     all      1.26      0.00     42.32      0.00      0.00      0.25      5.04      0.00      0.00     51.13
09:02:47 PM     all      0.50      0.00     46.15      0.00      0.00      0.50      4.22      0.00      0.00     48.64
09:02:48 PM     all      1.25      0.00     46.00      0.00      0.00      0.50      3.75      0.00      0.00     48.50
09:02:49 PM     all      1.24      0.00     41.29      0.25      0.00      0.50      4.23      0.00      0.00     52.49
09:02:50 PM     all      0.99      0.00     40.99      0.00      0.00      0.49      4.20      0.00      0.00     53.33
09:02:51 PM     all      0.99      0.00     40.20      0.00      0.00      0.50      4.22      0.00      0.00     54.09
09:02:52 PM     all      1.00      0.00     40.15      0.00      0.00      0.25      4.24      0.00      0.00     54.36
09:02:53 PM     all      1.23      0.00     37.19      0.00      0.00      0.49      3.94      0.00      0.00     57.14
09:02:54 PM     all     26.63      0.00     21.86      0.00      0.00      0.50      0.25      0.00      0.00     50.75
09:02:55 PM     all     46.45      0.00     40.36      0.00      0.00      0.51      4.57      0.00      0.00      8.12
09:02:56 PM     all     50.89      0.00     38.17      0.00      0.00      0.51      4.58      0.00      0.00      5.85
09:02:57 PM     all     45.01      0.00     40.92      0.00      0.00      0.77      4.60      0.00      0.00      8.70
09:02:58 PM     all     48.11      0.00     39.29      0.00      0.00      0.50      4.79      0.00      0.00      7.30
09:02:59 PM     all     50.00      0.00     39.34      0.00      0.00      0.51      4.57      0.00      0.00      5.58
09:03:00 PM     all     31.90      0.00     43.29      0.00      0.00      0.51      5.32      0.00      0.00     18.99
09:03:01 PM     all     54.14      0.00     37.84      0.00      0.00      0.75      4.51      0.00      0.00      2.76
09:03:02 PM     all     44.92      0.00     40.36      0.00      0.00      0.51      4.31      0.00      0.00      9.90
09:03:03 PM     all     50.25      0.00     41.41      0.00      0.00      0.76      4.29      0.00      0.00      3.28
09:03:04 PM     all     48.99      0.00     40.91      0.00      0.00      0.51      4.29      0.00      0.00      5.30
09:03:05 PM     all     53.75      0.00     20.50      0.00      0.00      0.75      0.75      0.00      0.00     24.25
09:03:06 PM     all     47.85      0.00     41.52      0.00      0.00      0.51      4.81      0.00      0.00      5.32
09:03:07 PM     all     48.23      0.00     38.64      0.00      0.00      0.76      4.04      0.00      0.00      8.33
09:03:08 PM     all     47.21      0.00     40.10      0.00      0.00      0.51      4.31      0.00      0.00      7.87
09:03:09 PM     all     36.87      0.00     41.16      0.25      0.00      0.51      5.05      0.00      0.00     16.16
09:03:10 PM     all     40.92      0.00     39.90      0.00      0.00      0.51      5.37      0.00      0.00     13.30
09:03:11 PM     all     43.00      0.00     39.69      0.00      0.00      0.76      4.83      0.00      0.00     11.70
09:03:12 PM     all     57.07      0.00     36.62      0.00      0.00      0.51      4.04      0.00      0.00      1.77
09:03:13 PM     all     50.00      0.00     38.13      0.00      0.00      0.76      3.54      0.00      0.00      7.58
09:03:14 PM     all     56.31      0.00     35.86      0.00      0.00      0.51      4.04      0.00      0.00      3.28
09:03:15 PM     all     60.45      0.00     31.23      0.00      0.00      0.76      3.02      0.00      0.00      4.53
09:03:16 PM     all     56.14      0.00     24.31      0.00      0.00      0.50      1.50      0.00      0.00     17.54
09:03:17 PM     all     58.33      0.00     33.59      0.00      0.00      0.76      3.54      0.00      0.00      3.79
09:03:18 PM     all     50.76      0.00     36.55      0.00      0.00      0.51      4.57      0.00      0.00      7.61
09:03:19 PM     all     30.25      0.00     44.00      0.00      0.00      0.75      4.75      0.00      0.00     20.25
09:03:20 PM     all     46.06      0.00     40.20      0.00      0.00      0.51      4.83      0.00      0.00      8.40
09:03:21 PM     all     46.80      0.00     39.39      0.00      0.00      0.51      5.12      0.00      0.00      8.18
09:03:22 PM     all     43.54      0.00     41.52      0.00      0.00      0.51      4.81      0.00      0.00      9.62
09:03:23 PM     all     35.66      0.00     41.65      0.00      0.00      0.75      4.99      0.00      0.00     16.96
09:03:24 PM     all     27.46      0.00     43.58      0.00      0.00      0.50      4.03      0.00      0.00     24.43
09:03:25 PM     all      1.50      0.00     41.10     24.81      0.00      0.50      4.01      0.00      0.00     28.07
09:03:26 PM     all      1.25      0.00     35.91      1.25      0.00      0.25      3.74      0.00      0.00     57.61
09:03:27 PM     all      1.76      0.00     32.16      0.00      0.00      0.50      2.26      0.00      0.00     63.32
09:03:28 PM     all      0.75      0.00     46.63      0.00      0.00      0.25      3.74      0.00      0.00     48.63
09:03:29 PM     all      1.74      0.00     41.94      0.25      0.00      0.50      4.47      0.00      0.00     51.12
09:03:30 PM     all      1.49      0.00     39.70      0.00      0.00      0.25      4.22      0.00      0.00     54.34
09:03:31 PM     all      1.24      0.00     39.80      0.00      0.00      0.50      4.23      0.00      0.00     54.23
09:03:32 PM     all      1.01      0.00     39.55      0.00      0.00      0.25      4.28      0.00      0.00     54.91
09:03:33 PM     all      1.00      0.00     40.05      0.00      0.00      0.50      4.23      0.00      0.00     54.23
09:03:34 PM     all      1.24      0.00     40.59      0.00      0.00      0.25      4.21      0.00      0.00     53.71
09:03:35 PM     all      1.50      0.00     39.00      0.00      0.00      0.50      4.25      0.00      0.00     54.75
09:03:36 PM     all      0.99      0.00     40.69      0.00      0.00      0.25      4.22      0.00      0.00     53.85
09:03:37 PM     all      1.99      0.00     30.35      0.00      0.00      0.50      2.49      0.00      0.00     64.68
09:03:38 PM     all      1.50      0.00     34.16      0.00      0.00      0.25      4.24      0.00      0.00     59.85
09:03:39 PM     all      0.51      0.00     44.16      0.00      0.00      0.25      4.57      0.00      0.00     50.51
09:03:40 PM     all      1.48      0.00     45.93      0.49      0.00      0.49      3.70      0.00      0.00     47.90
09:03:41 PM     all      0.99      0.00     46.40      0.00      0.00      0.50      3.72      0.00      0.00     48.39
09:03:42 PM     all      0.75      0.00     46.25      0.00      0.00      0.50      3.75      0.00      0.00     48.75
09:03:43 PM     all      1.49      0.00     45.77      0.00      0.00      0.50      3.73      0.00      0.00     48.51
09:03:44 PM     all      1.25      0.00     45.89      0.00      0.00      0.50      3.99      0.00      0.00     48.38
09:03:45 PM     all      2.24      0.00     44.89      0.00      0.00      0.50      3.74      0.00      0.00     48.63
09:03:46 PM     all      1.50      0.00     45.64      0.00      0.00      0.50      3.74      0.00      0.00     48.63
09:03:47 PM     all      1.00      0.00     46.00      0.00      0.00      0.50      3.75      0.00      0.00     48.75
09:03:48 PM     all      1.75      0.00     31.42      0.00      0.00      0.25      1.50      0.00      0.00     65.09
09:03:49 PM     all      1.75      0.00     40.75      0.25      0.00      0.50      4.25      0.00      0.00     52.50
09:03:50 PM     all      1.73      0.00     45.30      0.00      0.00      0.50      3.96      0.00      0.00     48.51
09:03:51 PM     all      1.25      0.00     46.13      0.00      0.00      0.50      3.74      0.00      0.00     48.38
09:03:52 PM     all      1.99      0.00     45.16      0.00      0.00      0.50      3.72      0.00      0.00     48.64
09:03:53 PM     all      1.74      0.00     45.77      0.00      0.00      0.50      3.73      0.00      0.00     48.26
09:03:54 PM     all      1.99      0.00     45.16      0.00      0.00      0.50      3.97      0.00      0.00     48.39
09:03:55 PM     all      0.75      0.00     46.25      0.00      0.00      0.50      3.75      0.00      0.00     48.75
09:03:56 PM     all      0.75      0.00     46.37      0.00      0.00      0.25      3.76      0.00      0.00     48.87
09:03:57 PM     all      0.75      0.00     46.00      0.00      0.00      0.75      3.75      0.00      0.00     48.75
09:03:58 PM     all      1.24      0.00     46.02      0.00      0.00      0.25      3.98      0.00      0.00     48.51
09:03:59 PM     all     22.92      0.00     24.43      0.25      0.00      0.50      0.50      0.00      0.00     51.39
09:04:00 PM     all     55.42      0.00     33.00      0.00      0.00      0.76      3.78      0.00      0.00      7.05
09:04:01 PM     all     58.79      0.00     34.17      0.00      0.00      0.75      3.77      0.00      0.00      2.51
09:04:02 PM     all     60.05      0.00     33.67      0.00      0.00      0.50      3.52      0.00      0.00      2.26
09:04:03 PM     all     59.55      0.00     32.41      0.00      0.00      0.75      3.52      0.00      0.00      3.77
09:04:04 PM     all     62.91      0.00     31.08      0.00      0.00      0.50      3.01      0.00      0.00      2.51
09:04:05 PM     all     65.00      0.00     29.50      0.00      0.00      0.75      3.25      0.00      0.00      1.50
09:04:06 PM     all     62.75      0.00     32.25      0.00      0.00      0.75      3.25      0.00      0.00      1.00
09:04:07 PM     all     65.06      0.00     29.37      0.00      0.00      0.51      3.29      0.00      0.00      1.77
09:04:08 PM     all     57.25      0.00     36.25      0.00      0.00      0.75      3.75      0.00      0.00      2.00
09:04:09 PM     all     54.91      0.00     37.53      0.00      0.00      0.76      4.03      0.00      0.00      2.77
09:04:10 PM     all     54.89      0.00     23.56      0.00      0.00      0.50      1.00      0.00      0.00     20.05
09:04:11 PM     all     54.43      0.00     38.73      0.00      0.00      0.76      4.05      0.00      0.00      2.03
09:04:12 PM     all     52.78      0.00     39.90      0.00      0.00      0.51      4.29      0.00      0.00      2.53
09:04:13 PM     all     56.06      0.00     36.87      0.00      0.00      0.76      3.54      0.00      0.00      2.78
09:04:14 PM     all     53.12      0.00     38.65      0.00      0.00      0.50      3.49      0.00      0.00      4.24
09:04:15 PM     all     53.16      0.00     40.25      0.00      0.00      0.76      4.30      0.00      0.00      1.52
09:04:16 PM     all     45.09      0.00     42.57      0.00      0.00      0.50      4.53      0.00      0.00      7.30
09:04:17 PM     all     53.90      0.00     35.52      0.00      0.00      0.76      4.03      0.00      0.00      5.79
09:04:18 PM     all     57.93      0.00     32.49      0.00      0.00      0.50      3.53      0.00      0.00      5.54
09:04:19 PM     all     65.33      0.00     27.64      0.00      0.00      0.75      3.27      0.00      0.00      3.02
09:04:20 PM     all     64.91      0.00     28.57      0.00      0.00      0.75      3.01      0.00      0.00      2.76
09:04:21 PM     all     65.83      0.00     19.35      0.00      0.00      0.75      0.50      0.00      0.00     13.57
09:04:22 PM     all     50.25      0.00     37.63      0.00      0.00      0.51      4.29      0.00      0.00      7.32
09:04:23 PM     all     58.54      0.00     31.16      0.00      0.00      0.50      4.52      0.00      0.00      5.28
09:04:24 PM     all     55.83      0.00     34.99      0.00      0.00      0.74      3.72      0.00      0.00      4.71
09:04:25 PM     all     63.32      0.00     29.90      0.00      0.00      0.50      3.02      0.00      0.00      3.27
09:04:26 PM     all     37.72      0.00     41.52      0.00      0.00      0.51      5.32      0.00      0.00     14.94
09:04:27 PM     all     55.19      0.00     34.94      0.00      0.00      0.76      4.30      0.00      0.00      4.81
09:04:28 PM     all     46.95      0.00     39.09      0.00      0.00      0.51      4.57      0.00      0.00      8.88
09:04:29 PM     all     28.89      0.00     41.71      0.00      0.00      0.50      5.28      0.00      0.00     23.62
09:04:30 PM     all      0.51      0.00     42.97      0.00      0.00      0.26      4.86      0.00      0.00     51.41
09:04:31 PM     all      1.26      0.00     43.97      0.00      0.00      0.50      3.77      0.00      0.00     50.50
09:04:32 PM     all      2.00      0.00     28.00      0.00      0.00      0.50      2.00      0.00      0.00     67.50
09:04:33 PM     all      1.26      0.00     45.48      0.00      0.00      0.50      3.77      0.00      0.00     48.99
Average:        all     23.97      0.00     38.72      0.06      0.00      0.49      4.03      0.00      0.00     32.73
