Linux 4.9.253-tegra (nano-desktop) 	08/16/2023 	_aarch64_	(4 CPU)

08:17:44 PM     CPU      %usr     %nice      %sys   %iowait    %steal      %irq     %soft    %guest    %gnice     %idle
08:17:45 PM     all      1.76      0.00     53.90      0.00      0.00      0.50      4.28      0.00      0.00     39.55
08:17:46 PM     all      1.73      0.00     39.36      0.00      0.00      0.50      4.21      0.00      0.00     54.21
08:17:47 PM     all      0.50      0.00     39.80      0.00      0.00      0.25      4.28      0.00      0.00     55.16
08:17:48 PM     all      0.75      0.00     39.50      0.00      0.00      0.50      4.25      0.00      0.00     55.00
08:17:49 PM     all      0.75      0.00     46.12      0.25      0.00      0.25      3.76      0.00      0.00     48.87
08:17:50 PM     all      0.75      0.00     41.00      0.00      0.00      0.75      4.25      0.00      0.00     53.25
08:17:51 PM     all      1.01      0.00     39.65      0.00      0.00      0.25      4.29      0.00      0.00     54.80
08:17:52 PM     all      0.25      0.00     40.30      0.00      0.00      0.50      4.23      0.00      0.00     54.73
08:17:53 PM     all      1.01      0.00     39.70      0.00      0.00      0.25      4.02      0.00      0.00     55.03
08:17:54 PM     all      1.25      0.00     32.08      0.00      0.00      0.50      3.01      0.00      0.00     63.16
08:17:55 PM     all      1.76      0.00     34.26      0.00      0.00      0.25      2.52      0.00      0.00     61.21
08:17:56 PM     all      0.75      0.00     38.85      0.00      0.00      0.50      4.26      0.00      0.00     55.64
08:17:57 PM     all      0.76      0.00     38.64      0.00      0.00      0.25      4.29      0.00      0.00     56.06
08:17:58 PM     all      0.75      0.00     39.55      0.00      0.00      0.50      4.23      0.00      0.00     54.98
08:17:59 PM     all      1.01      0.00     38.94      0.25      0.00      0.25      4.27      0.00      0.00     55.28
08:18:00 PM     all      2.74      0.00     39.40      0.00      0.00      0.50      4.24      0.00      0.00     53.12
08:18:01 PM     all      1.26      0.00     38.69      0.00      0.00      0.25      4.27      0.00      0.00     55.53
08:18:02 PM     all      0.76      0.00     38.64      0.00      0.00      0.51      4.29      0.00      0.00     55.81
08:18:03 PM     all      1.26      0.00     38.38      0.00      0.00      0.25      4.29      0.00      0.00     55.81
08:18:04 PM     all      1.00      0.00     41.35      0.00      0.00      0.50      4.01      0.00      0.00     53.13
08:18:05 PM     all      1.01      0.00     28.14      0.00      0.00      0.25      2.01      0.00      0.00     68.59
08:18:06 PM     all      0.76      0.00     36.46      0.00      0.00      0.51      4.05      0.00      0.00     58.23
08:18:07 PM     all      0.51      0.00     38.99      0.00      0.00      0.25      4.30      0.00      0.00     55.95
08:18:08 PM     all      1.26      0.00     38.69      0.00      0.00      0.50      4.02      0.00      0.00     55.53
08:18:09 PM     all      1.51      0.00     38.04      0.25      0.00      0.25      4.28      0.00      0.00     55.67
08:18:10 PM     all      1.01      0.00     38.54      0.00      0.00      0.50      4.28      0.00      0.00     55.67
08:18:11 PM     all      1.01      0.00     38.48      0.00      0.00      0.25      4.30      0.00      0.00     55.95
08:18:12 PM     all      0.50      0.00     39.10      0.00      0.00      0.50      4.26      0.00      0.00     55.64
08:18:13 PM     all      0.51      0.00     39.39      0.00      0.00      0.25      4.29      0.00      0.00     55.56
08:18:14 PM     all      0.76      0.00     39.29      0.00      0.00      0.50      4.28      0.00      0.00     55.16
08:18:15 PM     all      1.25      0.00     39.00      0.00      0.00      0.25      4.25      0.00      0.00     55.25
08:18:16 PM     all     30.46      0.00     24.87      0.00      0.00      0.51      0.76      0.00      0.00     43.40
08:18:17 PM     all     67.16      0.00     29.35      0.00      0.00      0.75      2.74      0.00      0.00      0.00
08:18:18 PM     all     65.66      0.00     30.58      0.00      0.00      0.50      3.26      0.00      0.00      0.00
08:18:19 PM     all     66.50      0.00     29.25      0.00      0.00      0.75      3.50      0.00      0.00      0.00
08:18:20 PM     all     76.25      0.00     20.00      0.00      0.00      0.75      3.00      0.00      0.00      0.00
08:18:21 PM     all     73.07      0.00     22.44      0.00      0.00      0.50      3.99      0.00      0.00      0.00
08:18:22 PM     all     62.41      0.00     33.08      0.00      0.00      0.75      3.76      0.00      0.00      0.00
08:18:23 PM     all     70.00      0.00     26.25      0.00      0.00      0.50      3.25      0.00      0.00      0.00
08:18:24 PM     all     75.75      0.00     20.25      0.00      0.00      0.75      3.25      0.00      0.00      0.00
08:18:25 PM     all     76.44      0.00     19.55      0.00      0.00      0.75      3.26      0.00      0.00      0.00
08:18:26 PM     all     75.87      0.00     20.15      0.00      0.00      0.75      3.23      0.00      0.00      0.00
08:18:27 PM     all     82.34      0.00     15.42      0.00      0.00      0.75      1.49      0.00      0.00      0.00
08:18:28 PM     all     85.21      0.00     13.78      0.00      0.00      0.75      0.25      0.00      0.00      0.00
08:18:29 PM     all     76.69      0.00     19.05      0.00      0.00      0.75      3.51      0.00      0.00      0.00
08:18:30 PM     all     74.75      0.00     21.25      0.00      0.00      0.75      3.25      0.00      0.00      0.00
08:18:31 PM     all     75.31      0.00     20.20      0.00      0.00      0.75      3.74      0.00      0.00      0.00
08:18:32 PM     all     75.25      0.00     20.75      0.00      0.00      0.75      3.25      0.00      0.00      0.00
08:18:33 PM     all     75.44      0.00     20.80      0.00      0.00      0.50      3.26      0.00      0.00      0.00
08:18:34 PM     all     74.81      0.00     21.20      0.00      0.00      1.00      2.99      0.00      0.00      0.00
08:18:35 PM     all     73.68      0.00     22.56      0.00      0.00      0.50      3.26      0.00      0.00      0.00
08:18:36 PM     all     74.25      0.00     21.75      0.00      0.00      0.75      3.25      0.00      0.00      0.00
08:18:37 PM     all     74.75      0.00     21.75      0.00      0.00      0.75      2.75      0.00      0.00      0.00
08:18:38 PM     all     76.00      0.00     20.00      0.00      0.00      0.75      3.25      0.00      0.00      0.00
08:18:39 PM     all     85.75      0.00     13.25      0.00      0.00      0.75      0.25      0.00      0.00      0.00
08:18:40 PM     all     81.00      0.00     16.00      0.00      0.00      0.75      2.25      0.00      0.00      0.00
08:18:41 PM     all     74.75      0.00     20.75      0.00      0.00      0.75      3.75      0.00      0.00      0.00
08:18:42 PM     all     74.81      0.00     20.45      0.00      0.00      0.75      3.99      0.00      0.00      0.00
08:18:43 PM     all     75.69      0.00     20.05      0.00      0.00      0.50      3.76      0.00      0.00      0.00
08:18:44 PM     all     76.50      0.00     19.25      0.00      0.00      0.75      3.50      0.00      0.00      0.00
08:18:45 PM     all     75.31      0.00     20.20      0.00      0.00      0.75      3.74      0.00      0.00      0.00
08:18:46 PM     all     45.61      0.00     29.57      0.00      0.00      0.50      4.01      0.00      0.00     20.30
08:18:47 PM     all      0.76      0.00     39.55      0.00      0.00      0.50      4.28      0.00      0.00     54.91
08:18:48 PM     all      0.75      0.00     39.95      0.00      0.00      0.25      4.27      0.00      0.00     54.77
08:18:49 PM     all      0.51      0.00     39.75      0.00      0.00      0.51      4.30      0.00      0.00     54.94
08:18:50 PM     all      1.01      0.00     30.81      0.00      0.00      0.25      2.27      0.00      0.00     65.66
08:18:51 PM     all      1.52      0.00     37.12      0.00      0.00      0.51      4.29      0.00      0.00     56.57
08:18:52 PM     all      1.01      0.00     44.08      0.00      0.00      0.50      4.03      0.00      0.00     50.38
08:18:53 PM     all      0.51      0.00     39.75      0.00      0.00      0.25      4.30      0.00      0.00     55.19
08:18:54 PM     all      0.75      0.00     39.70      0.25      0.00      0.50      4.27      0.00      0.00     54.52
08:18:55 PM     all      1.26      0.00     39.39      0.00      0.00      0.25      4.04      0.00      0.00     55.05
08:18:56 PM     all      1.00      0.00     39.50      0.00      0.00      0.50      4.25      0.00      0.00     54.75
08:18:57 PM     all      1.77      0.00     38.89      0.00      0.00      0.25      4.29      0.00      0.00     54.80
08:18:58 PM     all      1.00      0.00     39.90      0.00      0.00      0.50      4.24      0.00      0.00     54.36
08:18:59 PM     all      0.75      0.00     40.60      0.00      0.00      0.25      4.26      0.00      0.00     54.14
08:19:00 PM     all      2.76      0.00     40.10      0.00      0.00      0.50      4.26      0.00      0.00     52.38
08:19:01 PM     all      1.78      0.00     24.94      0.00      0.00      0.25      1.78      0.00      0.00     71.25
08:19:02 PM     all      0.77      0.00     42.35      0.00      0.00      0.26      5.36      0.00      0.00     51.28
08:19:03 PM     all      1.27      0.00     39.34      0.00      0.00      0.25      6.09      0.00      0.00     53.05
08:19:04 PM     all      2.01      0.00     44.36      0.00      0.00      0.50      4.26      0.00      0.00     48.87
08:19:05 PM     all      0.76      0.00     45.84      0.00      0.00      0.50      4.03      0.00      0.00     48.87
08:19:06 PM     all      1.25      0.00     45.61      0.00      0.00      0.50      4.01      0.00      0.00     48.62
08:19:07 PM     all      0.75      0.00     46.23      0.00      0.00      0.50      3.77      0.00      0.00     48.74
08:19:08 PM     all      0.50      0.00     46.35      0.00      0.00      0.50      4.03      0.00      0.00     48.61
08:19:09 PM     all      0.51      0.00     46.46      0.00      0.00      0.25      3.79      0.00      0.00     48.99
08:19:10 PM     all      0.76      0.00     45.09      0.00      0.00      0.50      4.28      0.00      0.00     49.37
08:19:11 PM     all      1.01      0.00     36.78      0.00      0.00      0.25      5.54      0.00      0.00     56.42
08:19:12 PM     all      2.26      0.00     26.38      0.00      0.00      0.25      2.01      0.00      0.00     69.10
08:19:13 PM     all      0.76      0.00     45.84      0.00      0.00      0.50      3.78      0.00      0.00     49.12
08:19:14 PM     all      1.25      0.00     40.60      0.25      0.00      0.25      6.02      0.00      0.00     51.63
08:19:15 PM     all      1.01      0.00     45.84      0.00      0.00      0.50      3.78      0.00      0.00     48.87
08:19:16 PM     all      1.51      0.00     44.72      0.00      0.00      0.50      4.02      0.00      0.00     49.25
08:19:17 PM     all      1.01      0.00     39.70      0.00      0.00      0.25      4.27      0.00      0.00     54.77
08:19:18 PM     all      1.01      0.00     39.29      0.00      0.00      0.50      4.28      0.00      0.00     54.91
08:19:19 PM     all      0.51      0.00     40.15      0.00      0.00      0.25      4.29      0.00      0.00     54.80
08:19:20 PM     all      0.51      0.00     44.19      0.00      0.00      0.51      3.79      0.00      0.00     51.01
08:19:21 PM     all      0.50      0.00     40.20      0.00      0.00      0.25      4.27      0.00      0.00     54.77
08:19:22 PM     all      1.26      0.00     33.25      0.00      0.00      0.50      3.02      0.00      0.00     61.96
08:19:23 PM     all     51.00      0.00     36.50      0.00      0.00      0.75      0.25      0.00      0.00     11.50
08:19:24 PM     all     67.33      0.00     28.43      0.00      0.00      0.50      3.74      0.00      0.00      0.00
08:19:25 PM     all     65.50      0.00     30.25      0.00      0.00      0.75      3.50      0.00      0.00      0.00
08:19:26 PM     all     63.34      0.00     32.42      0.00      0.00      0.50      3.74      0.00      0.00      0.00
08:19:27 PM     all     57.00      0.00     38.50      0.00      0.00      0.75      3.75      0.00      0.00      0.00
08:19:28 PM     all     52.01      0.00     44.47      0.00      0.00      0.50      3.02      0.00      0.00      0.00
08:19:29 PM     all     71.07      0.00     24.69      0.00      0.00      0.75      3.49      0.00      0.00      0.00
08:19:30 PM     all     73.25      0.00     22.75      0.00      0.00      0.75      3.25      0.00      0.00      0.00
08:19:31 PM     all     73.50      0.00     22.25      0.00      0.00      0.75      3.50      0.00      0.00      0.00
08:19:32 PM     all     73.18      0.00     22.56      0.00      0.00      0.50      3.76      0.00      0.00      0.00
08:19:33 PM     all     74.88      0.00     20.40      0.00      0.00      0.75      3.98      0.00      0.00      0.00
08:19:34 PM     all     87.72      0.00     11.28      0.00      0.00      0.75      0.25      0.00      0.00      0.00
08:19:35 PM     all     84.00      0.00     14.00      0.00      0.00      1.00      1.00      0.00      0.00      0.00
08:19:36 PM     all     74.94      0.00     20.55      0.00      0.00      0.50      4.01      0.00      0.00      0.00
08:19:37 PM     all     74.31      0.00     21.20      0.00      0.00      0.75      3.74      0.00      0.00      0.00
08:19:38 PM     all     74.75      0.00     20.50      0.00      0.00      0.75      4.00      0.00      0.00      0.00
08:19:39 PM     all     74.75      0.00     20.75      0.00      0.00      0.75      3.75      0.00      0.00      0.00
08:19:40 PM     all     76.69      0.00     19.55      0.00      0.00      0.50      3.26      0.00      0.00      0.00
08:19:41 PM     all     74.75      0.00     20.50      0.00      0.00      0.75      4.00      0.00      0.00      0.00
08:19:42 PM     all     76.50      0.00     19.50      0.00      0.00      0.75      3.25      0.00      0.00      0.00
08:19:43 PM     all     75.06      0.00     20.70      0.00      0.00      0.75      3.49      0.00      0.00      0.00
08:19:44 PM     all     76.19      0.00     19.80      0.00      0.00      0.75      3.26      0.00      0.00      0.00
08:19:45 PM     all     78.61      0.00     17.91      0.00      0.00      0.75      2.74      0.00      0.00      0.00
08:19:46 PM     all     87.00      0.00     12.00      0.00      0.00      0.75      0.25      0.00      0.00      0.00
08:19:47 PM     all     80.80      0.00     15.96      0.00      0.00      0.75      2.49      0.00      0.00      0.00
08:19:48 PM     all     74.44      0.00     21.05      0.00      0.00      0.75      3.76      0.00      0.00      0.00
08:19:49 PM     all     74.56      0.00     20.95      0.00      0.00      0.75      3.74      0.00      0.00      0.00
08:19:50 PM     all     76.25      0.00     19.75      0.00      0.00      0.50      3.50      0.00      0.00      0.00
08:19:51 PM     all     74.94      0.00     20.80      0.00      0.00      0.75      3.51      0.00      0.00      0.00
08:19:52 PM     all     76.25      0.00     19.50      0.00      0.00      0.75      3.50      0.00      0.00      0.00
08:19:53 PM     all     12.81      0.00     39.95      0.00      0.00      0.25      5.03      0.00      0.00     41.96
08:19:54 PM     all      1.01      0.00     42.07      0.25      0.00      0.25      5.29      0.00      0.00     51.13
08:19:55 PM     all      1.25      0.00     39.60      0.00      0.00      0.50      4.76      0.00      0.00     53.88
08:19:56 PM     all      0.51      0.00     40.40      0.00      0.00      0.25      4.29      0.00      0.00     54.55
08:19:57 PM     all      1.50      0.00     28.82      0.00      0.00      0.50      1.75      0.00      0.00     67.42
08:19:58 PM     all      1.75      0.00     40.40      0.00      0.00      0.25      4.24      0.00      0.00     53.37
08:19:59 PM     all      1.02      0.00     41.22      0.00      0.00      0.25      5.60      0.00      0.00     51.91
08:20:00 PM     all      2.30      0.00     39.39      0.00      0.00      0.26      6.14      0.00      0.00     51.92
08:20:01 PM     all      1.00      0.00     44.75      0.00      0.00      0.50      4.50      0.00      0.00     49.25
08:20:02 PM     all      1.00      0.00     45.61      0.00      0.00      0.50      4.01      0.00      0.00     48.87
08:20:03 PM     all      1.00      0.00     45.61      0.00      0.00      0.50      4.01      0.00      0.00     48.87
08:20:04 PM     all      0.50      0.00     45.98      0.25      0.00      0.50      3.77      0.00      0.00     48.99
08:20:05 PM     all      1.01      0.00     45.73      0.00      0.00      0.50      4.02      0.00      0.00     48.74
08:20:06 PM     all      0.50      0.00     45.86      0.00      0.00      0.50      4.01      0.00      0.00     49.12
08:20:07 PM     all      0.76      0.00     45.84      0.00      0.00      0.50      4.03      0.00      0.00     48.87
08:20:08 PM     all      1.27      0.00     26.33      0.00      0.00      0.25      2.03      0.00      0.00     70.13
08:20:09 PM     all      0.50      0.00     41.56      0.00      0.00      0.50      5.79      0.00      0.00     51.64
08:20:10 PM     all      1.26      0.00     39.80      0.00      0.00      0.00      6.05      0.00      0.00     52.90
08:20:11 PM     all      0.51      0.00     39.90      0.00      0.00      0.51      5.05      0.00      0.00     54.04
08:20:12 PM     all      0.76      0.00     39.80      0.00      0.00      0.25      4.28      0.00      0.00     54.91
08:20:13 PM     all      1.00      0.00     39.65      0.00      0.00      0.50      4.24      0.00      0.00     54.61
08:20:14 PM     all      1.01      0.00     43.97      0.00      0.00      0.25      3.77      0.00      0.00     51.01
08:20:15 PM     all      1.51      0.00     41.46      0.00      0.00      0.50      4.27      0.00      0.00     52.26
08:20:16 PM     all      0.51      0.00     41.92      0.00      0.00      0.25      4.04      0.00      0.00     53.28
08:20:17 PM     all      1.25      0.00     41.85      0.00      0.00      0.50      4.01      0.00      0.00     52.38
08:20:18 PM     all      1.50      0.00     37.41      0.00      0.00      0.50      3.49      0.00      0.00     57.11
08:20:19 PM     all      2.00      0.00     30.75      0.00      0.00      0.25      2.50      0.00      0.00     64.50
08:20:20 PM     all      0.75      0.00     45.98      0.00      0.00      0.50      4.02      0.00      0.00     48.74
08:20:21 PM     all      0.76      0.00     46.10      0.00      0.00      0.50      4.03      0.00      0.00     48.61
08:20:22 PM     all      0.50      0.00     46.35      0.00      0.00      0.50      3.78      0.00      0.00     48.87
08:20:23 PM     all      0.75      0.00     46.23      0.00      0.00      0.50      4.02      0.00      0.00     48.49
08:20:24 PM     all      1.01      0.00     45.73      0.25      0.00      0.50      4.02      0.00      0.00     48.49
08:20:25 PM     all      1.01      0.00     45.73      0.00      0.00      0.50      4.02      0.00      0.00     48.74
08:20:26 PM     all      0.50      0.00     46.35      0.00      0.00      0.50      3.78      0.00      0.00     48.87
08:20:27 PM     all      1.26      0.00     42.32      0.00      0.00      0.25      5.29      0.00      0.00     50.88
08:20:28 PM     all      1.00      0.00     45.75      0.00      0.00      0.50      3.75      0.00      0.00     49.00
08:20:29 PM     all      1.00      0.00     34.84      0.00      0.00      0.50      2.26      0.00      0.00     61.40
08:20:30 PM     all     79.45      0.00     17.54      0.00      0.00      0.50      0.50      0.00      0.00      2.01
08:20:31 PM     all     60.60      0.00     34.91      0.00      0.00      0.75      3.74      0.00      0.00      0.00
08:20:32 PM     all     65.25      0.00     30.50      0.00      0.00      0.50      3.75      0.00      0.00      0.00
08:20:33 PM     all     57.75      0.00     38.25      0.00      0.00      0.75      3.25      0.00      0.00      0.00
08:20:34 PM     all     74.19      0.00     22.06      0.00      0.00      0.50      3.26      0.00      0.00      0.00
08:20:35 PM     all     71.07      0.00     24.69      0.00      0.00      0.75      3.49      0.00      0.00      0.00
08:20:36 PM     all     75.19      0.00     21.05      0.00      0.00      0.50      3.26      0.00      0.00      0.00
08:20:37 PM     all     75.25      0.00     20.50      0.00      0.00      0.75      3.50      0.00      0.00      0.00
08:20:38 PM     all     73.18      0.00     22.81      0.00      0.00      0.50      3.51      0.00      0.00      0.00
08:20:39 PM     all     71.82      0.00     23.69      0.00      0.00      0.75      3.74      0.00      0.00      0.00
08:20:40 PM     all     77.50      0.00     19.00      0.00      0.00      0.75      2.75      0.00      0.00      0.00
08:20:41 PM     all     78.75      0.00     20.25      0.00      0.00      0.75      0.25      0.00      0.00      0.00
08:20:42 PM     all     78.50      0.00     17.75      0.00      0.00      0.75      3.00      0.00      0.00      0.00
08:20:43 PM     all     73.32      0.00     21.95      0.00      0.00      0.75      3.99      0.00      0.00      0.00
08:20:44 PM     all     72.68      0.00     22.81      0.00      0.00      0.50      4.01      0.00      0.00      0.00
08:20:45 PM     all     73.32      0.00     22.19      0.00      0.00      0.75      3.74      0.00      0.00      0.00
08:20:46 PM     all     73.00      0.00     22.75      0.00      0.00      0.75      3.50      0.00      0.00      0.00
08:20:47 PM     all     74.75      0.00     21.00      0.00      0.00      0.75      3.50      0.00      0.00      0.00
08:20:48 PM     all     73.75      0.00     21.75      0.00      0.00      0.75      3.75      0.00      0.00      0.00
08:20:49 PM     all     72.75      0.00     23.00      0.00      0.00      0.75      3.25      0.00      0.00      0.25
08:20:50 PM     all     75.31      0.00     21.20      0.00      0.00      0.75      2.74      0.00      0.00      0.00
08:20:51 PM     all     73.18      0.00     23.06      0.00      0.00      0.75      3.01      0.00      0.00      0.00
08:20:52 PM     all     84.46      0.00     14.29      0.00      0.00      0.75      0.50      0.00      0.00      0.00
08:20:53 PM     all     79.65      0.00     17.87      0.00      0.00      0.74      1.74      0.00      0.00      0.00
08:20:54 PM     all     75.00      0.00     20.50      0.00      0.00      0.75      3.75      0.00      0.00      0.00
08:20:55 PM     all     75.00      0.00     20.75      0.00      0.00      0.75      3.50      0.00      0.00      0.00
08:20:56 PM     all     76.44      0.00     19.80      0.00      0.00      0.50      3.26      0.00      0.00      0.00
08:20:57 PM     all     74.50      0.00     21.50      0.00      0.00      0.75      3.25      0.00      0.00      0.00
08:20:58 PM     all     73.32      0.00     22.19      0.00      0.00      0.75      3.74      0.00      0.00      0.00
08:20:59 PM     all     73.25      0.00     23.00      0.00      0.00      0.75      3.00      0.00      0.00      0.00
08:21:00 PM     all      3.73      0.00     41.54      0.00      0.00      0.50      4.23      0.00      0.00     50.00
08:21:01 PM     all      0.99      0.00     40.69      0.00      0.00      0.25      4.22      0.00      0.00     53.85
08:21:02 PM     all      1.00      0.00     42.79      0.25      0.00      0.50      4.48      0.00      0.00     51.00
08:21:03 PM     all      1.98      0.00     35.15      0.00      0.00      0.50      2.48      0.00      0.00     59.90
08:21:04 PM     all      1.01      0.00     34.76      0.00      0.00      0.00      4.28      0.00      0.00     59.95
08:21:05 PM     all      1.25      0.00     40.15      0.00      0.00      0.50      5.74      0.00      0.00     52.37
08:21:06 PM     all      0.74      0.00     40.94      0.00      0.00      0.25      4.22      0.00      0.00     53.85
08:21:07 PM     all      1.00      0.00     40.40      0.00      0.00      0.50      4.24      0.00      0.00     53.87
08:21:08 PM     all      1.00      0.00     40.80      0.00      0.00      0.25      4.23      0.00      0.00     53.73
08:21:09 PM     all      1.24      0.00     40.30      0.00      0.00      0.50      4.23      0.00      0.00     53.73
08:21:10 PM     all      1.74      0.00     40.05      0.00      0.00      0.25      4.23      0.00      0.00     53.73
08:21:11 PM     all      1.00      0.00     40.00      0.00      0.00      0.50      4.25      0.00      0.00     54.25
08:21:12 PM     all      0.50      0.00     41.00      0.00      0.00      0.25      4.25      0.00      0.00     54.00
08:21:13 PM     all      0.99      0.00     40.45      0.00      0.00      0.50      4.22      0.00      0.00     53.85
08:21:14 PM     all      2.24      0.00     27.68      0.25      0.00      0.25      1.50      0.00      0.00     68.08
08:21:15 PM     all      0.76      0.00     43.04      0.00      0.00      0.51      4.56      0.00      0.00     51.14
08:21:16 PM     all      1.25      0.00     45.64      0.00      0.00      0.50      3.99      0.00      0.00     48.63
08:21:17 PM     all      1.00      0.00     45.61      0.00      0.00      0.50      4.01      0.00      0.00     48.87
08:21:18 PM     all      1.24      0.00     45.91      0.00      0.00      0.50      3.97      0.00      0.00     48.39
08:21:19 PM     all      1.01      0.00     42.57      0.00      0.00      0.25      5.04      0.00      0.00     51.13
08:21:20 PM     all      1.00      0.00     40.00      0.00      0.00      0.50      4.25      0.00      0.00     54.25
08:21:21 PM     all      0.75      0.00     40.10      0.00      0.00      0.25      4.26      0.00      0.00     54.64
08:21:22 PM     all      0.50      0.00     40.25      0.00      0.00      0.50      4.25      0.00      0.00     54.50
08:21:23 PM     all      1.23      0.00     40.15      0.00      0.00      0.49      4.19      0.00      0.00     53.94
08:21:24 PM     all      1.27      0.00     40.00      0.00      0.00      0.25      4.05      0.00      0.00     54.43
08:21:25 PM     all      1.76      0.00     25.69      0.00      0.00      0.25      2.02      0.00      0.00     70.28
08:21:26 PM     all      1.00      0.00     40.10      0.00      0.00      0.25      6.27      0.00      0.00     52.38
08:21:27 PM     all      0.50      0.00     44.72      0.00      0.00      0.50      4.27      0.00      0.00     50.00
08:21:28 PM     all      1.50      0.00     44.11      0.00      0.00      0.25      3.76      0.00      0.00     50.38
08:21:29 PM     all      0.50      0.00     42.50      0.25      0.00      0.50      5.25      0.00      0.00     51.00
08:21:30 PM     all      1.02      0.00     39.69      0.00      0.00      0.00      6.11      0.00      0.00     53.18
08:21:31 PM     all      1.25      0.00     45.75      0.00      0.00      0.50      4.00      0.00      0.00     48.50
08:21:32 PM     all      0.75      0.00     41.10      0.00      0.00      0.25      5.76      0.00      0.00     52.13
08:21:33 PM     all      1.74      0.00     45.66      0.00      0.00      0.50      3.72      0.00      0.00     48.39
08:21:34 PM     all      1.24      0.00     45.91      0.00      0.00      0.50      3.97      0.00      0.00     48.39
08:21:35 PM     all      1.50      0.00     38.40      0.00      0.00      0.50      2.74      0.00      0.00     56.86
08:21:36 PM     all     66.67      0.00     17.79      0.00      0.00      0.75      0.50      0.00      0.00     14.29
08:21:37 PM     all     67.25      0.00     28.50      0.00      0.00      0.50      3.75      0.00      0.00      0.00
08:21:38 PM     all     69.00      0.00     27.00      0.00      0.00      0.50      3.50      0.00      0.00      0.00
08:21:39 PM     all     69.08      0.00     26.68      0.00      0.00      0.50      3.74      0.00      0.00      0.00
08:21:40 PM     all     79.45      0.00     17.29      0.00      0.00      0.75      2.51      0.00      0.00      0.00
08:21:41 PM     all     74.94      0.00     21.30      0.00      0.00      0.50      3.26      0.00      0.00      0.00
08:21:42 PM     all     75.06      0.00     20.70      0.00      0.00      0.75      3.49      0.00      0.00      0.00
08:21:43 PM     all     75.25      0.00     20.50      0.00      0.00      0.50      3.75      0.00      0.00      0.00
08:21:44 PM     all     75.19      0.00     20.30      0.00      0.00      0.75      3.76      0.00      0.00      0.00
08:21:45 PM     all     74.06      0.00     21.70      0.00      0.00      0.75      3.49      0.00      0.00      0.00
08:21:46 PM     all     78.50      0.00     17.75      0.00      0.00      0.75      3.00      0.00      0.00      0.00
08:21:47 PM     all     86.75      0.00     12.25      0.00      0.00      0.75      0.25      0.00      0.00      0.00
08:21:48 PM     all     80.25      0.00     17.25      0.00      0.00      0.75      1.75      0.00      0.00      0.00
08:21:49 PM     all     74.81      0.00     20.45      0.00      0.00      0.75      3.99      0.00      0.00      0.00
08:21:50 PM     all     75.44      0.00     21.30      0.00      0.00      0.75      2.51      0.00      0.00      0.00
08:21:51 PM     all     75.00      0.00     21.25      0.00      0.00      0.75      3.00      0.00      0.00      0.00
08:21:52 PM     all     75.50      0.00     20.50      0.00      0.00      0.75      3.25      0.00      0.00      0.00
08:21:53 PM     all     75.25      0.00     20.50      0.00      0.00      0.50      3.75      0.00      0.00      0.00
08:21:54 PM     all     75.00      0.00     20.50      0.00      0.00      0.75      3.75      0.00      0.00      0.00
08:21:55 PM     all     74.81      0.00     20.45      0.00      0.00      0.75      3.99      0.00      0.00      0.00
08:21:56 PM     all     75.38      0.00     20.60      0.00      0.00      0.50      3.52      0.00      0.00      0.00
08:21:57 PM     all     75.81      0.00     19.70      0.00      0.00      0.75      3.74      0.00      0.00      0.00
08:21:58 PM     all     81.59      0.00     16.17      0.00      0.00      0.75      1.49      0.00      0.00      0.00
08:21:59 PM     all     85.75      0.00     13.25      0.00      0.00      0.75      0.25      0.00      0.00      0.00
08:22:00 PM     all     79.50      0.00     17.25      0.00      0.00      0.75      2.50      0.00      0.00      0.00
08:22:01 PM     all     74.50      0.00     20.75      0.00      0.00      0.75      4.00      0.00      0.00      0.00
08:22:02 PM     all     76.69      0.00     19.55      0.00      0.00      0.75      3.01      0.00      0.00      0.00
08:22:03 PM     all     74.88      0.00     20.65      0.00      0.00      0.75      3.73      0.00      0.00      0.00
08:22:04 PM     all     74.62      0.00     21.11      0.00      0.00      0.50      3.77      0.00      0.00      0.00
08:22:05 PM     all     74.56      0.00     20.95      0.00      0.00      0.75      3.74      0.00      0.00      0.00
08:22:06 PM     all     15.66      0.00     36.36      0.00      0.00      0.51      4.29      0.00      0.00     43.18
08:22:07 PM     all      1.26      0.00     39.20      0.00      0.00      0.25      4.27      0.00      0.00     55.03
08:22:08 PM     all      0.75      0.00     39.60      0.00      0.00      0.50      4.26      0.00      0.00     54.89
08:22:09 PM     all      0.51      0.00     39.29      0.00      0.00      0.26      4.08      0.00      0.00     55.87
08:22:10 PM     all      2.02      0.00     25.44      0.00      0.00      0.50      1.51      0.00      0.00     70.53
08:22:11 PM     all      0.51      0.00     39.75      0.00      0.00      0.00      6.33      0.00      0.00     53.42
08:22:12 PM     all      0.75      0.00     40.80      0.00      0.00      0.25      6.22      0.00      0.00     51.99
08:22:13 PM     all      1.00      0.00     40.35      0.00      0.00      0.25      6.02      0.00      0.00     52.38
08:22:14 PM     all      0.77      0.00     39.03      0.26      0.00      0.26      5.10      0.00      0.00     54.59
08:22:15 PM     all      0.75      0.00     39.45      0.00      0.00      0.50      4.27      0.00      0.00     55.03
08:22:16 PM     all      1.00      0.00     39.60      0.00      0.00      0.25      4.26      0.00      0.00     54.89
08:22:17 PM     all      0.76      0.00     39.14      0.00      0.00      0.51      4.29      0.00      0.00     55.30
08:22:18 PM     all      1.26      0.00     38.89      0.00      0.00      0.51      4.29      0.00      0.00     55.05
08:22:19 PM     all      1.01      0.00     44.22      0.00      0.00      0.25      4.02      0.00      0.00     50.50
08:22:20 PM     all      0.76      0.00     42.17      0.00      0.00      0.51      4.04      0.00      0.00     52.53
08:22:21 PM     all      1.76      0.00     25.69      0.00      0.00      0.25      2.27      0.00      0.00     70.03
08:22:22 PM     all      0.50      0.00     45.98      0.00      0.00      0.50      4.02      0.00      0.00     48.99
08:22:23 PM     all      1.01      0.00     45.73      0.00      0.00      0.50      3.77      0.00      0.00     48.99
08:22:24 PM     all      1.26      0.00     41.41      0.25      0.00      0.25      5.30      0.00      0.00     51.52
08:22:25 PM     all      0.50      0.00     46.00      0.00      0.00      0.50      4.00      0.00      0.00     49.00
08:22:26 PM     all      1.01      0.00     42.07      0.00      0.00      0.50      4.03      0.00      0.00     52.39
08:22:27 PM     all      0.76      0.00     39.65      0.00      0.00      0.25      4.29      0.00      0.00     55.05
08:22:28 PM     all      0.51      0.00     39.39      0.00      0.00      0.51      4.29      0.00      0.00     55.30
08:22:29 PM     all      0.76      0.00     41.37      0.00      0.00      0.25      4.06      0.00      0.00     53.55
08:22:30 PM     all      0.76      0.00     42.17      0.00      0.00      0.51      4.04      0.00      0.00     52.53
08:22:31 PM     all      1.26      0.00     32.83      0.00      0.00      0.25      3.28      0.00      0.00     62.37
08:22:32 PM     all      1.26      0.00     34.42      0.00      0.00      0.50      2.51      0.00      0.00     61.31
08:22:33 PM     all      1.01      0.00     45.71      0.00      0.00      0.25      4.04      0.00      0.00     48.99
08:22:34 PM     all      0.76      0.00     42.42      0.51      0.00      0.51      4.04      0.00      0.00     51.77
08:22:35 PM     all      1.01      0.00     39.20      0.00      0.00      0.50      4.27      0.00      0.00     55.03
08:22:36 PM     all      0.76      0.00     39.65      0.00      0.00      0.25      4.29      0.00      0.00     55.05
08:22:37 PM     all      0.75      0.00     39.85      0.00      0.00      0.50      4.26      0.00      0.00     54.64
08:22:38 PM     all      0.76      0.00     39.80      0.00      0.00      0.25      4.28      0.00      0.00     54.91
08:22:39 PM     all      0.75      0.00     40.10      0.00      0.00      0.25      4.26      0.00      0.00     54.64
08:22:40 PM     all      0.25      0.00     40.30      0.00      0.00      0.50      4.28      0.00      0.00     54.66
08:22:41 PM     all      1.00      0.00     40.40      0.00      0.00      0.25      4.24      0.00      0.00     54.11
08:22:42 PM     all      8.06      0.00     29.47      0.00      0.00      0.50      2.02      0.00      0.00     59.95
08:22:43 PM     all     77.94      0.00     19.55      0.00      0.00      0.75      1.75      0.00      0.00      0.00
08:22:44 PM     all     69.50      0.00     26.25      0.00      0.00      0.50      3.75      0.00      0.00      0.00
08:22:45 PM     all     69.75      0.00     26.00      0.00      0.00      0.75      3.50      0.00      0.00      0.00
08:22:46 PM     all     73.07      0.00     22.94      0.00      0.00      0.75      3.24      0.00      0.00      0.00
08:22:47 PM     all     72.93      0.00     23.31      0.00      0.00      0.50      3.26      0.00      0.00      0.00
08:22:48 PM     all     74.00      0.00     21.75      0.00      0.00      0.75      3.50      0.00      0.00      0.00
08:22:49 PM     all     74.31      0.00     21.70      0.00      0.00      0.75      3.24      0.00      0.00      0.00
08:22:50 PM     all     73.75      0.00     21.75      0.00      0.00      0.75      3.75      0.00      0.00      0.00
08:22:51 PM     all     73.82      0.00     21.95      0.00      0.00      0.75      3.49      0.00      0.00      0.00
08:22:52 PM     all     73.93      0.00     22.06      0.00      0.00      0.50      3.51      0.00      0.00      0.00
08:22:53 PM     all     80.20      0.00     16.79      0.00      0.00      0.75      2.26      0.00      0.00      0.00
08:22:54 PM     all     86.25      0.00     12.50      0.00      0.00      1.00      0.25      0.00      0.00      0.00
08:22:55 PM     all     82.54      0.00     14.96      0.00      0.00      0.75      1.75      0.00      0.00      0.00
08:22:56 PM     all     75.25      0.00     20.00      0.00      0.00      0.75      4.00      0.00      0.00      0.00
08:22:57 PM     all     75.19      0.00     20.55      0.00      0.00      0.50      3.76      0.00      0.00      0.00
08:22:58 PM     all     76.06      0.00     19.95      0.00      0.00      0.75      3.24      0.00      0.00      0.00
08:22:59 PM     all     74.19      0.00     22.31      0.00      0.00      0.75      2.76      0.00      0.00      0.00
08:23:00 PM     all     74.31      0.00     21.95      0.00      0.00      0.75      2.99      0.00      0.00      0.00
08:23:01 PM     all     74.44      0.00     21.55      0.00      0.00      0.75      3.26      0.00      0.00      0.00
08:23:02 PM     all     74.56      0.00     21.45      0.00      0.00      1.00      2.99      0.00      0.00      0.00
08:23:03 PM     all     74.19      0.00     21.80      0.00      0.00      0.75      3.26      0.00      0.00      0.00
08:23:04 PM     all     75.81      0.00     20.20      0.00      0.00      0.75      3.24      0.00      0.00      0.00
08:23:05 PM     all     78.50      0.00     18.50      0.00      0.00      0.75      2.25      0.00      0.00      0.00
08:23:06 PM     all     85.46      0.00     13.53      0.00      0.00      0.75      0.25      0.00      0.00      0.00
08:23:07 PM     all     75.81      0.00     19.70      0.00      0.00      0.75      3.74      0.00      0.00      0.00
08:23:08 PM     all     77.86      0.00     18.16      0.00      0.00      0.75      3.23      0.00      0.00      0.00
08:23:09 PM     all     75.13      0.00     20.60      0.00      0.00      0.50      3.77      0.00      0.00      0.00
08:23:10 PM     all     74.56      0.00     20.95      0.00      0.00      0.75      3.74      0.00      0.00      0.00
08:23:11 PM     all     76.06      0.00     19.70      0.00      0.00      0.75      3.24      0.00      0.00      0.25
08:23:12 PM     all     68.34      0.00     24.12      0.00      0.00      0.75      2.76      0.00      0.00      4.02
08:23:13 PM     all      0.75      0.00     45.75      0.00      0.00      0.50      4.00      0.00      0.00     49.00
08:23:14 PM     all      0.76      0.00     44.44      0.25      0.00      0.51      3.79      0.00      0.00     50.25
08:23:15 PM     all      1.26      0.00     39.29      0.00      0.00      0.25      4.28      0.00      0.00     54.91
08:23:16 PM     all      1.24      0.00     39.80      0.00      0.00      0.50      4.23      0.00      0.00     54.23
08:23:17 PM     all      1.01      0.00     25.32      0.00      0.00      0.25      1.77      0.00      0.00     71.65
08:23:18 PM     all      2.00      0.00     45.25      0.00      0.00      0.50      4.25      0.00      0.00     48.00
08:23:19 PM     all      1.50      0.00     45.36      0.00      0.00      0.50      3.76      0.00      0.00     48.87
08:23:20 PM     all      1.00      0.00     44.61      0.00      0.00      0.50      4.26      0.00      0.00     49.62
08:23:21 PM     all      0.76      0.00     39.69      0.00      0.00      0.25      6.11      0.00      0.00     53.18
08:23:22 PM     all      1.01      0.00     39.95      0.00      0.00      0.25      6.03      0.00      0.00     52.76
08:23:23 PM     all      1.01      0.00     39.80      0.00      0.00      0.25      4.28      0.00      0.00     54.66
08:23:24 PM     all      1.51      0.00     44.33      0.25      0.00      0.50      3.78      0.00      0.00     49.62
08:23:25 PM     all      1.01      0.00     39.55      0.00      0.00      0.25      4.28      0.00      0.00     54.91
08:23:26 PM     all      0.51      0.00     39.49      0.00      0.00      0.51      4.30      0.00      0.00     55.19
08:23:27 PM     all      1.01      0.00     33.92      0.00      0.00      0.25      3.29      0.00      0.00     61.52
08:23:28 PM     all      1.79      0.00     31.38      0.00      0.00      0.26      3.06      0.00      0.00     63.52
08:23:29 PM     all      0.76      0.00     44.08      0.00      0.00      0.50      4.53      0.00      0.00     50.13
08:23:30 PM     all      0.50      0.00     45.34      0.00      0.00      0.50      4.03      0.00      0.00     49.62
08:23:31 PM     all      1.25      0.00     44.50      0.00      0.00      0.25      4.25      0.00      0.00     49.75
08:23:32 PM     all      0.50      0.00     45.61      0.00      0.00      0.50      4.01      0.00      0.00     49.37
08:23:33 PM     all      0.76      0.00     38.58      0.00      0.00      0.51      4.31      0.00      0.00     55.84
08:23:34 PM     all      0.76      0.00     39.29      0.25      0.00      0.25      4.03      0.00      0.00     55.42
08:23:35 PM     all      0.76      0.00     38.64      0.00      0.00      0.51      4.29      0.00      0.00     55.81
08:23:36 PM     all      1.01      0.00     39.20      0.00      0.00      0.25      4.27      0.00      0.00     55.28
08:23:37 PM     all      1.01      0.00     38.89      0.00      0.00      0.25      4.29      0.00      0.00     55.56
08:23:38 PM     all      1.01      0.00     29.29      0.00      0.00      0.51      2.27      0.00      0.00     66.92
08:23:39 PM     all      1.26      0.00     40.40      0.00      0.00      0.51      3.03      0.00      0.00     54.80
08:23:40 PM     all      1.25      0.00     45.25      0.00      0.00      0.50      4.00      0.00      0.00     49.00
08:23:41 PM     all      0.75      0.00     39.20      0.00      0.00      0.25      4.27      0.00      0.00     55.53
08:23:42 PM     all      0.76      0.00     38.17      0.00      0.00      0.25      4.33      0.00      0.00     56.49
08:23:43 PM     all      0.50      0.00     39.35      0.00      0.00      0.50      4.26      0.00      0.00     55.39
08:23:44 PM     all      1.25      0.00     39.00      0.00      0.00      0.25      4.25      0.00      0.00     55.25
08:23:45 PM     all      1.26      0.00     38.69      0.00      0.00      0.50      4.27      0.00      0.00     55.28
08:23:46 PM     all      1.01      0.00     38.94      0.00      0.00      0.25      4.27      0.00      0.00     55.53
08:23:47 PM     all      1.25      0.00     38.90      0.00      0.00      0.50      4.24      0.00      0.00     55.11
08:23:48 PM     all      0.25      0.00     39.39      0.00      0.00      0.25      4.29      0.00      0.00     55.81
08:23:49 PM     all     23.63      0.00     23.13      0.25      0.00      0.75      1.24      0.00      0.00     51.00
08:23:50 PM     all     77.94      0.00     19.80      0.00      0.00      0.50      1.75      0.00      0.00      0.00
08:23:51 PM     all     69.83      0.00     25.94      0.00      0.00      0.50      3.74      0.00      0.00      0.00
08:23:52 PM     all     68.00      0.00     27.75      0.00      0.00      0.75      3.50      0.00      0.00      0.00
08:23:53 PM     all     74.19      0.00     22.31      0.00      0.00      0.50      3.01      0.00      0.00      0.00
08:23:54 PM     all     70.40      0.00     24.88      0.00      0.00      0.75      3.98      0.00      0.00      0.00
08:23:55 PM     all     78.70      0.00     18.05      0.00      0.00      0.50      2.76      0.00      0.00      0.00
08:23:56 PM     all     75.25      0.00     20.25      0.00      0.00      0.75      3.75      0.00      0.00      0.00
08:23:57 PM     all     75.44      0.00     20.55      0.00      0.00      0.50      3.51      0.00      0.00      0.00
08:23:58 PM     all     75.31      0.00     20.70      0.00      0.00      0.75      3.24      0.00      0.00      0.00
08:23:59 PM     all     74.25      0.00     22.00      0.00      0.00      0.75      3.00      0.00      0.00      0.00
08:24:00 PM     all     82.29      0.00     14.96      0.00      0.00      0.75      2.00      0.00      0.00      0.00
08:24:01 PM     all     83.71      0.00     15.29      0.00      0.00      0.75      0.25      0.00      0.00      0.00
08:24:02 PM     all     77.00      0.00     19.00      0.00      0.00      0.75      3.25      0.00      0.00      0.00
08:24:03 PM     all     74.00      0.00     22.00      0.00      0.00      0.75      3.25      0.00      0.00      0.00
08:24:04 PM     all     74.69      0.00     21.55      0.00      0.00      0.75      3.01      0.00      0.00      0.00
08:24:05 PM     all     74.06      0.00     21.95      0.00      0.00      0.75      3.24      0.00      0.00      0.00
08:24:06 PM     all     75.00      0.00     21.25      0.00      0.00      0.75      3.00      0.00      0.00      0.00
08:24:07 PM     all     76.94      0.00     20.05      0.00      0.00      0.75      2.26      0.00      0.00      0.00
08:24:08 PM     all     74.31      0.00     21.70      0.00      0.00      0.75      3.24      0.00      0.00      0.00
08:24:09 PM     all     74.25      0.00     21.75      0.00      0.00      0.75      3.25      0.00      0.00      0.00
08:24:10 PM     all     75.75      0.00     20.75      0.00      0.00      0.75      2.75      0.00      0.00      0.00
08:24:11 PM     all     75.94      0.00     20.30      0.00      0.00      0.75      3.01      0.00      0.00      0.00
08:24:12 PM     all     85.54      0.00     13.47      0.00      0.00      0.75      0.25      0.00      0.00      0.00
08:24:13 PM     all     83.46      0.00     14.04      0.00      0.00      0.75      1.75      0.00      0.00      0.00
08:24:14 PM     all     74.25      0.00     21.25      0.00      0.00      0.75      3.75      0.00      0.00      0.00
08:24:15 PM     all     77.06      0.00     19.70      0.00      0.00      0.75      2.49      0.00      0.00      0.00
08:24:16 PM     all     74.06      0.00     22.19      0.00      0.00      0.75      2.99      0.00      0.00      0.00
08:24:17 PM     all     74.12      0.00     21.86      0.00      0.00      0.75      3.27      0.00      0.00      0.00
08:24:18 PM     all     75.06      0.00     20.95      0.00      0.00      0.75      3.24      0.00      0.00      0.00
08:24:19 PM     all     53.87      0.00     28.43      0.00      0.00      0.75      3.99      0.00      0.00     12.97
08:24:20 PM     all      0.50      0.00     46.12      0.00      0.00      0.50      3.76      0.00      0.00     49.12
08:24:21 PM     all      1.24      0.00     41.54      0.00      0.00      0.50      4.23      0.00      0.00     52.49
08:24:22 PM     all      0.75      0.00     39.50      0.00      0.00      0.25      4.25      0.00      0.00     55.25
08:24:23 PM     all      1.01      0.00     29.47      0.00      0.00      0.50      2.52      0.00      0.00     66.50
08:24:24 PM     all      1.52      0.00     34.34      0.00      0.00      0.25      3.54      0.00      0.00     60.35
08:24:25 PM     all      0.50      0.00     41.31      0.00      0.00      0.50      4.28      0.00      0.00     53.40
08:24:26 PM     all      1.26      0.00     39.04      0.00      0.00      0.25      4.28      0.00      0.00     55.16
08:24:27 PM     all      1.26      0.00     38.64      0.00      0.00      0.25      4.29      0.00      0.00     55.56
08:24:28 PM     all      0.25      0.00     40.40      0.00      0.00      0.50      4.24      0.00      0.00     54.61
08:24:29 PM     all      0.75      0.00     42.39      0.25      0.00      0.50      3.99      0.00      0.00     52.12
08:24:30 PM     all      0.76      0.00     45.84      0.00      0.00      0.25      4.03      0.00      0.00     49.12
08:24:31 PM     all      1.00      0.00     41.50      0.00      0.00      0.50      4.00      0.00      0.00     53.00
08:24:32 PM     all      0.51      0.00     39.09      0.00      0.00      0.25      4.31      0.00      0.00     55.84
08:24:33 PM     all      0.75      0.00     39.75      0.00      0.00      0.50      4.25      0.00      0.00     54.75
08:24:34 PM     all      1.75      0.00     27.43      0.00      0.00      0.25      2.00      0.00      0.00     68.58
08:24:35 PM     all      1.51      0.00     41.56      0.00      0.00      0.50      3.53      0.00      0.00     52.90
08:24:36 PM     all      0.76      0.00     46.10      0.00      0.00      0.50      3.78      0.00      0.00     48.87
08:24:37 PM     all      1.01      0.00     44.19      0.00      0.00      0.51      4.04      0.00      0.00     50.25
08:24:38 PM     all      0.75      0.00     40.50      0.00      0.00      0.50      4.25      0.00      0.00     54.00
08:24:39 PM     all      1.00      0.00     44.11      0.25      0.00      0.50      4.01      0.00      0.00     50.13
08:24:40 PM     all      0.75      0.00     46.23      0.00      0.00      0.25      4.02      0.00      0.00     48.74
08:24:41 PM     all      1.00      0.00     46.12      0.00      0.00      0.50      3.76      0.00      0.00     48.62
08:24:42 PM     all      1.26      0.00     45.73      0.00      0.00      0.50      3.77      0.00      0.00     48.74
08:24:43 PM     all      0.75      0.00     46.23      0.00      0.00      0.50      4.02      0.00      0.00     48.49
08:24:44 PM     all      0.25      0.00     46.72      0.00      0.00      0.51      3.79      0.00      0.00     48.74
08:24:45 PM     all      2.48      0.00     26.73      0.00      0.00      0.50      1.98      0.00      0.00     68.32
08:24:46 PM     all      1.26      0.00     40.30      0.00      0.00      0.00      6.05      0.00      0.00     52.39
08:24:47 PM     all      1.25      0.00     44.00      0.00      0.00      0.50      4.75      0.00      0.00     49.50
08:24:48 PM     all      0.50      0.00     46.88      0.00      0.00      0.50      3.74      0.00      0.00     48.38
08:24:49 PM     all      0.50      0.00     43.92      0.25      0.00      0.50      4.22      0.00      0.00     50.62
08:24:50 PM     all      0.75      0.00     40.00      0.00      0.00      0.50      4.25      0.00      0.00     54.50
08:24:51 PM     all      1.26      0.00     40.15      0.00      0.00      0.25      5.05      0.00      0.00     53.28
08:24:52 PM     all      0.75      0.00     45.86      0.00      0.00      0.50      3.76      0.00      0.00     49.12
08:24:53 PM     all      0.51      0.00     43.29      0.00      0.00      0.25      4.81      0.00      0.00     51.14
08:24:54 PM     all      1.00      0.00     40.40      0.25      0.00      0.25      6.23      0.00      0.00     51.87
08:24:55 PM     all      0.75      0.00     41.15      0.00      0.00      0.50      3.24      0.00      0.00     54.36
08:24:56 PM     all     53.38      0.00     19.80      0.00      0.00      0.75      0.25      0.00      0.00     25.81
08:24:57 PM     all     68.75      0.00     27.25      0.00      0.00      0.50      3.50      0.00      0.00      0.00
08:24:58 PM     all     70.07      0.00     25.94      0.00      0.00      0.50      3.49      0.00      0.00      0.00
08:24:59 PM     all     67.75      0.00     28.50      0.00      0.00      0.75      3.00      0.00      0.00      0.00
08:25:00 PM     all     71.11      0.00     24.62      0.00      0.00      0.50      3.77      0.00      0.00      0.00
08:25:01 PM     all     72.32      0.00     23.44      0.00      0.00      0.75      3.49      0.00      0.00      0.00
08:25:02 PM     all     73.50      0.00     22.25      0.00      0.00      0.50      3.75      0.00      0.00      0.00
08:25:03 PM     all     74.06      0.00     21.45      0.00      0.00      0.75      3.74      0.00      0.00      0.00
08:25:04 PM     all     72.93      0.00     22.81      0.00      0.00      0.50      3.76      0.00      0.00      0.00
08:25:05 PM     all     72.00      0.00     23.25      0.00      0.00      0.75      4.00      0.00      0.00      0.00
08:25:06 PM     all     72.00      0.00     23.50      0.00      0.00      0.75      3.75      0.00      0.00      0.00
08:25:07 PM     all     85.79      0.00     12.97      0.00      0.00      0.75      0.50      0.00      0.00      0.00
08:25:08 PM     all     82.96      0.00     15.79      0.00      0.00      0.75      0.50      0.00      0.00      0.00
08:25:09 PM     all     72.75      0.00     22.50      0.00      0.00      0.75      4.00      0.00      0.00      0.00
08:25:10 PM     all     75.06      0.00     21.45      0.00      0.00      0.75      2.74      0.00      0.00      0.00
08:25:11 PM     all     74.94      0.00     21.30      0.00      0.00      0.75      3.01      0.00      0.00      0.00
08:25:12 PM     all     75.12      0.00     21.39      0.00      0.00      0.75      2.49      0.00      0.00      0.25
08:25:13 PM     all     72.68      0.00     23.56      0.00      0.00      0.75      3.01      0.00      0.00      0.00
08:25:14 PM     all     74.00      0.00     21.75      0.00      0.00      0.75      3.50      0.00      0.00      0.00
08:25:15 PM     all     75.06      0.00     20.45      0.00      0.00      0.75      3.74      0.00      0.00      0.00
08:25:16 PM     all     75.44      0.00     20.30      0.00      0.00      0.50      3.76      0.00      0.00      0.00
08:25:17 PM     all     75.25      0.00     20.50      0.00      0.00      1.00      3.25      0.00      0.00      0.00
08:25:18 PM     all     78.11      0.00     19.15      0.00      0.00      0.75      1.99      0.00      0.00      0.00
08:25:19 PM     all     85.25      0.00     13.75      0.00      0.00      0.75      0.25      0.00      0.00      0.00
08:25:20 PM     all     80.50      0.00     17.00      0.00      0.00      0.75      1.75      0.00      0.00      0.00
08:25:21 PM     all     75.25      0.00     20.25      0.00      0.00      0.75      3.75      0.00      0.00      0.00
08:25:22 PM     all     75.44      0.00     20.30      0.00      0.00      0.50      3.76      0.00      0.00      0.00
08:25:23 PM     all     75.61      0.00     19.76      0.00      0.00      0.98      3.66      0.00      0.00      0.00
08:25:24 PM     all     75.19      0.00     20.55      0.00      0.00      0.50      3.76      0.00      0.00      0.00
08:25:25 PM     all     74.50      0.00     21.00      0.00      0.00      0.75      3.75      0.00      0.00      0.00
08:25:26 PM     all     25.19      0.00     38.54      0.00      0.00      0.50      3.27      0.00      0.00     32.49
08:25:27 PM     all      0.25      0.00     46.50      0.00      0.00      0.75      4.00      0.00      0.00     48.50
08:25:28 PM     all      1.00      0.00     45.86      0.00      0.00      0.25      3.76      0.00      0.00     49.12
08:25:29 PM     all      0.75      0.00     46.13      0.00      0.00      0.50      3.99      0.00      0.00     48.63
08:25:30 PM     all      1.51      0.00     35.68      0.00      0.00      0.50      2.51      0.00      0.00     59.80
08:25:31 PM     all      1.99      0.00     34.58      0.00      0.00      0.50      3.48      0.00      0.00     59.45
08:25:32 PM     all      1.01      0.00     40.20      0.00      0.00      0.00      6.28      0.00      0.00     52.51
08:25:33 PM     all      1.25      0.00     40.25      0.00      0.00      0.25      6.00      0.00      0.00     52.25
08:25:34 PM     all      0.50      0.00     40.55      0.00      0.00      0.50      4.23      0.00      0.00     54.23
08:25:35 PM     all      0.74      0.00     46.15      0.25      0.00      0.50      3.72      0.00      0.00     48.64
08:25:36 PM     all      0.74      0.00     40.59      0.00      0.00      0.25      4.21      0.00      0.00     54.21
08:25:37 PM     all      0.75      0.00     39.85      0.00      0.00      0.50      4.26      0.00      0.00     54.64
08:25:38 PM     all      1.00      0.00     40.00      0.00      0.00      0.25      4.25      0.00      0.00     54.50
08:25:39 PM     all      0.50      0.00     40.35      0.00      0.00      0.50      4.26      0.00      0.00     54.39
08:25:40 PM     all      0.75      0.00     40.80      0.00      0.00      0.25      4.23      0.00      0.00     53.98
08:25:41 PM     all      1.25      0.00     27.32      0.00      0.00      0.25      1.75      0.00      0.00     69.42
08:25:42 PM     all      2.01      0.00     39.35      0.00      0.00      0.50      4.51      0.00      0.00     53.63
08:25:43 PM     all      1.25      0.00     39.10      0.00      0.00      0.25      4.26      0.00      0.00     55.14
08:25:44 PM     all      1.50      0.00     43.39      0.00      0.00      0.50      3.99      0.00      0.00     50.62
08:25:45 PM     all      1.28      0.00     39.80      0.00      0.00      0.26      6.12      0.00      0.00     52.55
08:25:46 PM     all      1.75      0.00     45.50      0.00      0.00      0.50      3.75      0.00      0.00     48.50
08:25:47 PM     all      1.25      0.00     45.64      0.00      0.00      0.50      3.99      0.00      0.00     48.63
08:25:48 PM     all      1.50      0.00     39.25      0.00      0.00      0.25      4.25      0.00      0.00     54.75
08:25:49 PM     all      1.51      0.00     38.94      0.00      0.00      0.50      4.27      0.00      0.00     54.77
08:25:50 PM     all      2.00      0.00     39.00      0.25      0.00      0.25      4.25      0.00      0.00     54.25
08:25:51 PM     all      1.50      0.00     39.65      0.00      0.00      0.50      3.99      0.00      0.00     54.36
08:25:52 PM     all      1.01      0.00     21.01      0.00      0.00      0.25      1.27      0.00      0.00     76.46
08:25:53 PM     all      1.25      0.00     40.75      0.00      0.00      0.25      5.75      0.00      0.00     52.00
08:25:54 PM     all      0.75      0.00     43.86      0.00      0.00      0.50      4.76      0.00      0.00     50.13
08:25:55 PM     all      0.74      0.00     47.16      0.00      0.00      0.25      3.95      0.00      0.00     47.90
08:25:56 PM     all      1.24      0.00     46.78      0.00      0.00      0.50      3.71      0.00      0.00     47.77
08:25:57 PM     all      1.75      0.00     45.64      0.00      0.00      0.50      3.74      0.00      0.00     48.38
08:25:58 PM     all      1.75      0.00     45.89      0.00      0.00      0.50      3.74      0.00      0.00     48.13
08:25:59 PM     all      1.00      0.00     45.86      0.00      0.00      0.50      4.01      0.00      0.00     48.62
08:26:00 PM     all      3.03      0.00     42.93      0.25      0.00      0.51      4.80      0.00      0.00     48.48
08:26:01 PM     all      0.50      0.00     40.95      0.00      0.00      0.00      6.28      0.00      0.00     52.26
08:26:02 PM     all      1.01      0.00     35.68      0.00      0.00      0.50      3.77      0.00      0.00     59.05
08:26:03 PM     all     50.50      0.00     20.10      0.00      0.00      0.50      0.50      0.00      0.00     28.39
08:26:04 PM     all     69.17      0.00     26.82      0.00      0.00      0.50      3.51      0.00      0.00      0.00
08:26:05 PM     all     70.07      0.00     25.69      0.00      0.00      0.75      3.49      0.00      0.00      0.00
08:26:06 PM     all     68.50      0.00     27.00      0.00      0.00      0.75      3.75      0.00      0.00      0.00
08:26:07 PM     all     72.68      0.00     23.06      0.00      0.00      0.50      3.76      0.00      0.00      0.00
08:26:08 PM     all     72.32      0.00     23.44      0.00      0.00      0.75      3.49      0.00      0.00      0.00
08:26:09 PM     all     74.19      0.00     21.80      0.00      0.00      0.50      3.51      0.00      0.00      0.00
08:26:10 PM     all     74.06      0.00     21.70      0.00      0.00      0.75      3.49      0.00      0.00      0.00
08:26:11 PM     all     75.25      0.00     20.50      0.00      0.00      0.50      3.75      0.00      0.00      0.00
08:26:12 PM     all     74.00      0.00     21.50      0.00      0.00      0.75      3.75      0.00      0.00      0.00
08:26:13 PM     all     74.50      0.00     21.25      0.00      0.00      0.75      3.25      0.00      0.00      0.25
08:26:14 PM     all     84.17      0.00     14.82      0.00      0.00      0.75      0.25      0.00      0.00      0.00
08:26:15 PM     all     82.04      0.00     15.21      0.00      0.00      0.75      2.00      0.00      0.00      0.00
08:26:16 PM     all     75.00      0.00     20.50      0.00      0.00      0.75      3.75      0.00      0.00      0.00
08:26:17 PM     all     74.00      0.00     21.25      0.00      0.00      0.75      4.00      0.00      0.00      0.00
08:26:18 PM     all     76.25      0.00     20.75      0.00      0.00      0.75      2.25      0.00      0.00      0.00
08:26:19 PM     all     74.50      0.00     21.50      0.00      0.00      0.75      3.25      0.00      0.00      0.00
08:26:20 PM     all     74.75      0.00     21.25      0.00      0.00      1.00      3.00      0.00      0.00      0.00
08:26:21 PM     all     74.50      0.00     22.00      0.00      0.00      0.50      3.00      0.00      0.00      0.00
08:26:22 PM     all     75.81      0.00     20.45      0.00      0.00      1.00      2.74      0.00      0.00      0.00
08:26:23 PM     all     75.19      0.00     20.55      0.00      0.00      0.50      3.76      0.00      0.00      0.00
08:26:24 PM     all     75.06      0.00     20.45      0.00      0.00      0.75      3.74      0.00      0.00      0.00
08:26:25 PM     all     81.95      0.00     15.54      0.00      0.00      0.75      1.75      0.00      0.00      0.00
08:26:26 PM     all     84.00      0.00     15.00      0.00      0.00      0.75      0.25      0.00      0.00      0.00
08:26:27 PM     all     79.50      0.00     16.75      0.00      0.00      0.75      3.00      0.00      0.00      0.00
08:26:28 PM     all     74.50      0.00     20.75      0.00      0.00      0.75      4.00      0.00      0.00      0.00
08:26:29 PM     all     74.50      0.00     21.00      0.00      0.00      0.75      3.75      0.00      0.00      0.00
08:26:30 PM     all     74.31      0.00     20.95      0.00      0.00      0.75      3.99      0.00      0.00      0.00
08:26:31 PM     all     76.50      0.00     20.75      0.00      0.00      0.50      2.25      0.00      0.00      0.00
08:26:32 PM     all     74.13      0.00     21.64      0.00      0.00      1.00      3.23      0.00      0.00      0.00
08:26:33 PM     all     28.97      0.00     33.75      0.00      0.00      0.50      3.78      0.00      0.00     33.00
08:26:34 PM     all      0.76      0.00     40.40      0.00      0.00      0.51      4.29      0.00      0.00     54.04
08:26:35 PM     all      0.50      0.00     40.70      0.00      0.00      0.25      4.27      0.00      0.00     54.27
08:26:36 PM     all      1.26      0.00     39.70      0.00      0.00      0.50      4.27      0.00      0.00     54.27
08:26:37 PM     all      1.27      0.00     25.89      0.00      0.00      0.25      1.52      0.00      0.00     71.07
08:26:38 PM     all      0.76      0.00     39.34      0.00      0.00      0.25      5.08      0.00      0.00     54.57
08:26:39 PM     all      1.26      0.00     38.64      0.00      0.00      0.51      4.29      0.00      0.00     55.30
08:26:40 PM     all      0.76      0.00     39.34      0.00      0.00      0.25      4.06      0.00      0.00     55.58
08:26:41 PM     all      0.51      0.00     39.14      0.00      0.00      0.51      4.29      0.00      0.00     55.56
08:26:42 PM     all      0.75      0.00     39.70      0.00      0.00      0.25      4.27      0.00      0.00     55.03
08:26:43 PM     all      0.50      0.00     39.70      0.00      0.00      0.50      4.27      0.00      0.00     55.03
08:26:44 PM     all      0.50      0.00     39.80      0.00      0.00      0.25      4.28      0.00      0.00     55.16
08:26:45 PM     all      0.75      0.00     39.70      0.25      0.00      0.50      4.02      0.00      0.00     54.77
08:26:46 PM     all      1.00      0.00     39.60      0.00      0.00      0.25      4.26      0.00      0.00     54.89
08:26:47 PM     all      0.75      0.00     35.84      0.00      0.00      0.50      3.76      0.00      0.00     59.15
08:26:48 PM     all      2.01      0.00     29.40      0.00      0.00      0.25      2.76      0.00      0.00     65.58
08:26:49 PM     all      1.28      0.00     39.03      0.00      0.00      0.26      6.12      0.00      0.00     53.32
08:26:50 PM     all      1.27      0.00     40.10      0.00      0.00      0.25      6.09      0.00      0.00     52.28
08:26:51 PM     all      0.51      0.00     46.46      0.00      0.00      0.51      3.79      0.00      0.00     48.74
08:26:52 PM     all      1.25      0.00     45.61      0.00      0.00      0.50      4.01      0.00      0.00     48.62
08:26:53 PM     all      0.51      0.00     46.21      0.00      0.00      0.51      3.79      0.00      0.00     48.99
08:26:54 PM     all      1.01      0.00     45.98      0.00      0.00      0.50      4.02      0.00      0.00     48.49
08:26:55 PM     all      0.50      0.00     46.10      0.25      0.00      0.50      3.78      0.00      0.00     48.87
08:26:56 PM     all      1.27      0.00     39.24      0.00      0.00      0.25      4.30      0.00      0.00     54.94
08:26:57 PM     all      1.25      0.00     39.85      0.00      0.00      0.50      4.26      0.00      0.00     54.14
08:26:58 PM     all      0.76      0.00     32.15      0.00      0.00      0.51      2.78      0.00      0.00     63.80
08:26:59 PM     all      1.52      0.00     32.74      0.00      0.00      0.00      4.31      0.00      0.00     61.42
08:27:00 PM     all      2.01      0.00     42.46      0.00      0.00      0.50      5.28      0.00      0.00     49.75
08:27:01 PM     all      1.01      0.00     44.97      0.00      0.00      0.25      4.27      0.00      0.00     49.50
08:27:02 PM     all      0.75      0.00     42.96      0.00      0.00      0.50      4.02      0.00      0.00     51.76
08:27:03 PM     all      0.75      0.00     39.35      0.00      0.00      0.50      4.26      0.00      0.00     55.14
08:27:04 PM     all      1.24      0.00     39.30      0.00      0.00      0.25      4.23      0.00      0.00     54.98
08:27:05 PM     all      0.76      0.00     38.89      0.00      0.00      0.51      4.29      0.00      0.00     55.56
08:27:06 PM     all      1.02      0.00     37.91      0.00      0.00      0.25      4.33      0.00      0.00     56.49
08:27:07 PM     all      1.49      0.00     38.81      0.00      0.00      0.50      4.23      0.00      0.00     54.98
08:27:08 PM     all      0.75      0.00     39.10      0.00      0.00      0.25      4.51      0.00      0.00     55.39
08:27:09 PM     all     11.78      0.00     26.32      0.00      0.00      0.50      1.50      0.00      0.00     59.90
08:27:10 PM     all     77.00      0.00     20.50      0.00      0.00      0.75      1.75      0.00      0.00      0.00
08:27:11 PM     all     67.25      0.00     28.50      0.00      0.00      0.50      3.75      0.00      0.00      0.00
08:27:12 PM     all     72.00      0.00     24.25      0.00      0.00      0.50      3.25      0.00      0.00      0.00
08:27:13 PM     all     69.58      0.00     26.43      0.00      0.00      0.75      3.24      0.00      0.00      0.00
08:27:14 PM     all     73.43      0.00     22.81      0.00      0.00      0.50      3.26      0.00      0.00      0.00
08:27:15 PM     all     75.25      0.00     21.00      0.00      0.00      0.75      3.00      0.00      0.00      0.00
08:27:16 PM     all     74.31      0.00     21.70      0.00      0.00      0.75      3.24      0.00      0.00      0.00
08:27:17 PM     all     76.44      0.00     20.30      0.00      0.00      0.50      2.76      0.00      0.00      0.00
08:27:18 PM     all     76.25      0.00     19.50      0.00      0.00      0.75      3.50      0.00      0.00      0.00
08:27:19 PM     all     73.50      0.00     21.75      0.00      0.00      0.75      4.00      0.00      0.00      0.00
08:27:20 PM     all     79.00      0.00     18.00      0.00      0.00      0.75      2.25      0.00      0.00      0.00
08:27:21 PM     all     83.71      0.00     15.29      0.00      0.00      0.75      0.25      0.00      0.00      0.00
08:27:22 PM     all     77.06      0.00     18.70      0.00      0.00      0.75      3.49      0.00      0.00      0.00
08:27:23 PM     all     74.19      0.00     21.55      0.00      0.00      0.50      3.76      0.00      0.00      0.00
08:27:24 PM     all     75.31      0.00     20.20      0.00      0.00      0.75      3.74      0.00      0.00      0.00
08:27:25 PM     all     75.19      0.00     20.80      0.00      0.00      0.75      3.26      0.00      0.00      0.00
08:27:26 PM     all     77.00      0.00     20.25      0.00      0.00      0.75      2.00      0.00      0.00      0.00
08:27:27 PM     all     77.06      0.00     19.95      0.00      0.00      0.75      2.24      0.00      0.00      0.00
08:27:28 PM     all     74.00      0.00     22.00      0.00      0.00      0.75      3.25      0.00      0.00      0.00
08:27:29 PM     all     74.06      0.00     21.95      0.00      0.00      0.75      3.24      0.00      0.00      0.00
08:27:30 PM     all     75.50      0.00     20.50      0.00      0.00      0.75      3.25      0.00      0.00      0.00
08:27:31 PM     all     74.69      0.00     20.80      0.00      0.00      0.75      3.76      0.00      0.00      0.00
08:27:32 PM     all     87.22      0.00     11.78      0.00      0.00      0.75      0.25      0.00      0.00      0.00
08:27:33 PM     all     86.25      0.00     12.50      0.00      0.00      0.75      0.50      0.00      0.00      0.00
08:27:34 PM     all     75.50      0.00     20.00      0.00      0.00      0.75      3.75      0.00      0.00      0.00
08:27:35 PM     all     74.81      0.00     20.70      0.00      0.00      0.75      3.74      0.00      0.00      0.00
08:27:36 PM     all     75.12      0.00     21.14      0.00      0.00      0.75      2.99      0.00      0.00      0.00
08:27:37 PM     all     74.75      0.00     21.25      0.00      0.00      0.75      3.25      0.00      0.00      0.00
08:27:38 PM     all     74.44      0.00     21.80      0.00      0.00      0.75      3.01      0.00      0.00      0.00
08:27:39 PM     all     64.43      0.00     24.63      0.00      0.00      0.75      3.48      0.00      0.00      6.72
08:27:40 PM     all      1.02      0.00     39.85      0.25      0.00      0.51      4.06      0.00      0.00     54.31
08:27:41 PM     all      1.01      0.00     39.95      0.00      0.00      0.25      4.27      0.00      0.00     54.52
08:27:42 PM     all      1.01      0.00     39.39      0.00      0.00      0.51      4.29      0.00      0.00     54.80
08:27:43 PM     all      0.76      0.00     36.62      0.00      0.00      0.25      4.04      0.00      0.00     58.33
08:27:44 PM     all      1.50      0.00     29.50      0.00      0.00      0.50      2.25      0.00      0.00     66.25
08:27:45 PM     all      1.00      0.00     39.50      0.25      0.00      0.25      4.25      0.00      0.00     54.75
08:27:46 PM     all      1.01      0.00     38.69      0.00      0.00      0.50      4.27      0.00      0.00     55.53
08:27:47 PM     all      0.76      0.00     38.48      0.00      0.00      0.51      4.30      0.00      0.00     55.95
08:27:48 PM     all      0.76      0.00     38.89      0.00      0.00      0.25      4.29      0.00      0.00     55.81
08:27:49 PM     all      0.51      0.00     39.34      0.00      0.00      0.51      4.06      0.00      0.00     55.58
08:27:50 PM     all      1.02      0.00     38.68      0.00      0.00      0.51      4.33      0.00      0.00     55.47
08:27:51 PM     all      0.76      0.00     45.59      0.00      0.00      0.25      4.03      0.00      0.00     49.37
08:27:52 PM     all      1.00      0.00     45.36      0.00      0.00      0.50      3.76      0.00      0.00     49.37
08:27:53 PM     all      0.75      0.00     39.65      0.00      0.00      0.50      4.24      0.00      0.00     54.86
08:27:54 PM     all      1.75      0.00     31.58      0.00      0.00      0.25      2.76      0.00      0.00     63.66
08:27:55 PM     all      1.26      0.00     33.59      0.00      0.00      0.25      4.04      0.00      0.00     60.86
08:27:56 PM     all      1.49      0.00     44.53      0.00      0.00      0.50      4.23      0.00      0.00     49.25
08:27:57 PM     all      1.50      0.00     42.86      0.00      0.00      0.50      4.01      0.00      0.00     51.13
08:27:58 PM     all      1.00      0.00     45.75      0.00      0.00      0.50      3.75      0.00      0.00     49.00
08:27:59 PM     all      1.01      0.00     38.89      0.00      0.00      0.25      4.29      0.00      0.00     55.56
08:28:00 PM     all      3.05      0.00     42.13      0.25      0.00      0.25      5.08      0.00      0.00     49.24
08:28:01 PM     all      0.76      0.00     44.84      0.00      0.00      0.50      3.78      0.00      0.00     50.13
08:28:02 PM     all      0.75      0.00     45.89      0.00      0.00      0.50      3.99      0.00      0.00     48.88
08:28:03 PM     all      0.50      0.00     40.55      0.00      0.00      0.25      4.03      0.00      0.00     54.66
08:28:04 PM     all      1.25      0.00     38.85      0.00      0.00      0.50      4.26      0.00      0.00     55.14
08:28:05 PM     all      0.76      0.00     27.71      0.00      0.00      0.25      1.76      0.00      0.00     69.52
08:28:06 PM     all      1.25      0.00     42.00      0.00      0.00      0.50      3.50      0.00      0.00     52.75
08:28:07 PM     all      0.76      0.00     43.83      0.00      0.00      0.50      4.53      0.00      0.00     50.38
08:28:08 PM     all      0.51      0.00     42.89      0.00      0.00      0.25      4.82      0.00      0.00     51.52
08:28:09 PM     all      1.76      0.00     38.94      0.00      0.00      0.25      6.28      0.00      0.00     52.76
08:28:10 PM     all      0.76      0.00     40.81      0.25      0.00      0.25      5.79      0.00      0.00     52.14
08:28:11 PM     all      1.51      0.00     39.45      0.00      0.00      0.25      4.27      0.00      0.00     54.52
08:28:12 PM     all      1.26      0.00     39.04      0.00      0.00      0.50      4.03      0.00      0.00     55.16
08:28:13 PM     all      0.51      0.00     39.90      0.00      0.00      0.25      4.29      0.00      0.00     55.05
08:28:14 PM     all      0.25      0.00     40.10      0.00      0.00      0.25      4.26      0.00      0.00     55.14
08:28:15 PM     all      0.76      0.00     38.99      0.00      0.00      0.51      4.30      0.00      0.00     55.44
08:28:16 PM     all     34.09      0.00     22.31      0.00      0.00      0.50      0.75      0.00      0.00     42.36
08:28:17 PM     all     77.31      0.00     19.95      0.00      0.00      0.75      2.00      0.00      0.00      0.00
08:28:18 PM     all     69.92      0.00     25.81      0.00      0.00      0.50      3.76      0.00      0.00      0.00
08:28:19 PM     all     69.83      0.00     25.94      0.00      0.00      0.75      3.49      0.00      0.00      0.00
08:28:20 PM     all     76.44      0.00     20.55      0.00      0.00      0.50      2.51      0.00      0.00      0.00
08:28:21 PM     all     72.32      0.00     23.44      0.00      0.00      0.75      3.49      0.00      0.00      0.00
08:28:22 PM     all     75.63      0.00     20.60      0.00      0.00      0.50      3.27      0.00      0.00      0.00
08:28:23 PM     all     75.81      0.00     19.95      0.00      0.00      0.75      3.49      0.00      0.00      0.00
08:28:24 PM     all     75.81      0.00     20.20      0.00      0.00      0.75      3.24      0.00      0.00      0.00
Average:        all     33.36      0.00     31.87      0.01      0.00      0.53      3.62      0.00      0.00     30.60
