Linux 4.9.253-tegra (nano-desktop) 	08/16/2023 	_aarch64_	(4 CPU)

07:54:20 PM     CPU      %usr     %nice      %sys   %iowait    %steal      %irq     %soft    %guest    %gnice     %idle
07:54:21 PM     all      0.76      0.00     54.55      0.00      0.00      0.51      4.04      0.00      0.00     40.15
07:54:22 PM     all      0.25      0.00     39.75      0.00      0.00      0.50      4.25      0.00      0.00     55.25
07:54:23 PM     all      1.25      0.00     39.25      0.00      0.00      0.50      4.25      0.00      0.00     54.75
07:54:24 PM     all      0.50      0.00     46.23      0.00      0.00      0.25      4.02      0.00      0.00     48.99
07:54:25 PM     all      0.75      0.00     39.45      0.00      0.00      0.50      4.77      0.00      0.00     54.52
07:54:26 PM     all      1.01      0.00     39.29      0.00      0.00      0.25      4.03      0.00      0.00     55.42
07:54:27 PM     all      0.50      0.00     39.29      0.00      0.00      0.50      4.28      0.00      0.00     55.42
07:54:28 PM     all      1.26      0.00     38.54      0.00      0.00      0.25      4.28      0.00      0.00     55.67
07:54:29 PM     all      0.50      0.00     40.05      0.00      0.00      0.50      4.23      0.00      0.00     54.73
07:54:30 PM     all      1.27      0.00     31.47      0.00      0.00      0.25      2.79      0.00      0.00     64.21
07:54:31 PM     all      1.50      0.00     36.25      0.00      0.00      0.50      3.25      0.00      0.00     58.50
07:54:32 PM     all      1.26      0.00     45.34      0.00      0.00      0.25      3.78      0.00      0.00     49.37
07:54:33 PM     all      0.76      0.00     40.91      0.00      0.00      0.51      4.29      0.00      0.00     53.54
07:54:34 PM     all      0.76      0.00     38.89      0.00      0.00      0.25      4.29      0.00      0.00     55.81
07:54:35 PM     all      0.76      0.00     38.54      0.25      0.00      0.50      4.28      0.00      0.00     55.67
07:54:36 PM     all      0.76      0.00     38.58      0.00      0.00      0.25      4.31      0.00      0.00     56.09
07:54:37 PM     all      1.01      0.00     39.20      0.00      0.00      0.50      4.27      0.00      0.00     55.03
07:54:38 PM     all      0.75      0.00     39.35      0.00      0.00      0.25      4.26      0.00      0.00     55.39
07:54:39 PM     all      1.00      0.00     39.25      0.00      0.00      0.50      4.25      0.00      0.00     55.00
07:54:40 PM     all      0.76      0.00     39.29      0.00      0.00      0.25      4.28      0.00      0.00     55.42
07:54:41 PM     all      1.00      0.00     27.68      0.00      0.00      0.50      1.75      0.00      0.00     69.08
07:54:42 PM     all      1.26      0.00     42.57      0.00      0.00      0.25      4.53      0.00      0.00     51.39
07:54:43 PM     all      1.26      0.00     45.48      0.00      0.00      0.50      3.77      0.00      0.00     48.99
07:54:44 PM     all      0.75      0.00     46.00      0.00      0.00      0.50      4.00      0.00      0.00     48.75
07:54:45 PM     all      0.76      0.00     40.05      0.25      0.00      0.50      4.79      0.00      0.00     53.65
07:54:46 PM     all      1.26      0.00     39.70      0.00      0.00      0.25      4.27      0.00      0.00     54.52
07:54:47 PM     all      1.26      0.00     39.70      0.00      0.00      0.50      4.27      0.00      0.00     54.27
07:54:48 PM     all      1.01      0.00     39.65      0.00      0.00      0.25      4.29      0.00      0.00     54.80
07:54:49 PM     all      0.75      0.00     39.85      0.00      0.00      0.50      4.26      0.00      0.00     54.64
07:54:50 PM     all      0.76      0.00     40.30      0.00      0.00      0.25      4.28      0.00      0.00     54.41
07:54:51 PM     all      1.51      0.00     40.81      0.00      0.00      0.50      4.03      0.00      0.00     53.15
07:54:52 PM     all     41.00      0.00     19.75      0.00      0.00      0.50      0.50      0.00      0.00     38.25
07:54:53 PM     all     76.06      0.00     20.20      0.00      0.00      0.25      3.49      0.00      0.00      0.00
07:54:54 PM     all     64.41      0.00     30.08      0.00      0.00      0.25      4.26      0.00      0.00      1.00
07:54:55 PM     all     75.25      0.00     20.25      0.00      0.00      0.50      4.00      0.00      0.00      0.00
07:54:56 PM     all     68.09      0.00     27.39      0.00      0.00      0.25      3.52      0.00      0.00      0.75
07:54:57 PM     all     76.94      0.00     19.55      0.00      0.00      0.50      3.01      0.00      0.00      0.00
07:54:58 PM     all     71.00      0.00     24.75      0.00      0.00      0.50      3.50      0.00      0.00      0.25
07:54:59 PM     all     74.69      0.00     21.05      0.00      0.00      0.50      3.76      0.00      0.00      0.00
07:55:00 PM     all     67.91      0.00     26.12      0.00      0.00      0.50      3.73      0.00      0.00      1.74
07:55:01 PM     all     74.75      0.00     21.00      0.00      0.00      0.25      4.00      0.00      0.00      0.00
07:55:02 PM     all     71.50      0.00     23.75      0.00      0.00      0.25      4.00      0.00      0.00      0.50
07:55:03 PM     all     82.00      0.00     16.25      0.00      0.00      0.75      0.75      0.00      0.00      0.25
07:55:04 PM     all     65.66      0.00     28.28      0.00      0.00      0.25      3.03      0.00      0.00      2.78
07:55:05 PM     all     72.64      0.00     23.13      0.00      0.00      0.50      3.73      0.00      0.00      0.00
07:55:06 PM     all     65.42      0.00     26.87      0.00      0.00      0.50      3.98      0.00      0.00      3.23
07:55:07 PM     all     73.43      0.00     22.31      0.00      0.00      0.25      4.01      0.00      0.00      0.00
07:55:08 PM     all     69.33      0.00     25.44      0.00      0.00      0.50      3.74      0.00      0.00      1.00
07:55:09 PM     all     75.31      0.00     20.95      0.00      0.00      0.50      3.24      0.00      0.00      0.00
07:55:10 PM     all     68.67      0.00     26.57      0.00      0.00      0.50      3.76      0.00      0.00      0.50
07:55:11 PM     all     69.17      0.00     25.81      0.00      0.00      0.50      3.76      0.00      0.00      0.75
07:55:12 PM     all     74.25      0.00     21.75      0.00      0.00      0.25      3.75      0.00      0.00      0.00
07:55:13 PM     all     73.75      0.00     21.75      0.00      0.00      0.50      3.75      0.00      0.00      0.25
07:55:14 PM     all     74.75      0.00     17.50      0.00      0.00      0.50      1.00      0.00      0.00      6.25
07:55:15 PM     all     74.50      0.00     21.25      0.00      0.00      0.50      3.00      0.00      0.00      0.75
07:55:16 PM     all     71.86      0.00     23.87      0.00      0.00      0.25      3.77      0.00      0.00      0.25
07:55:17 PM     all     75.25      0.00     20.50      0.00      0.00      0.75      3.50      0.00      0.00      0.00
07:55:18 PM     all     67.58      0.00     25.19      0.00      0.00      0.25      3.74      0.00      0.00      3.24
07:55:19 PM     all     75.44      0.00     20.05      0.00      0.00      0.50      4.01      0.00      0.00      0.00
07:55:20 PM     all     69.92      0.00     24.56      0.00      0.00      0.25      4.51      0.00      0.00      0.75
07:55:21 PM     all     74.69      0.00     21.30      0.00      0.00      0.25      3.76      0.00      0.00      0.00
07:55:22 PM     all     47.12      0.00     30.58      0.00      0.00      0.25      4.76      0.00      0.00     17.29
07:55:23 PM     all      0.74      0.00     45.41      0.00      0.00      0.50      3.72      0.00      0.00     49.63
07:55:24 PM     all      1.50      0.00     45.39      0.00      0.00      0.50      3.99      0.00      0.00     48.63
07:55:25 PM     all      1.75      0.00     25.75      0.00      0.00      0.50      1.75      0.00      0.00     70.25
07:55:26 PM     all      0.75      0.00     45.25      0.00      0.00      0.25      4.50      0.00      0.00     49.25
07:55:27 PM     all      0.49      0.00     45.68      0.00      0.00      0.49      4.44      0.00      0.00     48.89
07:55:28 PM     all      1.25      0.00     40.10      0.00      0.00      0.00      6.27      0.00      0.00     52.38
07:55:29 PM     all      1.25      0.00     40.10      0.00      0.00      0.25      6.02      0.00      0.00     52.38
07:55:30 PM     all      0.75      0.00     45.50      0.25      0.00      0.50      4.25      0.00      0.00     48.75
07:55:31 PM     all      1.00      0.00     46.13      0.00      0.00      0.50      3.99      0.00      0.00     48.38
07:55:32 PM     all      0.75      0.00     46.63      0.00      0.00      0.50      3.74      0.00      0.00     48.38
07:55:33 PM     all      1.00      0.00     46.52      0.00      0.00      0.50      3.98      0.00      0.00     48.01
07:55:34 PM     all      0.75      0.00     46.77      0.00      0.00      0.50      3.98      0.00      0.00     48.01
07:55:35 PM     all      0.75      0.00     42.79      0.00      0.00      0.50      3.48      0.00      0.00     52.49
07:55:36 PM     all      1.99      0.00     31.02      0.00      0.00      0.25      2.48      0.00      0.00     64.27
07:55:37 PM     all      1.24      0.00     46.40      0.00      0.00      0.50      3.72      0.00      0.00     48.14
07:55:38 PM     all      0.99      0.00     46.80      0.00      0.00      0.49      3.94      0.00      0.00     47.78
07:55:39 PM     all      0.99      0.00     47.16      0.00      0.00      0.49      3.70      0.00      0.00     47.65
07:55:40 PM     all      0.74      0.00     47.16      0.25      0.00      0.49      3.70      0.00      0.00     47.65
07:55:41 PM     all      0.99      0.00     46.80      0.00      0.00      0.49      3.94      0.00      0.00     47.78
07:55:42 PM     all      0.99      0.00     47.16      0.00      0.00      0.49      3.70      0.00      0.00     47.65
07:55:43 PM     all      0.74      0.00     47.29      0.00      0.00      0.49      3.69      0.00      0.00     47.78
07:55:44 PM     all      0.99      0.00     46.91      0.00      0.00      0.25      3.95      0.00      0.00     47.90
07:55:45 PM     all      0.99      0.00     46.78      0.00      0.00      0.74      3.71      0.00      0.00     47.77
07:55:46 PM     all      1.74      0.00     36.07      0.00      0.00      0.50      2.49      0.00      0.00     59.20
07:55:47 PM     all      1.50      0.00     36.75      0.00      0.00      0.25      3.50      0.00      0.00     58.00
07:55:48 PM     all      0.49      0.00     47.29      0.00      0.00      0.49      3.94      0.00      0.00     47.78
07:55:49 PM     all      1.24      0.00     46.65      0.00      0.00      0.50      3.72      0.00      0.00     47.89
07:55:50 PM     all      0.75      0.00     46.52      0.25      0.00      0.50      3.98      0.00      0.00     48.01
07:55:51 PM     all      0.75      0.00     46.88      0.00      0.00      0.50      3.74      0.00      0.00     48.13
07:55:52 PM     all      1.24      0.00     46.27      0.00      0.00      0.50      3.73      0.00      0.00     48.26
07:55:53 PM     all      0.75      0.00     46.50      0.00      0.00      0.50      3.75      0.00      0.00     48.50
07:55:54 PM     all      0.99      0.00     46.53      0.00      0.00      0.50      3.96      0.00      0.00     48.02
07:55:55 PM     all      0.75      0.00     47.01      0.00      0.00      0.50      3.73      0.00      0.00     48.01
07:55:56 PM     all      1.49      0.00     46.15      0.00      0.00      0.50      3.72      0.00      0.00     48.14
07:55:57 PM     all     18.30      0.00     29.07      0.00      0.00      0.50      1.50      0.00      0.00     50.63
07:55:58 PM     all     82.25      0.00     15.25      0.00      0.00      0.25      2.25      0.00      0.00      0.00
07:55:59 PM     all     71.50      0.00     23.75      0.00      0.00      0.50      3.75      0.00      0.00      0.50
07:56:00 PM     all     69.67      0.00     25.06      0.00      0.00      0.50      3.76      0.00      0.00      1.00
07:56:01 PM     all     72.25      0.00     23.00      0.00      0.00      0.50      3.75      0.00      0.00      0.50
07:56:02 PM     all     70.57      0.00     24.94      0.00      0.00      0.50      3.74      0.00      0.00      0.25
07:56:03 PM     all     70.00      0.00     25.50      0.00      0.00      0.50      3.75      0.00      0.00      0.25
07:56:04 PM     all     70.75      0.00     25.25      0.00      0.00      0.50      3.50      0.00      0.00      0.00
07:56:05 PM     all     74.44      0.00     21.30      0.00      0.00      0.50      3.76      0.00      0.00      0.00
07:56:06 PM     all     70.43      0.00     25.31      0.00      0.00      0.50      3.51      0.00      0.00      0.25
07:56:07 PM     all     74.81      0.00     20.95      0.00      0.00      0.50      3.74      0.00      0.00      0.00
07:56:08 PM     all     74.50      0.00     20.25      0.00      0.00      0.50      1.75      0.00      0.00      3.00
07:56:09 PM     all     79.25      0.00     17.25      0.00      0.00      0.25      3.25      0.00      0.00      0.00
07:56:10 PM     all     72.93      0.00     22.31      0.00      0.00      0.25      4.26      0.00      0.00      0.25
07:56:11 PM     all     72.07      0.00     23.44      0.00      0.00      0.50      3.74      0.00      0.00      0.25
07:56:12 PM     all     74.75      0.00     21.00      0.00      0.00      0.50      3.75      0.00      0.00      0.00
07:56:13 PM     all     74.81      0.00     20.95      0.00      0.00      0.50      3.74      0.00      0.00      0.00
07:56:14 PM     all     73.68      0.00     21.80      0.00      0.00      0.50      3.76      0.00      0.00      0.25
07:56:15 PM     all     74.75      0.00     21.00      0.00      0.00      0.50      3.75      0.00      0.00      0.00
07:56:16 PM     all     73.25      0.00     22.25      0.00      0.00      0.75      3.75      0.00      0.00      0.00
07:56:17 PM     all     73.75      0.00     21.75      0.00      0.00      0.50      3.75      0.00      0.00      0.25
07:56:18 PM     all     74.69      0.00     21.05      0.00      0.00      0.25      4.01      0.00      0.00      0.00
07:56:19 PM     all     79.15      0.00     16.83      0.00      0.00      0.50      1.01      0.00      0.00      2.51
07:56:20 PM     all     76.19      0.00     18.80      0.00      0.00      0.25      3.51      0.00      0.00      1.25
07:56:21 PM     all     73.32      0.00     21.95      0.00      0.00      0.50      3.99      0.00      0.00      0.25
07:56:22 PM     all     73.75      0.00     21.75      0.00      0.00      0.50      3.75      0.00      0.00      0.25
07:56:23 PM     all     69.50      0.00     25.50      0.00      0.00      0.50      3.75      0.00      0.00      0.75
07:56:24 PM     all     74.75      0.00     21.00      0.00      0.00      0.50      3.75      0.00      0.00      0.00
07:56:25 PM     all     74.75      0.00     21.00      0.00      0.00      0.50      3.75      0.00      0.00      0.00
07:56:26 PM     all     71.25      0.00     24.00      0.00      0.00      0.50      3.25      0.00      0.00      1.00
07:56:27 PM     all     69.00      0.00     24.50      0.00      0.00      0.50      3.25      0.00      0.00      2.75
07:56:28 PM     all      2.50      0.00     43.00      0.00      0.00      0.50      4.25      0.00      0.00     49.75
07:56:29 PM     all      0.76      0.00     45.84      0.00      0.00      0.25      3.78      0.00      0.00     49.37
07:56:30 PM     all      2.00      0.00     27.18      0.25      0.00      0.50      1.75      0.00      0.00     68.33
07:56:31 PM     all      0.51      0.00     40.66      0.00      0.00      0.25      6.06      0.00      0.00     52.53
07:56:32 PM     all      1.50      0.00     43.86      0.00      0.00      0.25      4.51      0.00      0.00     49.87
07:56:33 PM     all      0.75      0.00     45.75      0.00      0.00      0.50      4.00      0.00      0.00     49.00
07:56:34 PM     all      1.24      0.00     41.54      0.00      0.00      0.50      3.98      0.00      0.00     52.74
07:56:35 PM     all      1.01      0.00     38.89      0.00      0.00      0.25      4.29      0.00      0.00     55.56
07:56:36 PM     all      0.75      0.00     39.50      0.00      0.00      0.50      4.25      0.00      0.00     55.00
07:56:37 PM     all      1.52      0.00     38.64      0.00      0.00      0.25      4.29      0.00      0.00     55.30
07:56:38 PM     all      0.25      0.00     39.70      0.00      0.00      0.50      4.27      0.00      0.00     55.28
07:56:39 PM     all      1.26      0.00     45.23      0.00      0.00      0.25      3.77      0.00      0.00     49.50
07:56:40 PM     all      1.01      0.00     36.78      0.25      0.00      0.50      4.03      0.00      0.00     57.43
07:56:41 PM     all      1.03      0.00     29.23      0.00      0.00      0.26      2.82      0.00      0.00     66.67
07:56:42 PM     all      0.76      0.00     43.58      0.00      0.00      0.50      4.79      0.00      0.00     50.38
07:56:43 PM     all      0.51      0.00     46.33      0.00      0.00      0.25      3.80      0.00      0.00     49.11
07:56:44 PM     all      0.76      0.00     46.10      0.00      0.00      0.50      3.78      0.00      0.00     48.87
07:56:45 PM     all      0.50      0.00     46.23      0.25      0.00      0.50      4.02      0.00      0.00     48.49
07:56:46 PM     all      1.01      0.00     45.71      0.00      0.00      0.76      3.79      0.00      0.00     48.74
07:56:47 PM     all      1.01      0.00     46.10      0.00      0.00      0.25      4.03      0.00      0.00     48.61
07:56:48 PM     all      1.26      0.00     45.59      0.00      0.00      0.50      3.78      0.00      0.00     48.87
07:56:49 PM     all      1.26      0.00     45.59      0.00      0.00      0.50      3.78      0.00      0.00     48.87
07:56:50 PM     all      0.76      0.00     46.10      0.00      0.00      0.50      4.03      0.00      0.00     48.61
07:56:51 PM     all      1.50      0.00     35.50      0.00      0.00      0.50      2.25      0.00      0.00     60.25
07:56:52 PM     all      1.51      0.00     33.92      0.00      0.00      0.25      3.52      0.00      0.00     60.80
07:56:53 PM     all      0.76      0.00     38.64      0.00      0.00      0.51      4.29      0.00      0.00     55.81
07:56:54 PM     all      0.75      0.00     38.94      0.00      0.00      0.25      4.27      0.00      0.00     55.78
07:56:55 PM     all      0.50      0.00     39.35      0.00      0.00      0.50      4.26      0.00      0.00     55.39
07:56:56 PM     all      0.75      0.00     39.20      0.00      0.00      0.25      4.27      0.00      0.00     55.53
07:56:57 PM     all      0.75      0.00     39.20      0.00      0.00      0.50      4.27      0.00      0.00     55.28
07:56:58 PM     all      0.75      0.00     39.45      0.00      0.00      0.25      4.27      0.00      0.00     55.28
07:56:59 PM     all      0.75      0.00     39.40      0.00      0.00      0.50      4.24      0.00      0.00     55.11
07:57:00 PM     all      2.03      0.00     39.09      0.25      0.00      0.25      4.06      0.00      0.00     54.31
07:57:01 PM     all      0.99      0.00     39.85      0.00      0.00      0.50      4.21      0.00      0.00     54.46
07:57:02 PM     all     19.75      0.00     27.00      0.00      0.00      0.50      1.50      0.00      0.00     51.25
07:57:03 PM     all     83.17      0.00     14.32      0.00      0.00      0.25      2.26      0.00      0.00      0.00
07:57:04 PM     all     70.43      0.00     24.31      0.00      0.00      0.50      4.26      0.00      0.00      0.50
07:57:05 PM     all     74.94      0.00     21.05      0.00      0.00      0.25      3.76      0.00      0.00      0.00
07:57:06 PM     all     68.98      0.00     25.81      0.00      0.00      0.74      3.97      0.00      0.00      0.50
07:57:07 PM     all     75.19      0.00     20.55      0.00      0.00      0.25      4.01      0.00      0.00      0.00
07:57:08 PM     all     70.00      0.00     25.25      0.00      0.00      0.50      3.75      0.00      0.00      0.50
07:57:09 PM     all     74.44      0.00     21.34      0.00      0.00      0.25      3.97      0.00      0.00      0.00
07:57:10 PM     all     69.75      0.00     24.75      0.00      0.00      0.75      3.75      0.00      0.00      1.00
07:57:11 PM     all     74.25      0.00     21.50      0.00      0.00      0.50      3.75      0.00      0.00      0.00
07:57:12 PM     all     72.18      0.00     23.56      0.00      0.00      0.25      3.76      0.00      0.00      0.25
07:57:13 PM     all     78.80      0.00     18.45      0.00      0.00      0.50      1.25      0.00      0.00      1.00
07:57:14 PM     all     79.25      0.00     17.75      0.00      0.00      0.50      2.00      0.00      0.00      0.50
07:57:15 PM     all     73.50      0.00     22.25      0.00      0.00      0.50      3.75      0.00      0.00      0.00
07:57:16 PM     all     71.43      0.00     23.56      0.00      0.00      0.50      3.76      0.00      0.00      0.75
07:57:17 PM     all     74.50      0.00     21.50      0.00      0.00      0.50      3.50      0.00      0.00      0.00
07:57:18 PM     all     75.69      0.00     20.30      0.00      0.00      0.50      3.51      0.00      0.00      0.00
07:57:19 PM     all     74.81      0.00     20.95      0.00      0.00      0.50      3.74      0.00      0.00      0.00
07:57:20 PM     all     71.61      0.00     23.37      0.00      0.00      0.50      3.77      0.00      0.00      0.75
07:57:21 PM     all     74.75      0.00     20.75      0.00      0.00      0.25      4.25      0.00      0.00      0.00
07:57:22 PM     all     62.16      0.00     30.33      0.00      0.00      0.50      4.01      0.00      0.00      3.01
07:57:23 PM     all     74.50      0.00     21.25      0.00      0.00      0.50      3.75      0.00      0.00      0.00
07:57:24 PM     all     74.00      0.00     21.25      0.00      0.00      0.50      1.75      0.00      0.00      2.50
07:57:25 PM     all     80.20      0.00     17.04      0.00      0.00      0.25      2.51      0.00      0.00      0.00
07:57:26 PM     all     69.25      0.00     25.50      0.00      0.00      0.50      4.25      0.00      0.00      0.50
07:57:27 PM     all     74.75      0.00     21.00      0.00      0.00      0.50      3.75      0.00      0.00      0.00
07:57:28 PM     all     70.93      0.00     24.56      0.00      0.00      0.50      3.76      0.00      0.00      0.25
07:57:29 PM     all     76.00      0.00     20.00      0.00      0.00      0.50      3.50      0.00      0.00      0.00
07:57:30 PM     all     73.82      0.00     21.70      0.00      0.00      0.50      3.74      0.00      0.00      0.25
07:57:31 PM     all     74.50      0.00     21.75      0.00      0.00      0.25      3.50      0.00      0.00      0.00
07:57:32 PM     all     66.17      0.00     26.82      0.00      0.00      0.50      3.76      0.00      0.00      2.76
07:57:33 PM     all      2.77      0.00     40.55      0.00      0.00      0.50      4.28      0.00      0.00     51.89
07:57:34 PM     all      1.77      0.00     45.96      0.00      0.00      0.51      3.79      0.00      0.00     47.98
07:57:35 PM     all      1.51      0.00     28.14      0.00      0.00      0.25      1.76      0.00      0.00     68.34
07:57:36 PM     all      1.27      0.00     38.07      0.00      0.00      0.25      6.09      0.00      0.00     54.31
07:57:37 PM     all      1.25      0.00     39.85      0.00      0.00      0.25      6.02      0.00      0.00     52.63
07:57:38 PM     all      1.26      0.00     41.96      0.00      0.00      0.25      5.28      0.00      0.00     51.26
07:57:39 PM     all      0.00      0.00     46.85      0.00      0.00      0.50      3.78      0.00      0.00     48.87
07:57:40 PM     all      1.25      0.00     44.11      0.25      0.00      0.50      4.01      0.00      0.00     49.87
07:57:41 PM     all      1.00      0.00     39.35      0.00      0.00      0.25      4.26      0.00      0.00     55.14
07:57:42 PM     all      1.01      0.00     38.69      0.00      0.00      0.50      4.27      0.00      0.00     55.53
07:57:43 PM     all      1.51      0.00     38.44      0.00      0.00      0.25      4.27      0.00      0.00     55.53
07:57:44 PM     all      0.51      0.00     39.14      0.00      0.00      0.51      4.29      0.00      0.00     55.56
07:57:45 PM     all      0.76      0.00     39.55      0.00      0.00      0.50      4.28      0.00      0.00     54.91
07:57:46 PM     all      2.26      0.00     25.56      0.00      0.00      0.25      1.50      0.00      0.00     70.43
07:57:47 PM     all      0.75      0.00     45.11      0.00      0.00      0.50      4.01      0.00      0.00     49.62
07:57:48 PM     all      1.00      0.00     44.75      0.00      0.00      0.50      4.00      0.00      0.00     49.75
07:57:49 PM     all      1.51      0.00     38.19      0.00      0.00      0.25      4.27      0.00      0.00     55.78
07:57:50 PM     all      1.01      0.00     38.94      0.25      0.00      0.50      4.27      0.00      0.00     55.03
07:57:51 PM     all      0.75      0.00     39.40      0.00      0.00      0.50      4.24      0.00      0.00     55.11
07:57:52 PM     all      0.50      0.00     39.20      0.00      0.00      0.25      4.27      0.00      0.00     55.78
07:57:53 PM     all      1.01      0.00     38.69      0.00      0.00      0.50      4.27      0.00      0.00     55.53
07:57:54 PM     all      0.76      0.00     39.04      0.00      0.00      0.25      4.28      0.00      0.00     55.67
07:57:55 PM     all      0.75      0.00     39.10      0.00      0.00      0.50      4.26      0.00      0.00     55.39
07:57:56 PM     all      1.26      0.00     33.50      0.00      0.00      0.25      3.27      0.00      0.00     61.71
07:57:57 PM     all      2.28      0.00     29.37      0.00      0.00      0.25      3.04      0.00      0.00     65.06
07:57:58 PM     all      0.25      0.00     46.48      0.00      0.00      0.50      4.02      0.00      0.00     48.74
07:57:59 PM     all      1.27      0.00     42.03      0.00      0.00      0.51      5.06      0.00      0.00     51.14
07:58:00 PM     all      1.26      0.00     41.46      0.00      0.00      0.00      6.28      0.00      0.00     51.01
07:58:01 PM     all      1.00      0.00     45.61      0.00      0.00      0.50      3.76      0.00      0.00     49.12
07:58:02 PM     all      1.00      0.00     45.50      0.00      0.00      0.50      4.00      0.00      0.00     49.00
07:58:03 PM     all      1.26      0.00     38.64      0.00      0.00      0.51      4.29      0.00      0.00     55.30
07:58:04 PM     all      1.27      0.00     38.17      0.00      0.00      0.25      4.07      0.00      0.00     56.23
07:58:05 PM     all      1.00      0.00     39.10      0.00      0.00      0.50      4.26      0.00      0.00     55.14
07:58:06 PM     all      0.51      0.00     39.49      0.00      0.00      0.25      4.30      0.00      0.00     55.44
07:58:07 PM     all      2.01      0.00     30.40      0.00      0.00      0.50      2.51      0.00      0.00     64.57
07:58:08 PM     all     83.21      0.00     15.29      0.00      0.00      0.25      1.25      0.00      0.00      0.00
07:58:09 PM     all     72.75      0.00     21.25      0.00      0.00      0.50      4.25      0.00      0.00      1.25
07:58:10 PM     all     62.75      0.00     24.00      0.25      0.00      0.25      4.00      0.00      0.00      8.75
07:58:11 PM     all     75.75      0.00     21.00      0.00      0.00      0.50      2.75      0.00      0.00      0.00
07:58:12 PM     all     66.58      0.00     26.63      0.00      0.00      0.50      3.02      0.00      0.00      3.27
07:58:13 PM     all     74.75      0.00     21.00      0.00      0.00      0.50      3.75      0.00      0.00      0.00
07:58:14 PM     all     66.00      0.00     28.50      0.00      0.00      0.50      3.75      0.00      0.00      1.25
07:58:15 PM     all     74.69      0.00     21.05      0.00      0.00      0.50      3.76      0.00      0.00      0.00
07:58:16 PM     all     69.58      0.00     25.69      0.00      0.00      0.50      3.74      0.00      0.00      0.50
07:58:17 PM     all     74.69      0.00     20.80      0.00      0.00      0.25      4.26      0.00      0.00      0.00
07:58:18 PM     all     74.00      0.00     23.00      0.00      0.00      0.50      2.25      0.00      0.00      0.25
07:58:19 PM     all     77.50      0.00     17.25      0.00      0.00      0.50      2.00      0.00      0.00      2.75
07:58:20 PM     all     71.54      0.00     24.18      0.00      0.00      0.25      3.78      0.00      0.00      0.25
07:58:21 PM     all     72.25      0.00     23.25      0.00      0.00      0.25      4.00      0.00      0.00      0.25
07:58:22 PM     all     75.50      0.00     20.50      0.00      0.00      0.50      3.50      0.00      0.00      0.00
07:58:23 PM     all     71.50      0.00     23.75      0.00      0.00      0.50      3.75      0.00      0.00      0.50
07:58:24 PM     all     74.50      0.00     21.25      0.00      0.00      0.50      3.75      0.00      0.00      0.00
07:58:25 PM     all     74.25      0.00     21.25      0.00      0.00      0.50      3.75      0.00      0.00      0.25
07:58:26 PM     all     73.57      0.00     22.19      0.00      0.00      0.50      3.74      0.00      0.00      0.00
07:58:27 PM     all     72.18      0.00     23.06      0.00      0.00      0.50      3.76      0.00      0.00      0.50
07:58:28 PM     all     75.63      0.00     20.35      0.00      0.00      0.25      3.77      0.00      0.00      0.00
07:58:29 PM     all     79.25      0.00     17.75      0.00      0.00      0.50      2.25      0.00      0.00      0.25
07:58:30 PM     all     83.71      0.00     14.04      0.00      0.00      0.50      1.25      0.00      0.00      0.50
07:58:31 PM     all     68.08      0.00     25.69      0.00      0.00      0.50      3.74      0.00      0.00      2.00
07:58:32 PM     all     74.94      0.00     21.05      0.00      0.00      0.50      3.51      0.00      0.00      0.00
07:58:33 PM     all     70.57      0.00     24.44      0.00      0.00      0.50      3.99      0.00      0.00      0.50
07:58:34 PM     all     75.19      0.00     20.55      0.00      0.00      0.50      3.76      0.00      0.00      0.00
07:58:35 PM     all     69.15      0.00     25.87      0.00      0.00      0.25      4.23      0.00      0.00      0.50
07:58:36 PM     all     75.50      0.00     20.25      0.00      0.00      0.25      4.00      0.00      0.00      0.00
07:58:37 PM     all     74.00      0.00     21.50      0.00      0.00      0.50      3.75      0.00      0.00      0.25
07:58:38 PM     all     16.41      0.00     41.67      0.00      0.00      0.51      4.04      0.00      0.00     37.37
07:58:39 PM     all      1.01      0.00     45.96      0.00      0.00      0.51      3.79      0.00      0.00     48.74
07:58:40 PM     all      0.76      0.00     34.18      0.00      0.00      0.25      3.80      0.00      0.00     61.01
07:58:41 PM     all      1.26      0.00     35.10      0.00      0.00      0.51      3.28      0.00      0.00     59.85
07:58:42 PM     all      0.75      0.00     45.73      0.00      0.00      0.50      3.77      0.00      0.00     49.25
07:58:43 PM     all      1.26      0.00     41.06      0.00      0.00      0.25      5.54      0.00      0.00     51.89
07:58:44 PM     all      0.51      0.00     39.80      0.00      0.00      0.00      6.12      0.00      0.00     53.57
07:58:45 PM     all      1.25      0.00     39.40      0.00      0.00      0.50      4.74      0.00      0.00     54.11
07:58:46 PM     all      1.25      0.00     38.60      0.00      0.00      0.25      4.51      0.00      0.00     55.39
07:58:47 PM     all      0.76      0.00     39.75      0.00      0.00      0.51      4.05      0.00      0.00     54.94
07:58:48 PM     all      0.74      0.00     39.36      0.00      0.00      0.50      4.46      0.00      0.00     54.95
07:58:49 PM     all      0.75      0.00     39.20      0.00      0.00      0.25      4.27      0.00      0.00     55.53
07:58:50 PM     all      0.75      0.00     39.20      0.25      0.00      0.25      4.27      0.00      0.00     55.28
07:58:51 PM     all      1.50      0.00     28.07      0.00      0.00      0.50      1.75      0.00      0.00     68.17
07:58:52 PM     all      1.53      0.00     36.32      0.00      0.00      0.26      5.88      0.00      0.00     56.01
07:58:53 PM     all      0.77      0.00     39.80      0.00      0.00      0.26      6.12      0.00      0.00     53.06
07:58:54 PM     all      1.53      0.00     38.87      0.00      0.00      0.00      6.39      0.00      0.00     53.20
07:58:55 PM     all      1.50      0.00     39.15      0.00      0.00      0.50      4.99      0.00      0.00     53.87
07:58:56 PM     all      1.26      0.00     38.89      0.00      0.00      0.25      4.04      0.00      0.00     55.56
07:58:57 PM     all      0.76      0.00     38.38      0.00      0.00      0.51      4.29      0.00      0.00     56.06
07:58:58 PM     all      1.01      0.00     38.69      0.00      0.00      0.25      4.27      0.00      0.00     55.78
07:58:59 PM     all      0.75      0.00     39.10      0.00      0.00      0.50      4.26      0.00      0.00     55.39
07:59:00 PM     all      2.02      0.00     39.39      0.00      0.00      0.25      4.29      0.00      0.00     54.04
07:59:01 PM     all      0.75      0.00     38.94      0.00      0.00      0.50      4.27      0.00      0.00     55.53
07:59:02 PM     all      1.76      0.00     25.44      0.00      0.00      0.25      2.02      0.00      0.00     70.53
07:59:03 PM     all      1.01      0.00     41.81      0.00      0.00      0.25      5.29      0.00      0.00     51.64
07:59:04 PM     all      1.01      0.00     42.42      0.00      0.00      0.25      5.05      0.00      0.00     51.26
07:59:05 PM     all      0.77      0.00     39.64      0.26      0.00      0.51      4.86      0.00      0.00     53.96
07:59:06 PM     all      0.51      0.00     39.39      0.00      0.00      0.25      4.29      0.00      0.00     55.56
07:59:07 PM     all      0.76      0.00     38.89      0.00      0.00      0.51      4.29      0.00      0.00     55.56
07:59:08 PM     all      0.76      0.00     39.29      0.00      0.00      0.25      4.28      0.00      0.00     55.42
07:59:09 PM     all      1.01      0.00     38.69      0.00      0.00      0.50      4.27      0.00      0.00     55.53
07:59:10 PM     all      0.51      0.00     39.75      0.00      0.00      0.25      4.30      0.00      0.00     55.19
07:59:11 PM     all      0.25      0.00     39.45      0.00      0.00      0.50      4.27      0.00      0.00     55.53
07:59:12 PM     all      0.75      0.00     34.67      0.00      0.00      0.25      3.52      0.00      0.00     60.80
07:59:13 PM     all     61.50      0.00     18.75      0.00      0.00      0.50      0.50      0.00      0.00     18.75
07:59:14 PM     all     73.18      0.00     22.56      0.00      0.00      0.25      4.01      0.00      0.00      0.00
07:59:15 PM     all     63.00      0.00     26.75      0.00      0.00      0.50      3.50      0.00      0.00      6.25
07:59:16 PM     all     75.00      0.00     20.75      0.00      0.00      0.25      4.00      0.00      0.00      0.00
07:59:17 PM     all     56.78      0.00     29.40      0.00      0.00      0.75      3.02      0.00      0.00     10.05
07:59:18 PM     all     74.31      0.00     21.45      0.00      0.00      0.50      3.74      0.00      0.00      0.00
07:59:19 PM     all     65.16      0.00     27.32      0.00      0.00      0.50      3.76      0.00      0.00      3.26
07:59:20 PM     all     72.50      0.00     23.75      0.00      0.00      0.50      3.25      0.00      0.00      0.00
07:59:21 PM     all     74.50      0.00     21.50      0.00      0.00      0.50      3.50      0.00      0.00      0.00
07:59:22 PM     all     70.50      0.00     25.00      0.00      0.00      0.25      3.50      0.00      0.00      0.75
07:59:23 PM     all     76.56      0.00     18.95      0.00      0.00      0.50      3.74      0.00      0.00      0.25
07:59:24 PM     all     78.20      0.00     17.29      0.00      0.00      0.50      0.50      0.00      0.00      3.51
07:59:25 PM     all     70.32      0.00     24.69      0.00      0.00      0.25      4.24      0.00      0.00      0.50
07:59:26 PM     all     72.75      0.00     23.00      0.00      0.00      0.50      3.75      0.00      0.00      0.00
07:59:27 PM     all     71.18      0.00     24.56      0.00      0.00      0.50      3.51      0.00      0.00      0.25
07:59:28 PM     all     72.75      0.00     23.00      0.00      0.00      0.50      3.75      0.00      0.00      0.00
07:59:29 PM     all     73.75      0.00     22.00      0.00      0.00      0.50      3.75      0.00      0.00      0.00
07:59:30 PM     all     74.44      0.00     21.55      0.00      0.00      0.25      3.76      0.00      0.00      0.00
07:59:31 PM     all     74.94      0.00     20.80      0.00      0.00      0.50      3.76      0.00      0.00      0.00
07:59:32 PM     all     71.75      0.00     23.50      0.00      0.00      0.25      4.00      0.00      0.00      0.50
07:59:33 PM     all     73.75      0.00     21.75      0.00      0.00      0.50      4.00      0.00      0.00      0.00
07:59:34 PM     all     77.50      0.00     18.75      0.00      0.00      0.25      3.50      0.00      0.00      0.00
07:59:35 PM     all     77.39      0.00     18.59      0.00      0.00      0.50      0.75      0.00      0.00      2.76
07:59:36 PM     all     73.57      0.00     22.19      0.00      0.00      0.25      3.99      0.00      0.00      0.00
07:59:37 PM     all     71.82      0.00     23.44      0.00      0.00      0.25      4.24      0.00      0.00      0.25
07:59:38 PM     all     68.92      0.00     26.57      0.00      0.00      0.50      4.01      0.00      0.00      0.00
07:59:39 PM     all     74.00      0.00     21.75      0.00      0.00      0.25      4.00      0.00      0.00      0.00
07:59:40 PM     all     68.67      0.00     26.57      0.00      0.00      0.50      3.76      0.00      0.00      0.50
07:59:41 PM     all     72.32      0.00     23.19      0.00      0.00      0.50      3.74      0.00      0.00      0.25
07:59:42 PM     all     70.32      0.00     24.94      0.00      0.00      0.50      3.74      0.00      0.00      0.50
07:59:43 PM     all     29.65      0.00     34.67      0.00      0.00      0.50      4.02      0.00      0.00     31.16
07:59:44 PM     all      1.50      0.00     41.40      0.00      0.00      0.50      3.99      0.00      0.00     52.62
07:59:45 PM     all      0.50      0.00     36.97      0.25      0.00      0.25      3.72      0.00      0.00     58.31
07:59:46 PM     all      1.99      0.00     32.59      0.00      0.00      0.50      2.24      0.00      0.00     62.69
07:59:47 PM     all      0.50      0.00     44.47      0.00      0.00      0.50      4.02      0.00      0.00     50.50
07:59:48 PM     all      0.99      0.00     39.85      0.00      0.00      0.25      4.21      0.00      0.00     54.70
07:59:49 PM     all      1.00      0.00     39.30      0.00      0.00      0.50      4.23      0.00      0.00     54.98
07:59:50 PM     all      1.00      0.00     44.86      0.00      0.00      0.25      4.01      0.00      0.00     49.87
07:59:51 PM     all      0.75      0.00     44.75      0.00      0.00      0.50      4.00      0.00      0.00     50.00
07:59:52 PM     all      1.75      0.00     44.50      0.00      0.00      0.50      3.75      0.00      0.00     49.50
07:59:53 PM     all      0.50      0.00     45.27      0.00      0.00      0.50      3.98      0.00      0.00     49.75
07:59:54 PM     all      0.50      0.00     40.10      0.00      0.00      0.25      4.26      0.00      0.00     54.89
07:59:55 PM     all      0.50      0.00     40.05      0.00      0.00      0.50      4.23      0.00      0.00     54.73
07:59:56 PM     all      0.99      0.00     27.97      0.00      0.00      0.25      2.48      0.00      0.00     68.32
07:59:57 PM     all      1.51      0.00     31.23      0.00      0.00      0.25      4.03      0.00      0.00     62.97
07:59:58 PM     all      1.00      0.00     38.90      0.00      0.00      0.50      4.24      0.00      0.00     55.36
07:59:59 PM     all      1.25      0.00     39.10      0.00      0.00      0.25      4.26      0.00      0.00     55.14
08:00:00 PM     all      2.50      0.00     39.25      0.25      0.00      0.50      4.25      0.00      0.00     53.25
08:00:01 PM     all      1.99      0.00     38.81      0.00      0.00      0.25      4.23      0.00      0.00     54.73
08:00:02 PM     all      1.23      0.00     39.66      0.00      0.00      0.49      4.19      0.00      0.00     54.43
08:00:03 PM     all      1.26      0.00     38.79      0.00      0.00      0.25      4.28      0.00      0.00     55.42
08:00:04 PM     all      1.48      0.00     39.26      0.00      0.00      0.49      4.20      0.00      0.00     54.57
08:00:05 PM     all      1.99      0.00     38.56      0.00      0.00      0.50      4.23      0.00      0.00     54.73
08:00:06 PM     all      1.75      0.00     39.15      0.00      0.00      0.25      3.99      0.00      0.00     54.86
08:00:07 PM     all      1.24      0.00     29.03      0.00      0.00      0.25      2.23      0.00      0.00     67.25
08:00:08 PM     all      1.78      0.00     35.03      0.00      0.00      0.25      5.08      0.00      0.00     57.87
08:00:09 PM     all      2.00      0.00     44.89      0.00      0.00      0.50      3.99      0.00      0.00     48.63
08:00:10 PM     all      1.27      0.00     39.24      0.25      0.00      0.25      6.08      0.00      0.00     52.91
08:00:11 PM     all      0.76      0.00     39.75      0.00      0.00      0.25      6.08      0.00      0.00     53.16
08:00:12 PM     all      2.73      0.00     38.46      0.00      0.00      0.25      4.22      0.00      0.00     54.34
08:00:13 PM     all      1.47      0.00     39.71      0.00      0.00      0.49      4.17      0.00      0.00     54.17
08:00:14 PM     all      1.75      0.00     38.35      0.00      0.00      0.25      4.26      0.00      0.00     55.39
08:00:15 PM     all      1.50      0.00     39.00      0.00      0.00      0.25      4.25      0.00      0.00     55.00
08:00:16 PM     all      1.50      0.00     38.40      0.00      0.00      0.50      4.24      0.00      0.00     55.36
08:00:17 PM     all      0.50      0.00     39.35      0.00      0.00      0.50      4.26      0.00      0.00     55.39
08:00:18 PM     all     31.83      0.00     21.55      0.00      0.00      0.50      1.00      0.00      0.00     45.11
08:00:19 PM     all     81.25      0.00     16.00      0.00      0.00      0.25      2.50      0.00      0.00      0.00
08:00:20 PM     all     67.00      0.00     28.00      0.00      0.00      0.50      4.00      0.00      0.00      0.50
08:00:21 PM     all     77.19      0.00     19.05      0.00      0.00      0.25      3.51      0.00      0.00      0.00
08:00:22 PM     all     70.35      0.00     24.12      0.00      0.00      0.25      4.02      0.00      0.00      1.26
08:00:23 PM     all     74.81      0.00     20.95      0.00      0.00      0.50      3.74      0.00      0.00      0.00
08:00:24 PM     all     71.18      0.00     24.06      0.00      0.00      0.50      3.76      0.00      0.00      0.50
08:00:25 PM     all     73.57      0.00     22.19      0.00      0.00      0.50      3.74      0.00      0.00      0.00
08:00:26 PM     all     73.25      0.00     22.00      0.00      0.00      0.25      4.25      0.00      0.00      0.25
08:00:27 PM     all     72.50      0.00     23.00      0.00      0.00      0.50      3.50      0.00      0.00      0.50
08:00:28 PM     all     74.69      0.00     21.05      0.00      0.00      0.50      3.76      0.00      0.00      0.00
08:00:29 PM     all     76.88      0.00     20.35      0.00      0.00      0.50      1.76      0.00      0.00      0.50
08:00:30 PM     all     81.45      0.00     15.54      0.00      0.00      0.25      1.75      0.00      0.00      1.00
08:00:31 PM     all     73.68      0.00     20.80      0.00      0.00      0.50      3.01      0.00      0.00      2.01
08:00:32 PM     all     67.41      0.00     25.12      0.00      0.00      0.50      3.73      0.00      0.00      3.23
08:00:33 PM     all     74.37      0.00     21.36      0.00      0.00      0.25      3.77      0.00      0.00      0.25
08:00:34 PM     all     72.64      0.00     22.89      0.00      0.00      0.50      3.73      0.00      0.00      0.25
08:00:35 PM     all     73.50      0.00     22.00      0.00      0.00      0.50      3.75      0.00      0.00      0.25
08:00:36 PM     all     72.75      0.00     22.75      0.00      0.00      0.50      3.75      0.00      0.00      0.25
08:00:37 PM     all     69.83      0.00     25.44      0.00      0.00      0.50      3.49      0.00      0.00      0.75
08:00:38 PM     all     75.00      0.00     20.75      0.00      0.00      0.50      3.75      0.00      0.00      0.00
08:00:39 PM     all     75.63      0.00     20.35      0.00      0.00      0.50      3.52      0.00      0.00      0.00
08:00:40 PM     all     72.43      0.00     22.31      0.00      0.00      0.25      2.51      0.00      0.00      2.51
08:00:41 PM     all     81.30      0.00     16.46      0.00      0.00      0.50      1.75      0.00      0.00      0.00
08:00:42 PM     all     69.10      0.00     24.12      0.00      0.00      0.50      4.27      0.00      0.00      2.01
08:00:43 PM     all     74.94      0.00     21.05      0.00      0.00      0.25      3.76      0.00      0.00      0.00
08:00:44 PM     all     71.00      0.00     24.00      0.00      0.00      0.75      3.75      0.00      0.00      0.50
08:00:45 PM     all     74.00      0.00     21.50      0.00      0.00      0.50      3.75      0.00      0.00      0.25
08:00:46 PM     all     70.57      0.00     24.69      0.00      0.00      0.50      3.99      0.00      0.00      0.25
08:00:47 PM     all     75.31      0.00     20.40      0.00      0.00      0.25      3.53      0.00      0.00      0.50
08:00:48 PM     all     63.09      0.00     25.19      0.00      0.00      0.75      3.74      0.00      0.00      7.23
08:00:49 PM     all      1.52      0.00     41.37      0.00      0.00      0.25      4.31      0.00      0.00     52.54
08:00:50 PM     all      1.76      0.00     45.34      0.00      0.00      0.50      3.78      0.00      0.00     48.61
08:00:51 PM     all      1.00      0.00     36.50      0.00      0.00      0.50      2.75      0.00      0.00     59.25
08:00:52 PM     all      1.52      0.00     33.16      0.00      0.00      0.25      4.05      0.00      0.00     61.01
08:00:53 PM     all      0.75      0.00     45.39      0.25      0.00      0.50      4.24      0.00      0.00     48.88
08:00:54 PM     all      0.76      0.00     41.31      0.00      0.00      0.50      4.03      0.00      0.00     53.40
08:00:55 PM     all      0.75      0.00     39.50      0.00      0.00      0.25      4.25      0.00      0.00     55.25
08:00:56 PM     all      0.50      0.00     39.50      0.00      0.00      0.50      4.25      0.00      0.00     55.25
08:00:57 PM     all      1.01      0.00     39.04      0.00      0.00      0.25      4.28      0.00      0.00     55.42
08:00:58 PM     all      0.75      0.00     39.80      0.00      0.00      0.50      4.23      0.00      0.00     54.73
08:00:59 PM     all      1.25      0.00     44.50      0.00      0.00      0.25      4.00      0.00      0.00     50.00
08:01:00 PM     all      2.02      0.00     42.68      0.25      0.00      0.51      4.04      0.00      0.00     50.51
08:01:01 PM     all      1.00      0.00     39.55      0.00      0.00      0.25      4.23      0.00      0.00     54.98
08:01:02 PM     all      1.26      0.00     27.39      0.00      0.00      0.50      1.76      0.00      0.00     69.10
08:01:03 PM     all      1.27      0.00     41.27      0.00      0.00      0.51      5.06      0.00      0.00     51.90
08:01:04 PM     all      1.51      0.00     45.23      0.00      0.00      0.50      4.02      0.00      0.00     48.74
08:01:05 PM     all      0.25      0.00     42.86      0.25      0.00      0.25      5.26      0.00      0.00     51.13
08:01:06 PM     all      0.76      0.00     40.36      0.00      0.00      0.25      5.84      0.00      0.00     52.79
08:01:07 PM     all      1.51      0.00     39.80      0.00      0.00      0.00      6.05      0.00      0.00     52.64
08:01:08 PM     all      1.01      0.00     40.00      0.00      0.00      0.51      4.56      0.00      0.00     53.92
08:01:09 PM     all      1.01      0.00     39.04      0.00      0.00      0.25      4.28      0.00      0.00     55.42
08:01:10 PM     all      0.50      0.00     40.10      0.00      0.00      0.50      4.01      0.00      0.00     54.89
08:01:11 PM     all      1.01      0.00     38.94      0.00      0.00      0.25      4.27      0.00      0.00     55.53
08:01:12 PM     all      0.76      0.00     38.54      0.00      0.00      0.50      4.53      0.00      0.00     55.67
08:01:13 PM     all      1.77      0.00     22.47      0.00      0.00      0.25      1.52      0.00      0.00     73.99
08:01:14 PM     all      1.01      0.00     40.81      0.00      0.00      0.50      4.53      0.00      0.00     53.15
08:01:15 PM     all      0.75      0.00     39.60      0.25      0.00      0.25      4.26      0.00      0.00     54.89
08:01:16 PM     all      0.76      0.00     38.64      0.00      0.00      0.51      4.29      0.00      0.00     55.81
08:01:17 PM     all      1.01      0.00     39.20      0.00      0.00      0.25      4.27      0.00      0.00     55.28
08:01:18 PM     all      1.01      0.00     38.23      0.00      0.00      0.51      4.30      0.00      0.00     55.95
08:01:19 PM     all      0.50      0.00     40.25      0.00      0.00      0.25      4.25      0.00      0.00     54.75
08:01:20 PM     all      1.25      0.00     39.00      0.00      0.00      0.50      4.25      0.00      0.00     55.00
08:01:21 PM     all      0.75      0.00     40.00      0.00      0.00      0.25      4.25      0.00      0.00     54.75
08:01:22 PM     all      0.50      0.00     40.00      0.00      0.00      0.50      4.00      0.00      0.00     55.00
08:01:23 PM     all      0.76      0.00     35.26      0.00      0.00      0.25      3.78      0.00      0.00     59.95
08:01:24 PM     all     56.14      0.00     16.29      0.00      0.00      0.50      0.25      0.00      0.00     26.82
08:01:25 PM     all     76.25      0.00     19.50      0.00      0.00      0.25      4.00      0.00      0.00      0.00
08:01:26 PM     all     66.08      0.00     28.64      0.00      0.00      0.50      4.02      0.00      0.00      0.75
08:01:27 PM     all     75.25      0.00     20.50      0.00      0.00      0.25      3.75      0.00      0.00      0.25
08:01:28 PM     all     68.84      0.00     26.13      0.00      0.00      0.50      3.77      0.00      0.00      0.75
08:01:29 PM     all     76.19      0.00     19.55      0.00      0.00      0.25      4.01      0.00      0.00      0.00
08:01:30 PM     all     73.43      0.00     22.31      0.00      0.00      0.50      3.26      0.00      0.00      0.50
08:01:31 PM     all     75.00      0.00     20.75      0.00      0.00      0.50      3.75      0.00      0.00      0.00
08:01:32 PM     all     71.57      0.00     23.44      0.00      0.00      0.50      3.74      0.00      0.00      0.75
08:01:33 PM     all     74.75      0.00     21.00      0.00      0.00      0.50      3.75      0.00      0.00      0.00
08:01:34 PM     all     73.25      0.00     22.25      0.00      0.00      0.50      3.50      0.00      0.00      0.50
08:01:35 PM     all     83.75      0.00     14.25      0.00      0.00      0.50      0.25      0.00      0.00      1.25
08:01:36 PM     all     73.43      0.00     22.06      0.00      0.00      0.50      3.51      0.00      0.00      0.50
08:01:37 PM     all     74.56      0.00     21.20      0.00      0.00      0.50      3.74      0.00      0.00      0.00
08:01:38 PM     all     73.12      0.00     22.36      0.00      0.00      0.50      3.77      0.00      0.00      0.25
08:01:39 PM     all     73.50      0.00     22.25      0.00      0.00      0.50      3.75      0.00      0.00      0.00
08:01:40 PM     all     74.31      0.00     21.20      0.00      0.00      0.50      3.74      0.00      0.00      0.25
08:01:41 PM     all     68.67      0.00     26.57      0.00      0.00      0.50      3.76      0.00      0.00      0.50
08:01:42 PM     all     75.19      0.00     20.80      0.00      0.00      0.50      3.26      0.00      0.00      0.25
08:01:43 PM     all     67.50      0.00     27.25      0.00      0.00      0.25      4.00      0.00      0.00      1.00
08:01:44 PM     all     71.03      0.00     23.68      0.00      0.00      0.76      3.78      0.00      0.00      0.76
08:01:45 PM     all     74.31      0.00     21.45      0.00      0.00      0.50      3.74      0.00      0.00      0.00
08:01:46 PM     all     72.61      0.00     16.58      0.00      0.00      0.50      0.50      0.00      0.00      9.80
08:01:47 PM     all     77.31      0.00     17.96      0.00      0.00      0.25      3.74      0.00      0.00      0.75
08:01:48 PM     all     68.75      0.00     26.00      0.00      0.00      0.50      3.75      0.00      0.00      1.00
08:01:49 PM     all     74.81      0.00     20.95      0.00      0.00      0.50      3.74      0.00      0.00      0.00
08:01:50 PM     all     68.67      0.00     25.06      0.00      0.00      0.50      3.76      0.00      0.00      2.01
08:01:51 PM     all     72.86      0.00     22.86      0.00      0.00      0.25      3.77      0.00      0.00      0.25
08:01:52 PM     all     74.63      0.00     21.14      0.00      0.00      0.50      3.73      0.00      0.00      0.00
08:01:53 PM     all     74.56      0.00     21.20      0.00      0.00      0.50      3.24      0.00      0.00      0.50
08:01:54 PM     all     41.58      0.00     30.61      0.00      0.00      0.51      3.83      0.00      0.00     23.47
08:01:55 PM     all      0.75      0.00     45.86      0.00      0.00      0.50      4.01      0.00      0.00     48.87
08:01:56 PM     all      1.25      0.00     43.86      0.00      0.00      0.50      4.01      0.00      0.00     50.38
08:01:57 PM     all      1.53      0.00     24.68      0.00      0.00      0.25      1.78      0.00      0.00     71.76
08:01:58 PM     all      1.26      0.00     42.17      0.00      0.00      0.51      4.55      0.00      0.00     51.52
08:01:59 PM     all      0.76      0.00     39.04      0.00      0.00      0.25      4.28      0.00      0.00     55.67
08:02:00 PM     all      1.75      0.00     40.00      0.25      0.00      0.50      4.25      0.00      0.00     53.25
08:02:01 PM     all      0.75      0.00     39.80      0.00      0.00      0.25      4.48      0.00      0.00     54.73
08:02:02 PM     all      1.26      0.00     37.88      0.00      0.00      0.51      4.29      0.00      0.00     56.06
08:02:03 PM     all      0.76      0.00     38.89      0.00      0.00      0.25      4.29      0.00      0.00     55.81
08:02:04 PM     all      1.00      0.00     39.40      0.00      0.00      0.50      4.24      0.00      0.00     54.86
08:02:05 PM     all      0.76      0.00     39.14      0.00      0.00      0.25      4.29      0.00      0.00     55.56
08:02:06 PM     all      0.51      0.00     38.64      0.00      0.00      0.51      4.29      0.00      0.00     56.06
08:02:07 PM     all      0.76      0.00     34.51      0.00      0.00      0.25      3.53      0.00      0.00     60.96
08:02:08 PM     all      1.50      0.00     33.00      0.00      0.00      0.50      2.25      0.00      0.00     62.75
08:02:09 PM     all      0.51      0.00     38.73      0.00      0.00      0.25      4.30      0.00      0.00     56.20
08:02:10 PM     all      0.75      0.00     38.85      0.25      0.00      0.50      4.26      0.00      0.00     55.39
08:02:11 PM     all      0.75      0.00     39.40      0.00      0.00      0.25      4.24      0.00      0.00     55.36
08:02:12 PM     all      1.52      0.00     37.56      0.00      0.00      0.51      4.31      0.00      0.00     56.09
08:02:13 PM     all      1.01      0.00     38.69      0.00      0.00      0.25      4.27      0.00      0.00     55.78
08:02:14 PM     all      1.00      0.00     39.10      0.00      0.00      0.50      4.01      0.00      0.00     55.39
08:02:15 PM     all      0.51      0.00     38.78      0.00      0.00      0.26      4.34      0.00      0.00     56.12
08:02:16 PM     all      0.25      0.00     39.40      0.00      0.00      0.50      4.24      0.00      0.00     55.61
08:02:17 PM     all      0.76      0.00     38.89      0.00      0.00      0.25      4.29      0.00      0.00     55.81
08:02:18 PM     all      1.01      0.00     30.23      0.00      0.00      0.50      2.52      0.00      0.00     65.74
08:02:19 PM     all      1.52      0.00     39.39      0.00      0.00      0.51      3.03      0.00      0.00     55.56
08:02:20 PM     all      1.00      0.00     46.00      0.25      0.00      0.50      4.00      0.00      0.00     48.25
08:02:21 PM     all      1.27      0.00     45.57      0.00      0.00      0.25      4.05      0.00      0.00     48.86
08:02:22 PM     all      1.26      0.00     45.48      0.00      0.00      0.50      4.02      0.00      0.00     48.74
08:02:23 PM     all      0.51      0.00     46.08      0.00      0.00      0.51      3.80      0.00      0.00     49.11
08:02:24 PM     all      1.26      0.00     45.48      0.00      0.00      0.50      4.02      0.00      0.00     48.74
08:02:25 PM     all      1.52      0.00     45.20      0.00      0.00      0.51      4.04      0.00      0.00     48.74
08:02:26 PM     all      0.75      0.00     45.98      0.00      0.00      0.50      4.02      0.00      0.00     48.74
08:02:27 PM     all      0.51      0.00     46.21      0.00      0.00      0.51      4.04      0.00      0.00     48.74
08:02:28 PM     all      1.25      0.00     45.61      0.00      0.00      0.50      4.01      0.00      0.00     48.62
08:02:29 PM     all     25.44      0.00     24.18      0.00      0.00      0.50      1.01      0.00      0.00     48.87
08:02:30 PM     all     80.50      0.00     16.75      0.00      0.00      0.25      2.50      0.00      0.00      0.00
08:02:31 PM     all     61.56      0.00     27.14      0.00      0.00      0.25      4.52      0.00      0.00      6.53
08:02:32 PM     all     75.75      0.00     20.00      0.00      0.00      0.50      3.75      0.00      0.00      0.00
08:02:33 PM     all     68.67      0.00     23.81      0.00      0.00      0.25      4.26      0.00      0.00      3.01
08:02:34 PM     all     71.82      0.00     23.19      0.00      0.00      0.25      3.74      0.00      0.00      1.00
08:02:35 PM     all     73.00      0.00     22.00      0.00      0.00      0.50      4.00      0.00      0.00      0.50
08:02:36 PM     all     75.19      0.00     20.80      0.00      0.00      0.50      3.51      0.00      0.00      0.00
08:02:37 PM     all     72.32      0.00     22.69      0.00      0.00      0.50      3.74      0.00      0.00      0.75
08:02:38 PM     all     74.75      0.00     21.00      0.00      0.00      0.50      3.75      0.00      0.00      0.00
08:02:39 PM     all     75.25      0.00     20.75      0.00      0.00      0.50      3.50      0.00      0.00      0.00
08:02:40 PM     all     74.87      0.00     23.12      0.00      0.00      0.50      1.51      0.00      0.00      0.00
08:02:41 PM     all     82.00      0.00     15.50      0.00      0.00      0.25      2.25      0.00      0.00      0.00
08:02:42 PM     all     74.75      0.00     21.00      0.00      0.00      0.25      4.00      0.00      0.00      0.00
08:02:43 PM     all     74.81      0.00     20.45      0.00      0.00      0.50      4.24      0.00      0.00      0.00
08:02:44 PM     all     74.44      0.00     21.30      0.00      0.00      0.25      3.76      0.00      0.00      0.25
08:02:45 PM     all     73.75      0.00     21.75      0.00      0.00      0.75      3.75      0.00      0.00      0.00
08:02:46 PM     all     69.85      0.00     24.62      0.00      0.00      0.50      4.02      0.00      0.00      1.01
08:02:47 PM     all     74.44      0.00     21.55      0.00      0.00      0.50      3.51      0.00      0.00      0.00
08:02:48 PM     all     71.07      0.00     23.44      0.00      0.00      0.50      4.49      0.00      0.00      0.50
08:02:49 PM     all     71.50      0.00     24.00      0.00      0.00      0.25      3.75      0.00      0.00      0.50
08:02:50 PM     all     74.06      0.00     21.45      0.00      0.00      0.75      3.74      0.00      0.00      0.00
08:02:51 PM     all     75.88      0.00     20.85      0.00      0.00      0.50      2.01      0.00      0.00      0.75
08:02:52 PM     all     76.50      0.00     17.00      0.00      0.00      0.25      2.00      0.00      0.00      4.25
08:02:53 PM     all     71.43      0.00     24.31      0.00      0.00      0.50      3.26      0.00      0.00      0.50
08:02:54 PM     all     72.50      0.00     23.00      0.00      0.00      0.50      3.25      0.00      0.00      0.75
08:02:55 PM     all     70.50      0.00     24.75      0.00      0.00      0.50      3.75      0.00      0.00      0.50
08:02:56 PM     all     74.25      0.00     21.50      0.00      0.00      0.50      3.75      0.00      0.00      0.00
08:02:57 PM     all     68.66      0.00     25.62      0.00      0.00      0.50      3.48      0.00      0.00      1.74
08:02:58 PM     all     75.44      0.00     20.30      0.00      0.00      0.25      4.01      0.00      0.00      0.00
08:02:59 PM     all     61.40      0.00     28.82      0.00      0.00      0.50      3.76      0.00      0.00      5.51
08:03:00 PM     all      1.76      0.00     41.56      0.00      0.00      0.50      4.28      0.00      0.00     51.89
08:03:01 PM     all      1.25      0.00     40.50      0.00      0.00      0.25      4.25      0.00      0.00     53.75
08:03:02 PM     all      1.00      0.00     31.33      0.00      0.00      0.50      2.51      0.00      0.00     64.66
08:03:03 PM     all      1.26      0.00     37.94      0.00      0.00      0.25      3.27      0.00      0.00     57.29
08:03:04 PM     all      1.26      0.00     45.23      0.00      0.00      0.50      3.77      0.00      0.00     49.25
08:03:05 PM     all      0.75      0.00     45.64      0.25      0.00      0.50      3.99      0.00      0.00     48.88
08:03:06 PM     all      1.26      0.00     43.22      0.00      0.00      0.50      4.77      0.00      0.00     50.25
08:03:07 PM     all      1.01      0.00     41.92      0.00      0.00      0.25      5.30      0.00      0.00     51.52
08:03:08 PM     all      0.25      0.00     45.84      0.00      0.00      0.50      4.03      0.00      0.00     49.37
08:03:09 PM     all      1.26      0.00     41.41      0.00      0.00      0.25      4.04      0.00      0.00     53.03
08:03:10 PM     all      1.50      0.00     38.75      0.00      0.00      0.50      4.25      0.00      0.00     55.00
08:03:11 PM     all      0.76      0.00     38.83      0.00      0.00      0.25      4.31      0.00      0.00     55.84
08:03:12 PM     all      1.25      0.00     38.85      0.00      0.00      0.50      4.26      0.00      0.00     55.14
08:03:13 PM     all      2.00      0.00     26.25      0.00      0.00      0.25      1.50      0.00      0.00     70.00
08:03:14 PM     all      1.01      0.00     44.33      0.00      0.00      0.50      4.53      0.00      0.00     49.62
08:03:15 PM     all      1.01      0.00     45.23      0.25      0.00      0.50      4.02      0.00      0.00     48.99
08:03:16 PM     all      0.50      0.00     43.18      0.00      0.00      0.25      5.21      0.00      0.00     50.87
08:03:17 PM     all      1.78      0.00     40.20      0.00      0.00      0.25      5.60      0.00      0.00     52.16
08:03:18 PM     all      1.26      0.00     39.65      0.00      0.00      0.25      6.06      0.00      0.00     52.78
08:03:19 PM     all      1.26      0.00     40.40      0.00      0.00      0.25      6.06      0.00      0.00     52.02
08:03:20 PM     all      0.76      0.00     43.40      0.00      0.00      0.25      4.82      0.00      0.00     50.76
08:03:21 PM     all      0.76      0.00     41.81      0.00      0.00      0.50      4.28      0.00      0.00     52.64
08:03:22 PM     all      0.76      0.00     38.83      0.00      0.00      0.25      4.06      0.00      0.00     56.09
08:03:23 PM     all      0.51      0.00     36.87      0.00      0.00      0.51      4.04      0.00      0.00     58.08
08:03:24 PM     all      2.03      0.00     27.16      0.00      0.00      0.25      2.54      0.00      0.00     68.02
08:03:25 PM     all      0.51      0.00     39.59      0.00      0.00      0.25      5.33      0.00      0.00     54.31
08:03:26 PM     all      0.50      0.00     39.75      0.00      0.00      0.25      4.25      0.00      0.00     55.25
08:03:27 PM     all      0.50      0.00     39.04      0.00      0.00      0.50      4.28      0.00      0.00     55.67
08:03:28 PM     all      0.75      0.00     39.10      0.00      0.00      0.25      4.26      0.00      0.00     55.64
08:03:29 PM     all      0.50      0.00     39.10      0.00      0.00      0.50      4.26      0.00      0.00     55.64
08:03:30 PM     all      1.51      0.00     38.29      0.25      0.00      0.25      4.28      0.00      0.00     55.42
08:03:31 PM     all      0.25      0.00     39.20      0.00      0.00      0.50      4.27      0.00      0.00     55.78
08:03:32 PM     all      1.01      0.00     39.29      0.00      0.00      0.25      4.03      0.00      0.00     55.42
08:03:33 PM     all      0.76      0.00     38.79      0.00      0.00      0.50      4.28      0.00      0.00     55.67
08:03:34 PM     all      1.25      0.00     32.50      0.00      0.00      0.25      3.00      0.00      0.00     63.00
08:03:35 PM     all     74.19      0.00     16.04      0.00      0.00      0.50      0.50      0.00      0.00      8.77
08:03:36 PM     all     73.00      0.00     22.50      0.00      0.00      0.25      4.25      0.00      0.00      0.00
08:03:37 PM     all     62.09      0.00     30.42      0.00      0.00      0.50      3.99      0.00      0.00      2.99
08:03:38 PM     all     72.43      0.00     23.31      0.00      0.00      0.50      3.76      0.00      0.00      0.00
08:03:39 PM     all     62.19      0.00     29.85      0.00      0.00      0.75      3.48      0.00      0.00      3.73
08:03:40 PM     all     75.19      0.00     20.80      0.00      0.00      0.25      3.76      0.00      0.00      0.00
08:03:41 PM     all     62.25      0.00     26.00      0.00      0.00      0.50      3.50      0.00      0.00      7.75
08:03:42 PM     all     75.06      0.00     20.45      0.00      0.00      0.50      3.99      0.00      0.00      0.00
08:03:43 PM     all     65.50      0.00     26.00      0.00      0.00      0.25      4.25      0.00      0.00      4.00
08:03:44 PM     all     73.00      0.00     22.75      0.00      0.00      0.50      3.75      0.00      0.00      0.00
08:03:45 PM     all     72.75      0.00     21.25      0.00      0.00      0.50      3.25      0.00      0.00      2.25
08:03:46 PM     all     69.33      0.00     21.45      0.00      0.00      0.50      1.50      0.00      0.00      7.23
08:03:47 PM     all     73.68      0.00     21.80      0.00      0.00      0.25      4.26      0.00      0.00      0.00
08:03:48 PM     all     67.00      0.00     25.75      0.00      0.00      0.50      4.00      0.00      0.00      2.75
08:03:49 PM     all     73.43      0.00     22.31      0.00      0.00      0.50      3.76      0.00      0.00      0.00
08:03:50 PM     all     68.91      0.00     25.87      0.00      0.00      0.50      3.48      0.00      0.00      1.24
08:03:51 PM     all     73.00      0.00     22.75      0.00      0.00      0.50      3.75      0.00      0.00      0.00
08:03:52 PM     all     68.59      0.00     26.38      0.00      0.00      0.50      3.77      0.00      0.00      0.75
08:03:53 PM     all     73.00      0.00     22.50      0.00      0.00      0.50      4.00      0.00      0.00      0.00
08:03:54 PM     all     75.00      0.00     20.75      0.00      0.00      0.25      4.00      0.00      0.00      0.00
08:03:55 PM     all     71.32      0.00     23.94      0.00      0.00      0.75      3.74      0.00      0.00      0.25
08:03:56 PM     all     76.19      0.00     19.05      0.00      0.00      0.25      2.76      0.00      0.00      1.75
08:03:57 PM     all     76.81      0.00     19.20      0.00      0.00      0.50      1.75      0.00      0.00      1.75
08:03:58 PM     all     74.75      0.00     20.75      0.00      0.00      0.25      4.25      0.00      0.00      0.00
08:03:59 PM     all     74.50      0.00     21.00      0.00      0.00      0.50      3.75      0.00      0.00      0.25
08:04:00 PM     all     72.75      0.00     23.00      0.00      0.00      0.50      3.75      0.00      0.00      0.00
08:04:01 PM     all     74.94      0.00     21.05      0.00      0.00      0.50      3.51      0.00      0.00      0.00
08:04:02 PM     all     69.33      0.00     25.44      0.00      0.00      0.50      3.74      0.00      0.00      1.00
08:04:03 PM     all     74.25      0.00     21.50      0.00      0.00      0.50      3.75      0.00      0.00      0.00
08:04:04 PM     all     75.25      0.00     20.75      0.00      0.00      0.50      3.50      0.00      0.00      0.00
08:04:05 PM     all      9.50      0.00     44.25      0.25      0.00      0.50      4.25      0.00      0.00     41.25
08:04:06 PM     all      0.25      0.00     47.01      0.25      0.00      0.50      3.98      0.00      0.00     48.01
08:04:07 PM     all      1.01      0.00     34.92      0.00      0.00      0.50      2.26      0.00      0.00     61.31
08:04:08 PM     all      1.51      0.00     34.26      0.00      0.00      0.00      4.79      0.00      0.00     59.45
08:04:09 PM     all      1.00      0.00     41.15      0.00      0.00      0.50      5.74      0.00      0.00     51.62
08:04:10 PM     all      1.74      0.00     45.52      0.25      0.00      0.25      3.98      0.00      0.00     48.26
08:04:11 PM     all      1.24      0.00     44.67      0.00      0.00      0.50      3.97      0.00      0.00     49.63
08:04:12 PM     all      0.75      0.00     39.55      0.00      0.00      0.50      4.23      0.00      0.00     54.98
08:04:13 PM     all      2.23      0.00     43.67      0.00      0.00      0.50      3.97      0.00      0.00     49.63
08:04:14 PM     all      1.24      0.00     39.45      0.00      0.00      0.25      4.22      0.00      0.00     54.84
08:04:15 PM     all      2.23      0.00     39.11      0.00      0.00      0.50      4.21      0.00      0.00     53.96
08:04:16 PM     all      1.25      0.00     38.60      0.00      0.00      0.25      4.26      0.00      0.00     55.64
08:04:17 PM     all      1.49      0.00     39.36      0.00      0.00      0.50      4.21      0.00      0.00     54.46
08:04:18 PM     all      1.74      0.00     26.80      0.00      0.00      0.25      1.49      0.00      0.00     69.73
08:04:19 PM     all      1.50      0.00     42.75      0.00      0.00      0.50      5.00      0.00      0.00     50.25
08:04:20 PM     all      0.50      0.00     46.88      0.25      0.00      0.25      3.74      0.00      0.00     48.38
08:04:21 PM     all      1.00      0.00     46.13      0.00      0.00      0.75      3.99      0.00      0.00     48.13
08:04:22 PM     all      1.49      0.00     46.40      0.00      0.00      0.25      3.72      0.00      0.00     48.14
08:04:23 PM     all      1.50      0.00     42.25      0.00      0.00      0.50      4.25      0.00      0.00     51.50
08:04:24 PM     all      0.74      0.00     41.23      0.00      0.00      0.49      4.20      0.00      0.00     53.33
08:04:25 PM     all      1.25      0.00     39.90      0.00      0.00      0.25      3.99      0.00      0.00     54.61
08:04:26 PM     all      1.24      0.00     39.30      0.00      0.00      0.50      4.23      0.00      0.00     54.73
08:04:27 PM     all      1.26      0.00     39.04      0.00      0.00      0.25      4.28      0.00      0.00     55.16
08:04:28 PM     all      1.97      0.00     38.67      0.00      0.00      0.49      4.19      0.00      0.00     54.68
08:04:29 PM     all      2.03      0.00     25.13      0.00      0.00      0.25      2.03      0.00      0.00     70.56
08:04:30 PM     all      1.50      0.00     38.25      0.25      0.00      0.50      4.25      0.00      0.00     55.25
08:04:31 PM     all      1.00      0.00     39.15      0.00      0.00      0.25      4.24      0.00      0.00     55.36
08:04:32 PM     all      1.01      0.00     38.73      0.00      0.00      0.25      4.05      0.00      0.00     55.95
08:04:33 PM     all      1.50      0.00     38.50      0.00      0.00      0.50      4.25      0.00      0.00     55.25
08:04:34 PM     all      1.00      0.00     39.00      0.00      0.00      0.50      4.25      0.00      0.00     55.25
08:04:35 PM     all      0.50      0.00     43.32      0.00      0.00      0.25      4.03      0.00      0.00     51.89
08:04:36 PM     all      1.01      0.00     38.64      0.00      0.00      0.51      4.29      0.00      0.00     55.56
08:04:37 PM     all      1.01      0.00     38.94      0.00      0.00      0.25      4.27      0.00      0.00     55.53
08:04:38 PM     all      0.51      0.00     38.32      0.00      0.00      0.51      4.31      0.00      0.00     56.35
08:04:39 PM     all      1.02      0.00     32.74      0.00      0.00      0.25      3.05      0.00      0.00     62.94
08:04:40 PM     all     69.83      0.00     16.71      0.00      0.00      0.50      0.75      0.00      0.00     12.22
08:04:41 PM     all     73.32      0.00     21.95      0.00      0.00      0.25      4.24      0.00      0.00      0.25
08:04:42 PM     all     72.18      0.00     23.81      0.00      0.00      0.50      3.26      0.00      0.00      0.25
08:04:43 PM     all     74.06      0.00     21.20      0.00      0.00      0.25      4.24      0.00      0.00      0.25
08:04:44 PM     all     70.68      0.00     25.31      0.00      0.00      0.50      3.51      0.00      0.00      0.00
08:04:45 PM     all     72.07      0.00     23.19      0.00      0.00      0.50      3.74      0.00      0.00      0.50
08:04:46 PM     all     72.82      0.00     22.44      0.00      0.00      0.75      3.74      0.00      0.00      0.25
08:04:47 PM     all     72.11      0.00     23.12      0.00      0.00      0.25      3.77      0.00      0.00      0.75
08:04:48 PM     all     75.75      0.00     20.75      0.00      0.00      0.50      3.00      0.00      0.00      0.00
08:04:49 PM     all     75.56      0.00     19.95      0.00      0.00      0.50      3.99      0.00      0.00      0.00
08:04:50 PM     all     75.44      0.00     18.55      0.00      0.00      0.25      3.51      0.00      0.00      2.26
08:04:51 PM     all     78.80      0.00     17.21      0.00      0.00      0.50      1.00      0.00      0.00      2.49
08:04:52 PM     all     73.68      0.00     22.31      0.00      0.00      0.25      3.76      0.00      0.00      0.00
08:04:53 PM     all     71.86      0.00     23.62      0.00      0.00      0.50      3.52      0.00      0.00      0.50
08:04:54 PM     all     72.64      0.00     22.39      0.00      0.00      0.75      3.98      0.00      0.00      0.25
08:04:55 PM     all     68.17      0.00     26.82      0.00      0.00      0.25      4.01      0.00      0.00      0.75
08:04:56 PM     all     75.19      0.00     20.55      0.00      0.00      0.25      4.01      0.00      0.00      0.00
08:04:57 PM     all     73.75      0.00     22.00      0.00      0.00      0.50      3.75      0.00      0.00      0.00
08:04:58 PM     all     74.44      0.00     21.30      0.00      0.00      0.50      3.76      0.00      0.00      0.00
08:04:59 PM     all     66.83      0.00     27.43      0.00      0.00      0.50      3.74      0.00      0.00      1.50
08:05:00 PM     all     74.25      0.00     21.75      0.00      0.00      0.50      3.50      0.00      0.00      0.00
Average:        all     34.05      0.00     31.85      0.01      0.00      0.42      3.79      0.00      0.00     29.88
