Linux 4.9.253-tegra (nano-desktop) 	08/17/2023 	_aarch64_	(4 CPU)

01:37:09 AM     CPU      %usr     %nice      %sys   %iowait    %steal      %irq     %soft    %guest    %gnice     %idle
01:37:10 AM     all      1.26      0.00     33.92      0.00      0.00      1.01      1.01      0.00      0.00     62.81
01:37:11 AM     all      1.00      0.00     23.25      0.00      0.00      0.50      0.50      0.00      0.00     74.75
01:37:12 AM     all      1.26      0.00     21.41      0.00      0.00      0.25      0.25      0.00      0.00     76.83
01:37:13 AM     all      0.75      0.00     23.12      0.00      0.00      0.50      0.50      0.00      0.00     75.13
01:37:14 AM     all      1.51      0.00     19.65      0.00      0.00      0.50      0.50      0.00      0.00     77.83
01:37:15 AM     all      1.76      0.00     22.61      0.00      0.00      0.50      0.25      0.00      0.00     74.87
01:37:16 AM     all      1.76      0.00     19.40      0.00      0.00      0.50      0.50      0.00      0.00     77.83
01:37:17 AM     all      1.25      0.00     22.56      0.00      0.00      0.25      0.50      0.00      0.00     75.44
01:37:18 AM     all      1.50      0.00     20.55      0.25      0.00      0.50      0.50      0.00      0.00     76.69
01:37:19 AM     all      1.01      0.00     22.36      0.00      0.00      0.50      0.50      0.00      0.00     75.63
01:37:20 AM     all      1.26      0.00     21.61      0.00      0.00      0.50      0.50      0.00      0.00     76.13
01:37:21 AM     all      1.01      0.00     22.36      0.00      0.00      0.50      0.25      0.00      0.00     75.88
01:37:22 AM     all      1.75      0.00     22.75      0.00      0.00      0.25      0.50      0.00      0.00     74.75
01:37:23 AM     all      2.50      0.00     17.25      0.00      0.00      0.50      0.50      0.00      0.00     79.25
01:37:24 AM     all      1.26      0.00     18.84      0.25      0.00      0.50      0.50      0.00      0.00     78.64
01:37:25 AM     all      1.51      0.00     22.11      0.00      0.00      0.25      0.50      0.00      0.00     75.63
01:37:26 AM     all      1.50      0.00     19.25      0.00      0.00      0.50      0.50      0.00      0.00     78.25
01:37:27 AM     all      1.25      0.00     22.31      0.00      0.00      0.50      0.25      0.00      0.00     75.69
01:37:28 AM     all      1.26      0.00     21.11      0.00      0.00      0.50      0.50      0.00      0.00     76.63
01:37:29 AM     all      1.75      0.00     22.25      0.00      0.00      0.50      0.50      0.00      0.00     75.00
01:37:30 AM     all      1.52      0.00     20.20      0.00      0.00      0.51      0.51      0.00      0.00     77.27
01:37:31 AM     all      1.01      0.00     23.93      0.00      0.00      0.25      0.50      0.00      0.00     74.31
01:37:32 AM     all      1.01      0.00     22.67      0.00      0.00      0.50      0.25      0.00      0.00     75.57
01:37:33 AM     all      1.50      0.00     22.75      0.00      0.00      0.50      0.50      0.00      0.00     74.75
01:37:34 AM     all      1.25      0.00     22.00      0.25      0.00      0.50      0.50      0.00      0.00     75.50
01:37:35 AM     all      0.76      0.00     22.17      0.00      0.00      0.25      0.50      0.00      0.00     76.32
01:37:36 AM     all      1.26      0.00     20.96      0.00      0.00      0.51      0.25      0.00      0.00     77.02
01:37:37 AM     all      1.26      0.00     22.36      0.00      0.00      0.50      0.50      0.00      0.00     75.38
01:37:38 AM     all      1.51      0.00     20.60      0.00      0.00      0.50      0.50      0.00      0.00     76.88
01:37:39 AM     all     57.00      0.00     16.50      0.00      0.00      0.50      0.50      0.00      0.00     25.50
01:37:40 AM     all     88.44      0.00     11.06      0.00      0.00      0.50      0.00      0.00      0.00      0.00
01:37:41 AM     all     11.97      0.00     21.20      0.00      0.00      0.50      0.50      0.00      0.00     65.84
01:37:42 AM     all      1.51      0.00     20.85      0.00      0.00      0.25      0.50      0.00      0.00     76.88
01:37:43 AM     all      0.50      0.00     22.17      0.00      0.00      0.50      0.50      0.00      0.00     76.32
01:37:44 AM     all      2.00      0.00     20.50      0.25      0.00      0.50      0.50      0.00      0.00     76.25
01:37:45 AM     all      1.26      0.00     22.92      0.00      0.00      0.50      0.50      0.00      0.00     74.81
01:37:46 AM     all      1.51      0.00     22.17      0.00      0.00      0.50      0.25      0.00      0.00     75.57
01:37:47 AM     all     21.36      0.00     20.35      0.00      0.00      0.50      0.75      0.00      0.00     57.04
01:37:48 AM     all     70.60      0.00     20.60      0.00      0.00      0.50      0.25      0.00      0.00      8.04
01:37:49 AM     all     50.12      0.00     19.95      0.00      0.00      0.75      0.50      0.00      0.00     28.68
01:37:50 AM     all     13.57      0.00     21.61      0.00      0.00      0.50      0.50      0.00      0.00     63.82
01:37:51 AM     all      1.99      0.00     22.64      0.00      0.00      0.50      0.50      0.00      0.00     74.38
01:37:52 AM     all      1.51      0.00     20.60      0.00      0.00      0.25      0.50      0.00      0.00     77.14
01:37:53 AM     all      1.00      0.00     22.56      0.00      0.00      0.50      0.25      0.00      0.00     75.69
01:37:54 AM     all      4.50      0.00     20.75      0.00      0.00      0.50      0.50      0.00      0.00     73.75
01:37:55 AM     all     48.48      0.00     21.46      0.00      0.00      0.51      0.51      0.00      0.00     29.04
01:37:56 AM     all     65.58      0.00     18.09      0.00      0.00      0.50      0.50      0.00      0.00     15.33
01:37:57 AM     all     25.38      0.00     22.11      0.00      0.00      0.75      0.50      0.00      0.00     51.26
01:37:58 AM     all      1.51      0.00     22.11      0.00      0.00      0.25      0.25      0.00      0.00     75.88
01:37:59 AM     all      2.00      0.00     20.50      0.00      0.00      0.50      0.50      0.00      0.00     76.50
01:38:00 AM     all      1.00      0.00     22.56      0.00      0.00      0.50      0.50      0.00      0.00     75.44
01:38:01 AM     all      2.76      0.00     22.11      0.00      0.00      0.50      0.50      0.00      0.00     74.12
01:38:02 AM     all     50.13      0.00     21.16      0.00      0.00      0.50      0.25      0.00      0.00     27.96
01:38:03 AM     all     74.00      0.00     18.25      0.00      0.00      0.50      0.50      0.00      0.00      6.75
01:38:04 AM     all     29.82      0.00     20.55      0.25      0.00      0.50      0.50      0.00      0.00     48.37
01:38:05 AM     all      2.77      0.00     21.91      0.00      0.00      0.50      0.50      0.00      0.00     74.31
01:38:06 AM     all      0.76      0.00     22.92      0.00      0.00      0.50      0.25      0.00      0.00     75.57
01:38:07 AM     all      1.51      0.00     20.65      0.00      0.00      0.50      0.50      0.00      0.00     76.83
01:38:08 AM     all      1.25      0.00     23.00      0.00      0.00      0.25      0.50      0.00      0.00     75.00
01:38:09 AM     all      1.26      0.00     21.46      0.00      0.00      0.51      0.51      0.00      0.00     76.26
01:38:10 AM     all      1.25      0.00     23.94      0.00      0.00      0.50      0.50      0.00      0.00     73.82
01:38:11 AM     all      1.26      0.00     20.65      0.00      0.00      0.50      0.50      0.00      0.00     77.08
01:38:12 AM     all      1.26      0.00     21.61      0.00      0.00      0.50      0.50      0.00      0.00     76.13
01:38:13 AM     all      1.50      0.00     22.00      0.00      0.00      0.50      0.50      0.00      0.00     75.50
01:38:14 AM     all      1.26      0.00     21.66      0.25      0.00      0.25      0.25      0.00      0.00     76.32
01:38:15 AM     all      2.24      0.00     20.70      0.00      0.00      0.50      0.75      0.00      0.00     75.81
01:38:16 AM     all      1.01      0.00     22.36      0.00      0.00      0.50      0.25      0.00      0.00     75.88
01:38:17 AM     all      1.01      0.00     22.86      0.00      0.00      0.50      0.50      0.00      0.00     75.13
01:38:18 AM     all      2.98      0.00     21.34      0.00      0.00      0.50      0.50      0.00      0.00     74.69
01:38:19 AM     all      1.01      0.00     23.62      0.00      0.00      0.50      0.50      0.00      0.00     74.37
01:38:20 AM     all      1.50      0.00     22.81      0.00      0.00      0.25      0.50      0.00      0.00     74.94
01:38:21 AM     all      1.51      0.00     20.85      0.00      0.00      0.50      0.50      0.00      0.00     76.63
01:38:22 AM     all      1.25      0.00     23.19      0.00      0.00      0.50      0.50      0.00      0.00     74.56
01:38:23 AM     all      1.52      0.00     21.21      0.00      0.00      0.51      0.51      0.00      0.00     76.26
01:38:24 AM     all      2.48      0.00     21.59      0.25      0.00      0.50      0.50      0.00      0.00     74.69
01:38:25 AM     all      1.51      0.00     21.66      0.00      0.00      0.25      0.50      0.00      0.00     76.07
01:38:26 AM     all      1.25      0.00     19.25      0.00      0.00      0.50      0.25      0.00      0.00     78.75
01:38:27 AM     all      1.76      0.00     21.11      0.00      0.00      0.50      0.50      0.00      0.00     76.13
01:38:28 AM     all      1.50      0.00     22.75      0.00      0.00      0.50      0.50      0.00      0.00     74.75
01:38:29 AM     all      1.76      0.00     19.85      0.00      0.00      0.50      0.50      0.00      0.00     77.39
01:38:30 AM     all      1.75      0.00     22.56      0.00      0.00      0.25      0.50      0.00      0.00     74.94
01:38:31 AM     all      1.26      0.00     20.35      0.00      0.00      0.50      0.50      0.00      0.00     77.39
01:38:32 AM     all      1.26      0.00     19.70      0.00      0.00      0.51      0.25      0.00      0.00     78.28
01:38:33 AM     all      1.50      0.00     22.75      0.00      0.00      0.50      0.50      0.00      0.00     74.75
01:38:34 AM     all      1.00      0.00     23.88      0.00      0.00      0.50      0.50      0.00      0.00     74.13
01:38:35 AM     all      1.50      0.00     20.75      0.00      0.00      0.50      0.50      0.00      0.00     76.75
01:38:36 AM     all      1.76      0.00     21.91      0.00      0.00      0.25      0.25      0.00      0.00     75.82
01:38:37 AM     all      1.50      0.00     22.50      0.00      0.00      0.50      0.50      0.00      0.00     75.00
01:38:38 AM     all      1.26      0.00     21.72      0.00      0.00      0.51      0.51      0.00      0.00     76.01
01:38:39 AM     all     18.00      0.00     22.00      0.25      0.00      0.50      0.50      0.00      0.00     58.75
01:38:40 AM     all     85.25      0.00     14.00      0.00      0.00      0.50      0.25      0.00      0.00      0.00
01:38:41 AM     all     55.64      0.00     17.04      0.00      0.00      0.50      0.25      0.00      0.00     26.57
01:38:42 AM     all      1.25      0.00     23.25      0.00      0.00      0.50      0.50      0.00      0.00     74.50
01:38:43 AM     all      1.25      0.00     23.25      0.00      0.00      0.50      0.50      0.00      0.00     74.50
01:38:44 AM     all      1.75      0.00     21.05      0.00      0.00      0.25      0.50      0.00      0.00     76.44
01:38:45 AM     all      1.01      0.00     22.42      0.00      0.00      0.50      0.25      0.00      0.00     75.82
01:38:46 AM     all      1.25      0.00     21.30      0.00      0.00      0.50      0.50      0.00      0.00     76.44
01:38:47 AM     all      2.01      0.00     23.37      0.00      0.00      0.50      0.50      0.00      0.00     73.62
01:38:48 AM     all     45.61      0.00     21.30      0.00      0.00      0.50      0.50      0.00      0.00     32.08
01:38:49 AM     all     54.00      0.00     21.75      0.00      0.00      0.50      0.50      0.00      0.00     23.25
01:38:50 AM     all     42.11      0.00     21.55      0.00      0.00      0.50      0.50      0.00      0.00     35.34
01:38:51 AM     all     12.34      0.00     22.42      0.00      0.00      0.50      0.50      0.00      0.00     64.23
01:38:52 AM     all      1.75      0.00     20.30      0.00      0.00      0.50      0.50      0.00      0.00     76.94
01:38:53 AM     all      1.25      0.00     22.19      0.00      0.00      0.50      0.50      0.00      0.00     75.56
01:38:54 AM     all      1.76      0.00     21.11      0.00      0.00      0.50      0.50      0.00      0.00     76.13
01:38:55 AM     all     16.33      0.00     21.86      0.00      0.00      0.50      0.25      0.00      0.00     61.06
01:38:56 AM     all     56.61      0.00     14.71      0.00      0.00      0.50      0.50      0.00      0.00     27.68
01:38:57 AM     all     40.70      0.00     19.60      0.00      0.00      0.50      0.50      0.00      0.00     38.69
01:38:58 AM     all     29.57      0.00     20.55      0.00      0.00      0.50      0.50      0.00      0.00     48.87
01:38:59 AM     all      1.50      0.00     21.55      0.25      0.00      0.50      0.50      0.00      0.00     75.69
01:39:00 AM     all      1.26      0.00     22.61      0.00      0.00      0.25      0.50      0.00      0.00     75.38
01:39:01 AM     all      2.01      0.00     22.06      0.00      0.00      0.50      0.25      0.00      0.00     75.19
01:39:02 AM     all     18.30      0.00     23.06      0.00      0.00      0.50      0.50      0.00      0.00     57.64
01:39:03 AM     all     57.61      0.00     20.95      0.00      0.00      0.75      0.50      0.00      0.00     20.20
01:39:04 AM     all     45.84      0.00     21.16      0.00      0.00      0.50      0.50      0.00      0.00     31.99
01:39:05 AM     all     32.41      0.00     21.61      0.00      0.00      0.50      0.50      0.00      0.00     44.97
01:39:06 AM     all      5.01      0.00     21.30      0.00      0.00      0.50      0.75      0.00      0.00     72.43
01:39:07 AM     all      1.01      0.00     21.41      0.00      0.00      0.50      0.25      0.00      0.00     76.83
01:39:08 AM     all      1.26      0.00     22.17      0.00      0.00      0.25      0.50      0.00      0.00     75.82
01:39:09 AM     all      1.75      0.00     21.55      0.00      0.00      0.50      0.50      0.00      0.00     75.69
01:39:10 AM     all      1.75      0.00     21.30      0.00      0.00      0.50      0.50      0.00      0.00     75.94
01:39:11 AM     all      1.75      0.00     22.81      0.00      0.00      0.50      0.50      0.00      0.00     74.44
01:39:12 AM     all      1.01      0.00     22.36      0.00      0.00      0.50      0.50      0.00      0.00     75.63
01:39:13 AM     all      1.51      0.00     22.42      0.00      0.00      0.25      0.25      0.00      0.00     75.57
01:39:14 AM     all      1.00      0.00     23.06      0.25      0.00      0.50      0.50      0.00      0.00     74.69
01:39:15 AM     all      1.26      0.00     21.16      0.00      0.00      0.50      0.50      0.00      0.00     76.57
01:39:16 AM     all      1.26      0.00     20.15      0.00      0.00      0.50      0.50      0.00      0.00     77.58
01:39:17 AM     all      2.02      0.00     22.17      0.00      0.00      0.50      0.25      0.00      0.00     75.06
01:39:18 AM     all      1.01      0.00     22.42      0.00      0.00      0.25      0.50      0.00      0.00     75.82
01:39:19 AM     all      2.00      0.00     21.75      0.00      0.00      0.50      0.50      0.00      0.00     75.25
01:39:20 AM     all      1.75      0.00     22.50      0.00      0.00      0.50      0.50      0.00      0.00     74.75
01:39:21 AM     all      1.51      0.00     21.16      0.00      0.00      0.50      0.50      0.00      0.00     76.32
01:39:22 AM     all      1.76      0.00     20.85      0.00      0.00      0.50      0.50      0.00      0.00     76.38
01:39:23 AM     all      1.25      0.00     23.31      0.00      0.00      0.50      0.50      0.00      0.00     74.44
01:39:24 AM     all      1.76      0.00     19.90      0.25      0.00      0.25      0.50      0.00      0.00     77.33
01:39:25 AM     all      1.50      0.00     22.81      0.00      0.00      0.50      0.50      0.00      0.00     74.69
01:39:26 AM     all      1.26      0.00     19.60      0.00      0.00      0.50      0.50      0.00      0.00     78.14
01:39:27 AM     all      1.50      0.00     23.00      0.00      0.00      0.50      0.25      0.00      0.00     74.75
01:39:28 AM     all      1.51      0.00     22.11      0.00      0.00      0.50      0.50      0.00      0.00     75.38
01:39:29 AM     all      1.50      0.00     21.55      0.00      0.00      0.50      0.50      0.00      0.00     75.94
01:39:30 AM     all      1.51      0.00     23.37      0.00      0.00      0.25      0.50      0.00      0.00     74.37
01:39:31 AM     all      1.75      0.00     22.06      0.00      0.00      0.50      0.25      0.00      0.00     75.44
01:39:32 AM     all      1.00      0.00     21.30      0.00      0.00      0.50      0.50      0.00      0.00     76.69
01:39:33 AM     all      0.75      0.00     23.37      0.00      0.00      0.50      0.50      0.00      0.00     74.87
01:39:34 AM     all      1.76      0.00     22.11      0.00      0.00      0.50      0.50      0.00      0.00     75.13
01:39:35 AM     all      1.50      0.00     22.56      0.00      0.00      0.25      0.50      0.00      0.00     75.19
01:39:36 AM     all      1.50      0.00     22.00      0.00      0.00      0.50      0.50      0.00      0.00     75.50
01:39:37 AM     all      1.51      0.00     20.40      0.00      0.00      0.50      0.50      0.00      0.00     77.08
01:39:38 AM     all      1.76      0.00     20.60      0.00      0.00      0.50      0.50      0.00      0.00     76.63
01:39:39 AM     all      1.76      0.00     21.86      0.00      0.00      0.50      0.50      0.00      0.00     75.38
01:39:40 AM     all     74.94      0.00     14.54      0.00      0.00      0.50      0.25      0.00      0.00      9.77
01:39:41 AM     all     77.50      0.00     14.00      0.00      0.00      0.50      0.25      0.00      0.00      7.75
01:39:42 AM     all      6.27      0.00     23.06      0.00      0.00      0.50      0.75      0.00      0.00     69.42
01:39:43 AM     all      1.26      0.00     22.98      0.00      0.00      0.51      0.25      0.00      0.00     75.00
01:39:44 AM     all      1.50      0.00     22.06      0.25      0.00      0.25      0.50      0.00      0.00     75.44
01:39:45 AM     all      1.50      0.00     22.06      0.00      0.00      0.50      0.50      0.00      0.00     75.44
01:39:46 AM     all      1.26      0.00     20.60      0.00      0.00      0.50      0.50      0.00      0.00     77.14
01:39:47 AM     all      1.26      0.00     22.17      0.00      0.00      0.50      0.50      0.00      0.00     75.57
01:39:48 AM     all     34.34      0.00     21.97      0.00      0.00      0.51      0.51      0.00      0.00     42.68
01:39:49 AM     all     64.32      0.00     20.85      0.00      0.00      0.50      0.25      0.00      0.00     14.07
01:39:50 AM     all     30.65      0.00     24.12      0.00      0.00      0.50      0.50      0.00      0.00     44.22
01:39:51 AM     all     26.20      0.00     21.16      0.00      0.00      0.50      0.76      0.00      0.00     51.39
01:39:52 AM     all      1.51      0.00     21.86      0.00      0.00      0.50      0.25      0.00      0.00     75.88
01:39:53 AM     all      1.26      0.00     22.47      0.00      0.00      0.25      0.51      0.00      0.00     75.51
01:39:54 AM     all      1.51      0.00     22.11      0.00      0.00      0.50      0.50      0.00      0.00     75.38
01:39:55 AM     all     12.47      0.00     22.44      0.00      0.00      0.50      0.50      0.00      0.00     64.09
01:39:56 AM     all     50.13      0.00     21.80      0.00      0.00      0.75      0.50      0.00      0.00     26.82
01:39:57 AM     all     44.86      0.00     21.05      0.00      0.00      0.50      0.50      0.00      0.00     33.08
01:39:58 AM     all     28.39      0.00     21.86      0.00      0.00      0.50      0.50      0.00      0.00     48.74
01:39:59 AM     all     10.08      0.00     20.91      0.25      0.00      0.25      0.50      0.00      0.00     68.01
01:40:00 AM     all      1.25      0.00     19.25      0.00      0.00      0.50      0.50      0.00      0.00     78.50
01:40:01 AM     all      2.25      0.00     19.75      0.00      0.00      0.50      0.25      0.00      0.00     77.25
01:40:02 AM     all     12.53      0.00     20.80      0.00      0.00      0.50      0.50      0.00      0.00     65.66
01:40:03 AM     all     49.25      0.00     21.86      0.00      0.00      0.50      0.50      0.00      0.00     27.89
01:40:04 AM     all     53.02      0.00     20.35      0.00      0.00      0.75      0.50      0.00      0.00     25.38
01:40:05 AM     all     30.65      0.00     20.10      0.00      0.00      0.50      0.50      0.00      0.00     48.24
01:40:06 AM     all     10.05      0.00     18.34      0.00      0.00      0.50      0.50      0.00      0.00     70.60
01:40:07 AM     all      1.75      0.00     21.50      0.00      0.00      0.25      0.50      0.00      0.00     76.00
01:40:08 AM     all      1.01      0.00     21.46      0.00      0.00      0.51      0.25      0.00      0.00     76.77
01:40:09 AM     all      1.24      0.00     21.34      0.25      0.00      0.50      0.50      0.00      0.00     76.18
01:40:10 AM     all      1.75      0.00     21.30      0.00      0.00      0.50      0.50      0.00      0.00     75.94
01:40:11 AM     all      1.75      0.00     21.20      0.00      0.00      0.50      0.50      0.00      0.00     76.06
01:40:12 AM     all      1.26      0.00     21.16      0.00      0.00      0.50      0.50      0.00      0.00     76.57
01:40:13 AM     all      0.76      0.00     20.76      0.00      0.00      0.25      0.51      0.00      0.00     77.72
01:40:14 AM     all      1.75      0.00     19.05      0.00      0.00      0.50      0.50      0.00      0.00     78.20
01:40:15 AM     all      1.01      0.00     19.14      0.00      0.00      0.50      0.25      0.00      0.00     79.09
01:40:16 AM     all      1.25      0.00     16.04      0.00      0.00      0.50      0.50      0.00      0.00     81.70
01:40:17 AM     all      1.25      0.00     20.50      0.00      0.00      0.50      0.50      0.00      0.00     77.25
01:40:18 AM     all      2.01      0.00     20.35      0.00      0.00      0.50      0.50      0.00      0.00     76.63
01:40:19 AM     all      1.76      0.00     19.85      0.00      0.00      0.25      0.25      0.00      0.00     77.89
01:40:20 AM     all      1.25      0.00     20.80      0.00      0.00      0.50      0.50      0.00      0.00     76.94
01:40:21 AM     all      1.01      0.00     22.11      0.00      0.00      0.50      0.50      0.00      0.00     75.88
01:40:22 AM     all      1.51      0.00     18.84      0.00      0.00      0.50      0.50      0.00      0.00     78.64
01:40:23 AM     all      1.51      0.00     19.10      0.00      0.00      0.50      0.25      0.00      0.00     78.64
01:40:24 AM     all      1.76      0.00     20.85      0.25      0.00      0.50      0.75      0.00      0.00     75.88
01:40:25 AM     all      1.50      0.00     21.80      0.00      0.00      0.25      0.25      0.00      0.00     76.19
01:40:26 AM     all      1.01      0.00     17.59      0.00      0.00      0.50      0.50      0.00      0.00     80.40
01:40:27 AM     all      1.50      0.00     19.55      0.00      0.00      0.50      0.50      0.00      0.00     77.94
01:40:28 AM     all      0.75      0.00     20.85      0.00      0.00      0.50      0.25      0.00      0.00     77.64
01:40:29 AM     all      1.51      0.00     19.35      0.00      0.00      0.25      0.50      0.00      0.00     78.39
01:40:30 AM     all      1.75      0.00     19.30      0.00      0.00      0.75      0.50      0.00      0.00     77.69
01:40:31 AM     all      1.01      0.00     18.59      0.00      0.00      0.25      0.50      0.00      0.00     79.65
01:40:32 AM     all      1.25      0.00     22.06      0.00      0.00      0.50      0.25      0.00      0.00     75.94
01:40:33 AM     all      1.49      0.00     21.64      0.00      0.00      0.50      0.50      0.00      0.00     75.87
01:40:34 AM     all      1.75      0.00     18.80      0.25      0.00      0.50      0.50      0.00      0.00     78.20
01:40:35 AM     all      1.26      0.00     18.84      0.00      0.00      0.50      0.50      0.00      0.00     78.89
01:40:36 AM     all      1.01      0.00     15.83      0.00      0.00      0.50      0.50      0.00      0.00     82.16
01:40:37 AM     all      1.51      0.00     17.84      0.00      0.00      0.25      0.50      0.00      0.00     79.90
01:40:38 AM     all      1.01      0.00     20.15      0.00      0.00      0.50      0.25      0.00      0.00     78.09
01:40:39 AM     all      1.01      0.00     20.85      0.00      0.00      0.50      0.50      0.00      0.00     77.14
01:40:40 AM     all     28.25      0.00     19.50      0.00      0.00      0.50      0.50      0.00      0.00     51.25
01:40:41 AM     all     87.25      0.00     12.00      0.00      0.00      0.50      0.25      0.00      0.00      0.00
01:40:42 AM     all     44.33      0.00     16.37      0.00      0.00      0.50      0.25      0.00      0.00     38.54
01:40:43 AM     all      1.50      0.00     20.30      0.00      0.00      0.50      0.50      0.00      0.00     77.19
01:40:44 AM     all      1.01      0.00     20.35      0.00      0.00      0.50      0.50      0.00      0.00     77.64
01:40:45 AM     all      1.50      0.00     19.80      0.00      0.00      0.50      0.25      0.00      0.00     77.94
01:40:46 AM     all      1.01      0.00     20.65      0.00      0.00      0.25      0.50      0.00      0.00     77.58
01:40:47 AM     all      0.76      0.00     20.65      0.00      0.00      0.50      0.50      0.00      0.00     77.58
01:40:48 AM     all      1.25      0.00     19.95      0.00      0.00      0.50      0.50      0.00      0.00     77.81
01:40:49 AM     all     34.84      0.00     20.55      0.00      0.00      0.50      0.50      0.00      0.00     43.61
01:40:50 AM     all     85.96      0.00     13.28      0.00      0.00      0.50      0.25      0.00      0.00      0.00
01:40:51 AM     all     29.07      0.00     19.55      0.00      0.00      0.50      0.50      0.00      0.00     50.38
01:40:52 AM     all      1.00      0.00     19.80      0.00      0.00      0.50      0.50      0.00      0.00     78.20
01:40:53 AM     all      1.01      0.00     19.35      0.00      0.00      0.50      0.50      0.00      0.00     78.64
01:40:54 AM     all      1.25      0.00     19.75      0.25      0.00      0.50      0.25      0.00      0.00     78.00
01:40:55 AM     all      1.25      0.00     19.25      0.00      0.00      0.50      0.50      0.00      0.00     78.50
01:40:56 AM     all      1.00      0.00     15.79      0.00      0.00      0.50      0.50      0.00      0.00     82.21
01:40:57 AM     all     47.49      0.00     21.36      0.00      0.00      0.50      0.25      0.00      0.00     30.40
01:40:58 AM     all     73.25      0.00     15.50      0.00      0.00      0.50      0.50      0.00      0.00     10.25
01:40:59 AM     all     21.21      0.00     20.96      0.00      0.00      0.51      0.51      0.00      0.00     56.82
01:41:00 AM     all      1.51      0.00     21.11      0.00      0.00      0.50      0.50      0.00      0.00     76.38
01:41:01 AM     all      1.52      0.00     19.19      0.00      0.00      0.51      0.25      0.00      0.00     78.54
01:41:02 AM     all      1.50      0.00     20.25      0.00      0.00      0.50      0.50      0.00      0.00     77.25
01:41:03 AM     all      1.01      0.00     18.39      0.00      0.00      0.25      0.50      0.00      0.00     79.85
01:41:04 AM     all     31.42      0.00     21.45      0.25      0.00      0.75      0.50      0.00      0.00     45.64
01:41:05 AM     all     78.00      0.00     17.50      0.00      0.00      0.50      0.25      0.00      0.00      3.75
01:41:06 AM     all     38.89      0.00     17.93      0.00      0.00      0.51      0.51      0.00      0.00     42.17
01:41:07 AM     all      6.75      0.00     20.25      0.00      0.00      0.50      0.50      0.00      0.00     72.00
01:41:08 AM     all      1.01      0.00     21.86      0.00      0.00      0.50      0.50      0.00      0.00     76.13
01:41:09 AM     all      1.50      0.00     19.80      0.00      0.00      0.25      0.25      0.00      0.00     78.20
01:41:10 AM     all      1.00      0.00     21.25      0.00      0.00      0.50      0.75      0.00      0.00     76.50
01:41:11 AM     all      1.76      0.00     19.10      0.00      0.00      0.50      0.50      0.00      0.00     78.14
01:41:12 AM     all      1.25      0.00     19.50      0.00      0.00      0.50      0.50      0.00      0.00     78.25
01:41:13 AM     all      1.25      0.00     19.80      0.00      0.00      0.50      0.50      0.00      0.00     77.94
01:41:14 AM     all      1.26      0.00     21.86      1.26      0.00      0.50      0.25      0.00      0.00     74.87
01:41:15 AM     all      0.76      0.00     21.41      0.00      0.00      0.25      0.50      0.00      0.00     77.08
01:41:16 AM     all      1.00      0.00     19.80      0.00      0.00      0.50      0.50      0.00      0.00     78.20
01:41:17 AM     all      1.25      0.00     18.95      0.00      0.00      0.50      0.50      0.00      0.00     78.80
01:41:18 AM     all      1.01      0.00     19.75      0.00      0.00      0.51      0.25      0.00      0.00     78.48
01:41:19 AM     all      2.01      0.00     18.55      0.25      0.00      0.50      0.50      0.00      0.00     78.20
01:41:20 AM     all      1.25      0.00     20.00      0.00      0.00      0.50      0.50      0.00      0.00     77.75
01:41:21 AM     all      1.52      0.00     21.46      0.00      0.00      0.25      0.51      0.00      0.00     76.26
01:41:22 AM     all      1.77      0.00     19.44      0.00      0.00      0.51      0.51      0.00      0.00     77.78
01:41:23 AM     all      1.25      0.00     22.50      0.00      0.00      0.50      0.50      0.00      0.00     75.25
01:41:24 AM     all      1.75      0.00     21.00      0.00      0.00      0.50      0.50      0.00      0.00     76.25
01:41:25 AM     all      1.75      0.00     19.05      0.00      0.00      0.50      0.25      0.00      0.00     78.45
01:41:26 AM     all      1.25      0.00     21.00      0.00      0.00      0.50      0.50      0.00      0.00     76.75
01:41:27 AM     all      1.26      0.00     22.73      0.00      0.00      0.25      0.51      0.00      0.00     75.25
01:41:28 AM     all      1.51      0.00     22.17      0.00      0.00      0.50      0.50      0.00      0.00     75.31
01:41:29 AM     all      1.25      0.00     22.94      0.25      0.00      0.50      0.50      0.00      0.00     74.56
01:41:30 AM     all      1.26      0.00     22.17      0.00      0.00      0.50      0.50      0.00      0.00     75.57
01:41:31 AM     all      1.01      0.00     22.73      0.00      0.00      0.51      0.25      0.00      0.00     75.51
01:41:32 AM     all      1.25      0.00     22.06      0.00      0.00      0.50      0.50      0.00      0.00     75.69
01:41:33 AM     all      1.26      0.00     22.17      0.00      0.00      0.25      0.50      0.00      0.00     75.82
01:41:34 AM     all      2.00      0.00     22.75      0.00      0.00      0.50      0.50      0.00      0.00     74.25
01:41:35 AM     all      0.76      0.00     21.91      0.00      0.00      0.50      0.50      0.00      0.00     76.32
01:41:36 AM     all      1.25      0.00     23.50      0.00      0.00      0.50      0.50      0.00      0.00     74.25
01:41:37 AM     all      1.01      0.00     22.67      0.00      0.00      0.50      0.25      0.00      0.00     75.57
01:41:38 AM     all      1.50      0.00     22.81      0.00      0.00      0.25      0.50      0.00      0.00     74.94
01:41:39 AM     all      1.50      0.00     22.31      0.25      0.00      0.50      0.50      0.00      0.00     74.94
01:41:40 AM     all      1.25      0.00     22.50      0.00      0.00      0.50      0.50      0.00      0.00     75.25
01:41:41 AM     all     74.06      0.00     14.46      0.00      0.00      0.50      0.25      0.00      0.00     10.72
01:41:42 AM     all     79.40      0.00     14.57      0.00      0.00      0.50      0.25      0.00      0.00      5.28
01:41:43 AM     all      5.50      0.00     23.00      0.00      0.00      0.50      0.50      0.00      0.00     70.50
01:41:44 AM     all      1.76      0.00     21.86      0.00      0.00      0.50      0.50      0.00      0.00     75.38
01:41:45 AM     all      1.75      0.00     22.19      0.00      0.00      0.50      0.50      0.00      0.00     75.06
01:41:46 AM     all      1.25      0.00     22.31      0.00      0.00      0.50      0.50      0.00      0.00     75.44
01:41:47 AM     all      1.26      0.00     22.73      0.00      0.00      0.25      0.51      0.00      0.00     75.25
01:41:48 AM     all      1.50      0.00     21.30      0.00      0.00      0.50      0.50      0.00      0.00     76.19
01:41:49 AM     all     32.50      0.00     22.50      0.00      0.00      0.50      0.50      0.00      0.00     44.00
01:41:50 AM     all     58.35      0.00     21.45      0.00      0.00      0.75      0.25      0.00      0.00     19.20
01:41:51 AM     all     45.34      0.00     22.17      0.00      0.00      0.50      0.50      0.00      0.00     31.49
01:41:52 AM     all     18.43      0.00     20.96      0.00      0.00      0.51      0.51      0.00      0.00     59.60
01:41:53 AM     all      1.25      0.00     23.81      0.00      0.00      0.25      0.50      0.00      0.00     74.19
01:41:54 AM     all      1.01      0.00     22.36      0.25      0.00      0.75      0.50      0.00      0.00     75.13
01:41:55 AM     all      1.50      0.00     22.19      0.00      0.00      0.25      0.50      0.00      0.00     75.56
01:41:56 AM     all      9.52      0.00     20.80      0.00      0.00      0.50      0.50      0.00      0.00     68.67
01:41:57 AM     all     45.73      0.00     21.36      0.00      0.00      0.50      0.50      0.00      0.00     31.91
01:41:58 AM     all     55.00      0.00     21.00      0.00      0.00      0.50      0.50      0.00      0.00     23.00
01:41:59 AM     all     31.16      0.00     21.11      0.00      0.00      0.75      0.50      0.00      0.00     46.48
01:42:00 AM     all      4.02      0.00     21.86      0.00      0.00      0.25      0.50      0.00      0.00     73.37
01:42:01 AM     all      2.50      0.00     21.25      0.25      0.00      0.50      0.50      0.00      0.00     75.00
01:42:02 AM     all      1.75      0.00     22.56      0.00      0.00      0.50      0.50      0.00      0.00     74.69
01:42:03 AM     all      6.72      0.00     20.90      0.00      0.00      0.50      0.50      0.00      0.00     71.39
01:42:04 AM     all     49.37      0.00     22.31      0.25      0.00      0.50      0.50      0.00      0.00     27.07
01:42:05 AM     all     63.03      0.00     19.11      0.00      0.00      0.74      0.50      0.00      0.00     16.63
01:42:06 AM     all     32.33      0.00     22.56      0.00      0.00      0.50      0.50      0.00      0.00     44.11
01:42:07 AM     all      7.07      0.00     19.95      0.00      0.00      0.51      0.51      0.00      0.00     71.97
01:42:08 AM     all      1.26      0.00     19.90      0.00      0.00      0.25      0.50      0.00      0.00     78.09
01:42:09 AM     all      1.00      0.00     20.80      0.00      0.00      0.50      0.50      0.00      0.00     77.19
01:42:10 AM     all      0.75      0.00     20.60      0.00      0.00      0.50      0.50      0.00      0.00     77.64
01:42:11 AM     all      1.52      0.00     18.48      0.00      0.00      0.51      0.25      0.00      0.00     79.24
01:42:12 AM     all      1.50      0.00     20.50      0.00      0.00      0.50      0.50      0.00      0.00     77.00
01:42:13 AM     all      1.26      0.00     19.60      0.00      0.00      0.50      0.50      0.00      0.00     78.14
01:42:14 AM     all      1.26      0.00     21.61      0.00      0.00      0.25      0.50      0.00      0.00     76.38
01:42:15 AM     all      1.99      0.00     20.90      0.00      0.00      0.50      0.50      0.00      0.00     76.12
01:42:16 AM     all      1.26      0.00     21.11      0.00      0.00      0.50      0.25      0.00      0.00     76.88
01:42:17 AM     all      1.50      0.00     21.30      0.00      0.00      0.50      0.50      0.00      0.00     76.19
01:42:18 AM     all      1.51      0.00     19.35      0.00      0.00      0.25      0.25      0.00      0.00     78.64
01:42:19 AM     all      1.50      0.00     19.50      0.25      0.00      0.50      0.50      0.00      0.00     77.75
01:42:20 AM     all      1.50      0.00     20.50      0.00      0.00      0.50      0.50      0.00      0.00     77.00
01:42:21 AM     all      1.26      0.00     17.17      0.00      0.00      0.51      0.51      0.00      0.00     80.56
01:42:22 AM     all      1.49      0.00     19.90      0.00      0.00      0.50      0.50      0.00      0.00     77.61
01:42:23 AM     all      0.76      0.00     18.48      0.00      0.00      0.51      0.51      0.00      0.00     79.75
01:42:24 AM     all      1.50      0.00     19.25      0.00      0.00      0.25      0.50      0.00      0.00     78.50
01:42:25 AM     all      1.51      0.00     20.91      0.00      0.00      0.50      0.50      0.00      0.00     76.57
01:42:26 AM     all      1.25      0.00     17.75      0.00      0.00      0.50      0.50      0.00      0.00     80.00
01:42:27 AM     all      1.26      0.00     20.91      0.00      0.00      0.50      0.25      0.00      0.00     77.08
01:42:28 AM     all      1.75      0.00     20.00      0.00      0.00      0.50      0.50      0.00      0.00     77.25
01:42:29 AM     all      1.25      0.00     20.75      0.00      0.00      0.50      0.50      0.00      0.00     77.00
01:42:30 AM     all      1.25      0.00     19.50      0.00      0.00      0.50      0.50      0.00      0.00     78.25
01:42:31 AM     all      1.25      0.00     21.00      0.00      0.00      0.50      0.25      0.00      0.00     77.00
01:42:32 AM     all      1.52      0.00     19.19      0.00      0.00      0.25      0.51      0.00      0.00     78.54
01:42:33 AM     all      1.25      0.00     21.80      0.00      0.00      0.50      0.50      0.00      0.00     75.94
01:42:34 AM     all      2.01      0.00     22.61      0.25      0.00      0.50      0.50      0.00      0.00     74.12
01:42:35 AM     all      1.75      0.00     20.80      0.00      0.00      0.50      0.50      0.00      0.00     76.44
01:42:36 AM     all      1.75      0.00     22.00      0.00      0.00      0.50      0.25      0.00      0.00     75.50
01:42:37 AM     all      1.51      0.00     22.11      0.00      0.00      0.50      0.50      0.00      0.00     75.38
01:42:38 AM     all      1.50      0.00     22.25      0.00      0.00      0.25      0.50      0.00      0.00     75.50
01:42:39 AM     all      1.50      0.00     20.55      0.00      0.00      0.75      0.50      0.00      0.00     76.69
01:42:40 AM     all      0.76      0.00     23.17      0.00      0.00      0.25      0.50      0.00      0.00     75.31
01:42:41 AM     all     37.69      0.00     20.10      0.00      0.00      0.50      0.25      0.00      0.00     41.46
01:42:42 AM     all     86.25      0.00     13.00      0.00      0.00      0.50      0.25      0.00      0.00      0.00
01:42:43 AM     all     36.66      0.00     19.95      0.00      0.00      0.50      0.50      0.00      0.00     42.39
01:42:44 AM     all      1.01      0.00     22.92      0.00      0.00      0.50      0.50      0.00      0.00     75.06
01:42:45 AM     all      1.50      0.00     22.81      0.00      0.00      0.50      0.50      0.00      0.00     74.69
01:42:46 AM     all      1.25      0.00     22.81      0.00      0.00      0.50      0.50      0.00      0.00     74.94
01:42:47 AM     all      1.26      0.00     21.91      0.00      0.00      0.50      0.50      0.00      0.00     75.82
01:42:48 AM     all      1.26      0.00     23.37      0.00      0.00      0.50      0.25      0.00      0.00     74.62
01:42:49 AM     all      2.99      0.00     23.69      0.25      0.00      0.50      0.50      0.00      0.00     72.07
01:42:50 AM     all     52.90      0.00     19.90      0.00      0.00      0.50      0.50      0.00      0.00     26.20
01:42:51 AM     all     64.32      0.00     20.35      0.00      0.00      0.50      0.50      0.00      0.00     14.32
01:42:52 AM     all     29.57      0.00     21.05      0.00      0.00      0.50      0.50      0.00      0.00     48.37
01:42:53 AM     all      7.79      0.00     21.36      0.00      0.00      0.50      0.50      0.00      0.00     69.85
01:42:54 AM     all      1.25      0.00     21.55      0.00      0.00      0.50      0.50      0.00      0.00     76.19
01:42:55 AM     all      1.76      0.00     22.42      0.00      0.00      0.50      0.50      0.00      0.00     74.81
01:42:56 AM     all      1.75      0.00     21.05      0.00      0.00      0.50      0.50      0.00      0.00     76.19
01:42:57 AM     all     16.83      0.00     22.36      0.00      0.00      0.50      0.50      0.00      0.00     59.80
01:42:58 AM     all     63.66      0.00     20.80      0.00      0.00      0.50      0.25      0.00      0.00     14.79
01:42:59 AM     all     46.77      0.00     20.90      0.25      0.00      0.75      0.50      0.00      0.00     30.85
01:43:00 AM     all     18.84      0.00     22.36      0.00      0.00      0.25      0.50      0.00      0.00     58.04
01:43:01 AM     all      2.01      0.00     21.61      0.00      0.00      0.75      0.50      0.00      0.00     75.13
01:43:02 AM     all      1.51      0.00     22.67      0.00      0.00      0.25      0.50      0.00      0.00     75.06
01:43:03 AM     all      1.01      0.00     21.11      0.00      0.00      0.50      0.50      0.00      0.00     76.88
01:43:04 AM     all     16.75      0.00     22.50      0.00      0.00      0.50      0.50      0.00      0.00     59.75
01:43:05 AM     all     63.98      0.00     20.65      0.00      0.00      0.50      0.50      0.00      0.00     14.36
01:43:06 AM     all     53.87      0.00     21.95      0.00      0.00      0.75      0.50      0.00      0.00     22.94
01:43:07 AM     all     23.17      0.00     22.67      0.00      0.00      0.50      0.50      0.00      0.00     53.15
01:43:08 AM     all      1.25      0.00     20.55      0.00      0.00      0.50      0.50      0.00      0.00     77.19
01:43:09 AM     all      1.27      0.00     22.03      0.25      0.00      0.25      0.25      0.00      0.00     75.95
01:43:10 AM     all      0.75      0.00     22.25      0.00      0.00      0.50      0.50      0.00      0.00     76.00
01:43:11 AM     all      1.25      0.00     24.19      0.00      0.00      0.50      0.50      0.00      0.00     73.57
01:43:12 AM     all      2.01      0.00     20.10      0.00      0.00      0.50      0.50      0.00      0.00     76.88
01:43:13 AM     all      1.75      0.00     22.25      0.00      0.00      0.50      0.50      0.00      0.00     75.00
01:43:14 AM     all      1.51      0.00     22.61      0.00      0.00      0.25      0.50      0.00      0.00     75.13
01:43:15 AM     all      1.26      0.00     21.86      0.00      0.00      0.50      0.50      0.00      0.00     75.88
01:43:16 AM     all      1.01      0.00     22.22      0.00      0.00      0.51      0.25      0.00      0.00     76.01
01:43:17 AM     all      1.50      0.00     21.00      0.00      0.00      0.50      0.50      0.00      0.00     76.50
01:43:18 AM     all      1.01      0.00     23.12      0.00      0.00      0.50      0.50      0.00      0.00     74.87
01:43:19 AM     all      1.25      0.00     22.31      0.00      0.00      0.50      0.50      0.00      0.00     75.44
01:43:20 AM     all      2.01      0.00     21.36      0.00      0.00      0.25      0.50      0.00      0.00     75.88
01:43:21 AM     all      1.01      0.00     22.42      0.00      0.00      0.50      0.25      0.00      0.00     75.82
01:43:22 AM     all      1.50      0.00     21.30      0.00      0.00      0.50      0.50      0.00      0.00     76.19
01:43:23 AM     all      1.49      0.00     22.83      0.00      0.00      0.50      0.50      0.00      0.00     74.69
01:43:24 AM     all      1.00      0.00     22.81      0.25      0.00      0.50      0.50      0.00      0.00     74.94
01:43:25 AM     all      1.75      0.00     21.05      0.00      0.00      0.50      0.50      0.00      0.00     76.19
01:43:26 AM     all      0.75      0.00     21.86      0.00      0.00      0.25      0.50      0.00      0.00     76.63
01:43:27 AM     all      1.26      0.00     21.41      0.00      0.00      0.50      0.25      0.00      0.00     76.57
01:43:28 AM     all      1.75      0.00     23.00      0.00      0.00      0.50      0.50      0.00      0.00     74.25
01:43:29 AM     all      0.76      0.00     23.23      0.00      0.00      0.51      0.51      0.00      0.00     75.00
01:43:30 AM     all      1.51      0.00     20.65      0.00      0.00      0.25      0.50      0.00      0.00     77.08
01:43:31 AM     all      1.01      0.00     22.17      0.00      0.00      0.50      0.50      0.00      0.00     75.82
01:43:32 AM     all      1.26      0.00     17.38      0.00      0.00      0.50      0.25      0.00      0.00     80.60
01:43:33 AM     all      2.01      0.00     21.36      0.00      0.00      0.50      0.50      0.00      0.00     75.63
01:43:34 AM     all      1.51      0.00     22.11      0.00      0.00      0.50      0.50      0.00      0.00     75.38
01:43:35 AM     all      1.75      0.00     22.94      0.00      0.00      0.50      0.50      0.00      0.00     74.31
01:43:36 AM     all      1.01      0.00     22.03      0.00      0.00      0.25      0.25      0.00      0.00     76.46
01:43:37 AM     all      1.00      0.00     22.94      0.00      0.00      0.50      0.75      0.00      0.00     74.81
01:43:38 AM     all      1.26      0.00     20.60      0.00      0.00      0.50      0.50      0.00      0.00     77.14
01:43:39 AM     all      1.26      0.00     22.61      0.00      0.00      0.50      0.25      0.00      0.00     75.38
01:43:40 AM     all      1.76      0.00     20.85      0.00      0.00      0.50      0.50      0.00      0.00     76.38
01:43:41 AM     all      7.54      0.00     22.86      0.00      0.00      0.50      0.50      0.00      0.00     68.59
01:43:42 AM     all     86.72      0.00     12.53      0.00      0.00      0.50      0.25      0.00      0.00      0.00
01:43:43 AM     all     65.50      0.00     17.25      0.00      0.00      0.50      0.25      0.00      0.00     16.50
01:43:44 AM     all      1.25      0.00     21.30      0.25      0.00      0.25      0.50      0.00      0.00     76.44
01:43:45 AM     all      1.75      0.00     22.44      0.00      0.00      0.50      0.50      0.00      0.00     74.81
01:43:46 AM     all      1.50      0.00     20.80      0.00      0.00      0.50      0.50      0.00      0.00     76.69
01:43:47 AM     all      1.75      0.00     22.44      0.00      0.00      0.50      0.50      0.00      0.00     74.81
01:43:48 AM     all      1.75      0.00     21.50      0.00      0.00      0.50      0.50      0.00      0.00     75.75
01:43:49 AM     all      1.75      0.00     22.31      0.00      0.00      0.50      0.25      0.00      0.00     75.19
01:43:50 AM     all     30.83      0.00     21.80      0.00      0.00      0.50      0.50      0.00      0.00     46.37
01:43:51 AM     all     70.85      0.00     20.60      0.00      0.00      0.50      0.50      0.00      0.00      7.54
01:43:52 AM     all     40.81      0.00     20.15      0.00      0.00      0.50      0.50      0.00      0.00     38.04
01:43:53 AM     all     13.28      0.00     22.81      0.00      0.00      0.50      0.50      0.00      0.00     62.91
01:43:54 AM     all      1.26      0.00     21.16      0.00      0.00      0.50      0.50      0.00      0.00     76.57
01:43:55 AM     all      1.75      0.00     21.55      0.00      0.00      0.50      0.50      0.00      0.00     75.69
01:43:56 AM     all      1.51      0.00     20.85      0.00      0.00      0.50      0.50      0.00      0.00     76.63
01:43:57 AM     all      3.77      0.00     22.61      0.00      0.00      0.50      0.25      0.00      0.00     72.86
01:43:58 AM     all     57.25      0.00     21.50      0.00      0.00      0.50      0.50      0.00      0.00     20.25
01:43:59 AM     all     60.65      0.00     21.55      0.00      0.00      0.50      0.50      0.00      0.00     16.79
01:44:00 AM     all     22.11      0.00     23.12      0.00      0.00      0.50      0.50      0.00      0.00     53.77
01:44:01 AM     all      2.26      0.00     21.05      0.00      0.00      0.50      0.50      0.00      0.00     75.69
01:44:02 AM     all      1.01      0.00     22.92      0.00      0.00      0.50      0.25      0.00      0.00     75.31
01:44:03 AM     all      1.26      0.00     20.10      0.00      0.00      0.50      0.50      0.00      0.00     77.64
01:44:04 AM     all      5.25      0.00     21.25      0.25      0.00      0.25      0.50      0.00      0.00     72.50
01:44:05 AM     all     54.50      0.00     20.75      0.00      0.00      0.75      0.50      0.00      0.00     23.50
01:44:06 AM     all     70.85      0.00     19.85      0.00      0.00      0.50      0.50      0.00      0.00      8.29
01:44:07 AM     all     27.64      0.00     21.36      0.00      0.00      0.50      0.50      0.00      0.00     50.00
01:44:08 AM     all      1.49      0.00     22.14      0.00      0.00      0.50      0.50      0.00      0.00     75.37
01:44:09 AM     all      1.51      0.00     22.17      0.00      0.00      0.25      0.25      0.00      0.00     75.82
01:44:10 AM     all      1.75      0.00     22.50      0.00      0.00      0.50      0.50      0.00      0.00     74.75
01:44:11 AM     all      1.26      0.00     22.86      0.00      0.00      0.50      0.50      0.00      0.00     74.87
01:44:12 AM     all      2.01      0.00     21.05      0.00      0.00      0.50      0.50      0.00      0.00     75.94
01:44:13 AM     all      1.50      0.00     22.06      0.00      0.00      0.50      0.50      0.00      0.00     75.44
01:44:14 AM     all      1.51      0.00     21.91      0.00      0.00      0.50      0.50      0.00      0.00     75.57
01:44:15 AM     all      1.76      0.00     22.11      0.00      0.00      0.25      0.50      0.00      0.00     75.38
01:44:16 AM     all      1.26      0.00     21.86      0.00      0.00      0.50      0.50      0.00      0.00     75.88
01:44:17 AM     all      1.01      0.00     21.41      0.00      0.00      0.50      0.50      0.00      0.00     76.57
01:44:18 AM     all      1.00      0.00     22.06      0.00      0.00      0.50      0.50      0.00      0.00     75.94
01:44:19 AM     all      0.76      0.00     20.65      0.25      0.00      0.50      0.25      0.00      0.00     77.58
01:44:20 AM     all      1.75      0.00     22.56      0.00      0.00      0.50      0.50      0.00      0.00     74.69
01:44:21 AM     all      1.50      0.00     21.80      0.00      0.00      0.25      0.50      0.00      0.00     75.94
01:44:22 AM     all      1.00      0.00     23.81      0.00      0.00      0.50      0.50      0.00      0.00     74.19
01:44:23 AM     all      2.51      0.00     21.05      0.00      0.00      0.50      0.50      0.00      0.00     75.44
01:44:24 AM     all      1.75      0.00     23.06      0.00      0.00      0.50      0.50      0.00      0.00     74.19
01:44:25 AM     all      1.50      0.00     22.00      0.00      0.00      0.50      0.50      0.00      0.00     75.50
01:44:26 AM     all      1.52      0.00     20.96      0.00      0.00      0.51      0.51      0.00      0.00     76.52
01:44:27 AM     all      1.76      0.00     21.36      0.00      0.00      0.25      0.50      0.00      0.00     76.13
01:44:28 AM     all      0.51      0.00     23.04      0.00      0.00      0.51      0.25      0.00      0.00     75.70
01:44:29 AM     all      1.25      0.00     21.55      0.00      0.00      0.50      0.50      0.00      0.00     76.19
01:44:30 AM     all      2.24      0.00     22.44      0.00      0.00      0.50      0.50      0.00      0.00     74.31
01:44:31 AM     all      1.25      0.00     22.25      0.00      0.00      0.25      0.50      0.00      0.00     75.75
01:44:32 AM     all      1.75      0.00     21.55      0.00      0.00      0.50      0.50      0.00      0.00     75.69
01:44:33 AM     all      1.51      0.00     22.61      0.00      0.00      0.50      0.25      0.00      0.00     75.13
01:44:34 AM     all      1.76      0.00     20.65      0.00      0.00      0.50      0.50      0.00      0.00     76.57
01:44:35 AM     all      1.25      0.00     22.31      0.00      0.00      0.50      0.50      0.00      0.00     75.44
01:44:36 AM     all      2.01      0.00     21.55      0.00      0.00      0.50      0.50      0.00      0.00     75.44
01:44:37 AM     all      1.51      0.00     20.91      0.00      0.00      0.25      0.50      0.00      0.00     76.83
01:44:38 AM     all      1.26      0.00     22.86      0.00      0.00      0.50      0.50      0.00      0.00     74.87
01:44:39 AM     all      1.01      0.00     22.61      0.25      0.00      0.50      0.50      0.00      0.00     75.13
01:44:40 AM     all      0.75      0.00     21.86      0.00      0.00      0.50      0.25      0.00      0.00     76.63
01:44:41 AM     all      1.76      0.00     20.65      0.00      0.00      0.25      0.50      0.00      0.00     76.83
01:44:42 AM     all     61.60      0.00     16.96      0.00      0.00      0.75      0.25      0.00      0.00     20.45
01:44:43 AM     all     88.28      0.00     10.97      0.00      0.00      0.25      0.50      0.00      0.00      0.00
01:44:44 AM     all     13.00      0.00     21.75      0.00      0.00      0.75      0.25      0.00      0.00     64.25
01:44:45 AM     all      1.51      0.00     20.65      0.00      0.00      0.25      0.50      0.00      0.00     77.08
01:44:46 AM     all      1.26      0.00     20.35      0.00      0.00      0.50      0.50      0.00      0.00     77.39
01:44:47 AM     all      0.76      0.00     23.17      0.00      0.00      0.50      0.50      0.00      0.00     75.06
01:44:48 AM     all      1.51      0.00     21.11      0.00      0.00      0.50      0.50      0.00      0.00     76.38
01:44:49 AM     all      1.51      0.00     21.41      0.25      0.00      0.25      0.25      0.00      0.00     76.32
01:44:50 AM     all      1.00      0.00     23.06      0.00      0.00      0.50      0.50      0.00      0.00     74.94
01:44:51 AM     all     50.88      0.00     19.80      0.00      0.00      0.50      0.50      0.00      0.00     28.32
01:44:52 AM     all     86.28      0.00     12.72      0.00      0.00      0.75      0.25      0.00      0.00      0.00
01:44:53 AM     all     14.86      0.00     21.91      0.00      0.00      0.25      0.50      0.00      0.00     62.47
01:44:54 AM     all      1.26      0.00     22.92      0.00      0.00      0.50      0.25      0.00      0.00     75.06
01:44:55 AM     all      1.76      0.00     19.10      0.00      0.00      0.50      0.50      0.00      0.00     78.14
01:44:56 AM     all      1.00      0.00     17.79      0.00      0.00      0.50      0.50      0.00      0.00     80.20
01:44:57 AM     all      1.76      0.00     21.61      0.00      0.00      0.25      0.50      0.00      0.00     75.88
01:44:58 AM     all      1.26      0.00     20.45      0.00      0.00      0.51      0.51      0.00      0.00     77.27
01:44:59 AM     all     17.04      0.00     22.56      0.00      0.00      0.50      0.50      0.00      0.00     59.40
01:45:00 AM     all     81.91      0.00     16.58      0.00      0.00      0.50      0.25      0.00      0.00      0.75
01:45:01 AM     all     44.75      0.00     20.25      0.00      0.00      0.50      0.50      0.00      0.00     34.00
01:45:02 AM     all      1.27      0.00     21.27      0.00      0.00      0.51      0.51      0.00      0.00     76.46
01:45:03 AM     all      1.25      0.00     22.56      0.00      0.00      0.50      0.50      0.00      0.00     75.19
01:45:04 AM     all      1.75      0.00     20.00      0.25      0.00      0.50      0.50      0.00      0.00     77.00
01:45:05 AM     all      1.25      0.00     23.56      0.00      0.00      0.50      0.50      0.00      0.00     74.19
01:45:06 AM     all     12.85      0.00     19.90      0.00      0.00      0.50      0.50      0.00      0.00     66.25
01:45:07 AM     all     54.89      0.00     20.80      0.00      0.00      0.50      0.25      0.00      0.00     23.56
01:45:08 AM     all     75.00      0.00     17.50      0.00      0.00      0.50      0.50      0.00      0.00      6.50
01:45:09 AM     all     13.10      0.00     22.17      0.00      0.00      0.50      0.50      0.00      0.00     63.73
01:45:10 AM     all      1.51      0.00     21.11      0.00      0.00      0.50      0.25      0.00      0.00     76.63
01:45:11 AM     all      1.51      0.00     22.61      0.00      0.00      0.25      0.50      0.00      0.00     75.13
01:45:12 AM     all      1.75      0.00     22.06      0.00      0.00      0.50      0.50      0.00      0.00     75.19
01:45:13 AM     all      1.27      0.00     21.77      0.00      0.00      0.51      0.51      0.00      0.00     75.95
01:45:14 AM     all      1.50      0.00     21.25      0.25      0.00      0.50      0.50      0.00      0.00     76.00
01:45:15 AM     all      1.50      0.00     21.55      0.00      0.00      0.50      0.50      0.00      0.00     75.94
01:45:16 AM     all      1.26      0.00     22.17      0.00      0.00      0.50      0.50      0.00      0.00     75.57
01:45:17 AM     all      1.52      0.00     22.22      0.00      0.00      0.25      0.25      0.00      0.00     75.76
01:45:18 AM     all      1.00      0.00     21.30      0.00      0.00      0.50      0.75      0.00      0.00     76.44
01:45:19 AM     all      1.01      0.00     23.62      0.00      0.00      0.50      0.25      0.00      0.00     74.62
01:45:20 AM     all      1.76      0.00     19.85      0.00      0.00      0.50      0.50      0.00      0.00     77.39
01:45:21 AM     all      0.75      0.00     22.86      0.00      0.00      0.50      0.50      0.00      0.00     75.38
01:45:22 AM     all      2.00      0.00     22.69      0.00      0.00      0.25      0.50      0.00      0.00     74.56
01:45:23 AM     all      1.76      0.00     20.60      0.00      0.00      0.50      0.50      0.00      0.00     76.63
01:45:24 AM     all      1.25      0.00     23.31      0.00      0.00      0.50      0.50      0.00      0.00     74.44
01:45:25 AM     all      1.01      0.00     22.36      0.00      0.00      0.50      0.50      0.00      0.00     75.63
01:45:26 AM     all      1.50      0.00     21.75      0.00      0.00      0.50      0.50      0.00      0.00     75.75
01:45:27 AM     all      0.75      0.00     22.11      0.00      0.00      0.50      0.50      0.00      0.00     76.13
01:45:28 AM     all      1.26      0.00     21.21      0.00      0.00      0.51      0.51      0.00      0.00     76.52
01:45:29 AM     all      1.50      0.00     22.69      1.25      0.00      0.25      0.50      0.00      0.00     73.82
01:45:30 AM     all      1.51      0.00     20.65      0.00      0.00      0.50      0.50      0.00      0.00     76.83
01:45:31 AM     all      1.00      0.00     22.06      0.00      0.00      0.50      0.50      0.00      0.00     75.94
01:45:32 AM     all      0.76      0.00     22.17      0.00      0.00      0.50      0.25      0.00      0.00     76.32
01:45:33 AM     all      1.50      0.00     22.00      0.00      0.00      0.50      0.50      0.00      0.00     75.50
01:45:34 AM     all      1.75      0.00     20.05      0.00      0.00      0.50      0.75      0.00      0.00     76.94
01:45:35 AM     all      1.52      0.00     21.52      0.00      0.00      0.25      0.25      0.00      0.00     76.46
01:45:36 AM     all      1.01      0.00     21.11      0.00      0.00      0.50      0.50      0.00      0.00     76.88
01:45:37 AM     all      1.50      0.00     23.00      0.00      0.00      0.50      0.50      0.00      0.00     74.50
01:45:38 AM     all      2.25      0.00     21.50      0.00      0.00      0.50      0.50      0.00      0.00     75.25
01:45:39 AM     all      1.75      0.00     21.95      0.25      0.00      0.50      0.50      0.00      0.00     75.06
01:45:40 AM     all      1.25      0.00     22.31      0.00      0.00      0.50      0.25      0.00      0.00     75.69
01:45:41 AM     all      1.27      0.00     21.01      0.00      0.00      0.25      0.51      0.00      0.00     76.96
01:45:42 AM     all     19.15      0.00     22.39      0.00      0.00      0.50      0.50      0.00      0.00     57.46
01:45:43 AM     all     86.75      0.00     12.50      0.00      0.00      0.50      0.25      0.00      0.00      0.00
01:45:44 AM     all     53.77      0.00     18.59      0.00      0.00      0.50      0.25      0.00      0.00     26.88
01:45:45 AM     all      1.00      0.00     23.94      0.00      0.00      0.50      0.50      0.00      0.00     74.06
01:45:46 AM     all      1.50      0.00     20.75      0.00      0.00      0.50      0.50      0.00      0.00     76.75
01:45:47 AM     all      1.00      0.00     23.06      0.00      0.00      0.50      0.50      0.00      0.00     74.94
01:45:48 AM     all      1.26      0.00     21.91      0.00      0.00      0.50      0.50      0.00      0.00     75.82
01:45:49 AM     all      1.01      0.00     22.42      0.00      0.00      0.25      0.25      0.00      0.00     76.07
01:45:50 AM     all      7.27      0.00     22.81      0.00      0.00      0.50      0.50      0.00      0.00     68.92
01:45:51 AM     all     50.87      0.00     21.70      0.00      0.00      0.75      0.50      0.00      0.00     26.18
01:45:52 AM     all     40.15      0.00     21.97      0.00      0.00      0.51      0.51      0.00      0.00     36.87
01:45:53 AM     all     48.62      0.00     22.81      0.00      0.00      0.50      0.50      0.00      0.00     27.57
01:45:54 AM     all     11.56      0.00     22.61      0.00      0.00      0.50      0.50      0.00      0.00     64.82
01:45:55 AM     all      1.25      0.00     21.55      0.00      0.00      0.50      0.50      0.00      0.00     76.19
01:45:56 AM     all      1.51      0.00     19.90      0.00      0.00      0.50      0.50      0.00      0.00     77.58
01:45:57 AM     all      1.01      0.00     22.86      0.00      0.00      0.25      0.50      0.00      0.00     75.38
01:45:58 AM     all     23.00      0.00     23.25      0.00      0.00      0.50      0.50      0.00      0.00     52.75
01:45:59 AM     all     49.37      0.00     21.30      0.25      0.00      0.75      0.50      0.00      0.00     27.82
01:46:00 AM     all     38.79      0.00     22.42      0.00      0.00      0.50      0.50      0.00      0.00     37.78
01:46:01 AM     all     33.75      0.00     21.66      0.00      0.00      0.50      0.50      0.00      0.00     43.58
01:46:02 AM     all      1.01      0.00     22.86      0.00      0.00      0.50      0.25      0.00      0.00     75.38
01:46:03 AM     all      1.25      0.00     20.80      0.00      0.00      0.25      0.50      0.00      0.00     77.19
01:46:04 AM     all      1.25      0.00     23.19      0.00      0.00      0.50      0.50      0.00      0.00     74.56
01:46:05 AM     all     21.61      0.00     21.86      0.00      0.00      0.50      0.50      0.00      0.00     55.53
01:46:06 AM     all     52.38      0.00     22.81      0.00      0.00      0.75      0.50      0.00      0.00     23.56
01:46:07 AM     all     42.89      0.00     22.69      0.00      0.00      0.50      0.50      0.00      0.00     33.42
01:46:08 AM     all     38.69      0.00     22.61      0.00      0.00      0.50      0.50      0.00      0.00     37.69
01:46:09 AM     all      3.76      0.00     22.06      0.25      0.00      0.50      0.50      0.00      0.00     72.93
01:46:10 AM     all      1.26      0.00     22.86      0.00      0.00      0.25      0.50      0.00      0.00     75.13
01:46:11 AM     all      1.50      0.00     21.20      0.00      0.00      0.50      0.50      0.00      0.00     76.31
01:46:12 AM     all      1.01      0.00     22.11      0.00      0.00      0.50      0.50      0.00      0.00     75.88
01:46:13 AM     all      1.25      0.00     24.00      0.00      0.00      0.50      0.25      0.00      0.00     74.00
01:46:14 AM     all      1.76      0.00     22.11      0.25      0.00      0.25      0.50      0.00      0.00     75.13
01:46:15 AM     all      1.01      0.00     21.46      0.00      0.00      0.51      0.51      0.00      0.00     76.52
01:46:16 AM     all      1.50      0.00     22.31      0.00      0.00      0.50      0.50      0.00      0.00     75.19
01:46:17 AM     all      1.01      0.00     22.61      0.00      0.00      0.50      0.50      0.00      0.00     75.38
01:46:18 AM     all      1.25      0.00     23.00      0.00      0.00      0.50      0.25      0.00      0.00     75.00
01:46:19 AM     all      1.51      0.00     23.62      0.00      0.00      0.50      0.50      0.00      0.00     73.87
01:46:20 AM     all      1.25      0.00     20.75      0.00      0.00      0.25      0.50      0.00      0.00     77.25
01:46:21 AM     all      1.51      0.00     22.92      0.00      0.00      0.50      0.50      0.00      0.00     74.56
01:46:22 AM     all      1.50      0.00     21.50      0.00      0.00      0.50      0.50      0.00      0.00     76.00
01:46:23 AM     all      1.26      0.00     21.61      0.00      0.00      0.50      0.50      0.00      0.00     76.13
01:46:24 AM     all      1.51      0.00     22.42      0.00      0.00      0.50      0.25      0.00      0.00     75.31
01:46:25 AM     all      1.76      0.00     22.36      0.00      0.00      0.25      0.50      0.00      0.00     75.13
01:46:26 AM     all      1.00      0.00     18.25      0.00      0.00      0.50      0.50      0.00      0.00     79.75
01:46:27 AM     all      1.25      0.00     23.06      0.00      0.00      0.50      0.50      0.00      0.00     74.69
01:46:28 AM     all      1.01      0.00     21.77      0.00      0.00      0.51      0.51      0.00      0.00     76.20
01:46:29 AM     all      1.75      0.00     21.75      0.25      0.00      0.50      0.50      0.00      0.00     75.25
01:46:30 AM     all      1.01      0.00     23.43      0.00      0.00      0.25      0.25      0.00      0.00     75.06
01:46:31 AM     all      1.00      0.00     22.31      0.00      0.00      0.50      0.50      0.00      0.00     75.69
01:46:32 AM     all      2.00      0.00     21.25      0.00      0.00      0.50      0.50      0.00      0.00     75.75
01:46:33 AM     all      1.51      0.00     20.85      0.00      0.00      0.50      0.50      0.00      0.00     76.63
01:46:34 AM     all      2.24      0.00     22.39      0.00      0.00      0.25      0.50      0.00      0.00     74.63
01:46:35 AM     all      1.75      0.00     22.06      0.00      0.00      0.50      0.50      0.00      0.00     75.19
01:46:36 AM     all      1.26      0.00     21.36      0.00      0.00      0.50      0.25      0.00      0.00     76.63
01:46:37 AM     all      1.01      0.00     22.17      0.00      0.00      0.50      0.50      0.00      0.00     75.82
01:46:38 AM     all      1.26      0.00     20.60      0.00      0.00      0.50      0.50      0.00      0.00     77.14
01:46:39 AM     all      1.75      0.00     22.44      0.25      0.00      0.50      0.50      0.00      0.00     74.56
01:46:40 AM     all      2.24      0.00     21.95      0.00      0.00      0.25      0.50      0.00      0.00     75.06
01:46:41 AM     all      1.50      0.00     21.05      0.00      0.00      0.50      0.50      0.00      0.00     76.44
01:46:42 AM     all      1.50      0.00     23.19      0.00      0.00      0.50      0.50      0.00      0.00     74.31
01:46:43 AM     all     81.25      0.00     14.25      0.00      0.00      0.50      0.25      0.00      0.00      3.75
01:46:44 AM     all     78.39      0.00     14.82      0.00      0.00      0.50      0.25      0.00      0.00      6.03
01:46:45 AM     all      1.75      0.00     22.06      0.00      0.00      0.50      0.50      0.00      0.00     75.19
01:46:46 AM     all      1.27      0.00     21.27      0.00      0.00      0.51      0.51      0.00      0.00     76.46
01:46:47 AM     all      1.01      0.00     22.67      0.00      0.00      0.50      0.50      0.00      0.00     75.31
01:46:48 AM     all      1.49      0.00     22.39      0.00      0.00      0.50      0.50      0.00      0.00     75.12
01:46:49 AM     all      1.26      0.00     21.91      0.25      0.00      0.50      0.50      0.00      0.00     75.57
01:46:50 AM     all      1.76      0.00     22.11      0.00      0.00      0.25      0.25      0.00      0.00     75.63
01:46:51 AM     all     18.95      0.00     22.94      0.00      0.00      0.50      0.50      0.00      0.00     57.11
01:46:52 AM     all     58.15      0.00     20.05      0.00      0.00      0.50      0.50      0.00      0.00     20.80
01:46:53 AM     all     72.00      0.00     21.75      0.00      0.00      0.75      0.50      0.00      0.00      5.00
01:46:54 AM     all      7.81      0.00     21.66      0.00      0.00      0.50      0.50      0.00      0.00     69.52
01:46:55 AM     all      1.50      0.00     21.80      0.00      0.00      0.50      0.50      0.00      0.00     75.69
01:46:56 AM     all      1.51      0.00     18.09      0.00      0.00      0.25      0.50      0.00      0.00     79.65
01:46:57 AM     all      1.01      0.00     22.47      0.00      0.00      0.51      0.25      0.00      0.00     75.76
01:46:58 AM     all      4.75      0.00     22.50      0.00      0.00      0.50      0.50      0.00      0.00     71.75
01:46:59 AM     all     26.68      0.00     22.69      0.00      0.00      0.50      0.50      0.00      0.00     49.63
01:47:00 AM     all     52.01      0.00     21.36      0.00      0.00      0.50      0.50      0.00      0.00     25.63
01:47:01 AM     all     61.10      0.00     21.95      0.00      0.00      0.75      0.50      0.00      0.00     15.71
01:47:02 AM     all      2.49      0.00     22.69      0.00      0.00      0.25      0.50      0.00      0.00     74.06
01:47:03 AM     all      1.51      0.00     21.36      0.00      0.00      0.50      0.50      0.00      0.00     76.13
01:47:04 AM     all      1.50      0.00     22.44      0.25      0.00      0.50      0.25      0.00      0.00     75.06
01:47:05 AM     all      5.51      0.00     21.55      0.00      0.00      0.50      0.50      0.00      0.00     71.93
01:47:06 AM     all     26.00      0.00     23.25      0.00      0.00      0.50      0.50      0.00      0.00     49.75
01:47:07 AM     all     39.20      0.00     21.86      0.00      0.00      0.50      0.50      0.00      0.00     37.94
01:47:08 AM     all     66.17      0.00     21.30      0.00      0.00      0.50      0.50      0.00      0.00     11.53
01:47:09 AM     all     21.00      0.00     22.50      0.00      0.00      0.50      0.50      0.00      0.00     55.50
01:47:10 AM     all      1.00      0.00     22.81      0.00      0.00      0.50      0.25      0.00      0.00     75.44
01:47:11 AM     all      2.00      0.00     22.44      0.00      0.00      0.50      0.50      0.00      0.00     74.56
01:47:12 AM     all      1.01      0.00     22.22      0.00      0.00      0.25      0.51      0.00      0.00     76.01
01:47:13 AM     all      2.00      0.00     21.00      0.00      0.00      0.50      0.50      0.00      0.00     76.00
01:47:14 AM     all      0.50      0.00     23.12      0.25      0.00      0.50      0.50      0.00      0.00     75.13
01:47:15 AM     all      1.51      0.00     22.11      0.00      0.00      0.50      0.50      0.00      0.00     75.38
01:47:16 AM     all      1.01      0.00     22.42      0.00      0.00      0.50      0.25      0.00      0.00     75.82
01:47:17 AM     all      1.01      0.00     22.42      0.00      0.00      0.50      0.50      0.00      0.00     75.57
01:47:18 AM     all      2.00      0.00     20.95      0.00      0.00      0.25      0.50      0.00      0.00     76.31
01:47:19 AM     all      1.00      0.00     23.25      0.00      0.00      0.50      0.50      0.00      0.00     74.75
01:47:20 AM     all      1.75      0.00     21.55      0.00      0.00      0.50      0.50      0.00      0.00     75.69
01:47:21 AM     all      1.76      0.00     22.11      0.00      0.00      0.50      0.50      0.00      0.00     75.13
01:47:22 AM     all      1.00      0.00     22.44      0.00      0.00      0.50      0.50      0.00      0.00     75.56
01:47:23 AM     all      1.25      0.00     21.45      0.00      0.00      0.50      0.50      0.00      0.00     76.31
01:47:24 AM     all      1.50      0.00     23.06      0.75      0.00      0.25      0.50      0.00      0.00     73.93
01:47:25 AM     all      1.75      0.00     22.00      0.00      0.00      0.50      0.50      0.00      0.00     75.25
01:47:26 AM     all      1.51      0.00     15.37      0.00      0.00      0.50      0.25      0.00      0.00     82.37
01:47:27 AM     all      1.25      0.00     22.06      0.00      0.00      0.50      0.50      0.00      0.00     75.69
01:47:28 AM     all      1.25      0.00     22.06      0.00      0.00      0.50      0.50      0.00      0.00     75.69
01:47:29 AM     all      0.76      0.00     22.17      0.00      0.00      0.50      0.50      0.00      0.00     76.07
01:47:30 AM     all      1.01      0.00     22.11      0.00      0.00      0.25      0.50      0.00      0.00     76.13
01:47:31 AM     all      1.50      0.00     23.25      0.00      0.00      0.50      0.50      0.00      0.00     74.25
01:47:32 AM     all      1.77      0.00     21.27      0.00      0.00      0.51      0.25      0.00      0.00     76.20
01:47:33 AM     all      1.75      0.00     22.44      0.00      0.00      0.50      0.50      0.00      0.00     74.81
01:47:34 AM     all      1.50      0.00     22.00      1.50      0.00      0.50      0.50      0.00      0.00     74.00
01:47:35 AM     all      1.75      0.00     23.25      0.00      0.00      0.50      0.50      0.00      0.00     74.00
01:47:36 AM     all      1.76      0.00     21.11      0.00      0.00      0.25      0.50      0.00      0.00     76.38
01:47:37 AM     all      1.25      0.00     22.50      0.00      0.00      0.50      0.50      0.00      0.00     75.25
01:47:38 AM     all      1.50      0.00     21.80      0.00      0.00      0.50      0.50      0.00      0.00     75.69
01:47:39 AM     all      1.25      0.00     23.94      0.00      0.00      0.50      0.50      0.00      0.00     73.82
01:47:40 AM     all      2.01      0.00     23.12      0.00      0.00      0.50      0.25      0.00      0.00     74.12
01:47:41 AM     all      1.50      0.00     21.80      0.00      0.00      0.50      0.50      0.00      0.00     75.69
01:47:42 AM     all      1.75      0.00     21.30      0.00      0.00      0.25      0.50      0.00      0.00     76.19
01:47:43 AM     all      0.25      0.00      5.25      0.00      0.00      0.25      0.00      0.00      0.00     94.25
01:47:44 AM     all      0.25      0.00      0.50      0.25      0.00      0.00      0.25      0.00      0.00     98.76
01:47:45 AM     all      0.25      0.00      0.25      0.00      0.00      0.25      0.00      0.00      0.00     99.25
01:47:46 AM     all      0.25      0.00      0.25      0.00      0.00      0.00      0.00      0.00      0.00     99.50
01:47:47 AM     all      0.00      0.00      0.25      0.00      0.00      0.25      0.00      0.00      0.00     99.50
01:47:48 AM     all      0.00      0.00      0.00      0.00      0.00      0.00      0.25      0.00      0.00     99.75
01:47:49 AM     all      0.25      0.00      0.25      0.00      0.00      0.25      0.00      0.00      0.00     99.25
Average:        all     10.70      0.00     21.01      0.03      0.00      0.47      0.46      0.00      0.00     67.34
