Linux 4.9.253-tegra (nano-desktop) 	08/17/2023 	_aarch64_	(4 CPU)

02:21:10 AM     CPU      %usr     %nice      %sys   %iowait    %steal      %irq     %soft    %guest    %gnice     %idle
02:21:11 AM     all      1.51      0.00     36.02      0.00      0.00      0.50      0.76      0.00      0.00     61.21
02:21:12 AM     all      1.50      0.00     22.06      0.00      0.00      0.50      0.25      0.00      0.00     75.69
02:21:13 AM     all      2.48      0.00     21.09      0.00      0.00      0.50      0.50      0.00      0.00     75.43
02:21:14 AM     all      1.26      0.00     23.37      0.00      0.00      0.25      0.50      0.00      0.00     74.62
02:21:15 AM     all      2.01      0.00     22.61      0.25      0.00      0.50      0.50      0.00      0.00     74.12
02:21:16 AM     all      1.26      0.00     22.11      0.00      0.00      0.50      0.50      0.00      0.00     75.63
02:21:17 AM     all      1.01      0.00     22.22      0.00      0.00      0.51      0.51      0.00      0.00     75.76
02:21:18 AM     all      0.75      0.00     22.61      0.00      0.00      0.50      0.25      0.00      0.00     75.88
02:21:19 AM     all      2.01      0.00     20.35      0.00      0.00      0.50      0.50      0.00      0.00     76.63
02:21:20 AM     all      1.01      0.00     22.47      0.25      0.00      0.25      0.51      0.00      0.00     75.51
02:21:21 AM     all      1.25      0.00     21.05      0.00      0.00      0.50      0.50      0.00      0.00     76.69
02:21:22 AM     all      1.25      0.00     23.19      0.00      0.00      0.50      0.50      0.00      0.00     74.56
02:21:23 AM     all      0.75      0.00     22.11      0.00      0.00      0.50      0.50      0.00      0.00     76.13
02:21:24 AM     all      1.50      0.00     22.81      0.00      0.00      0.50      0.25      0.00      0.00     74.94
02:21:25 AM     all      1.25      0.00     18.55      0.00      0.00      0.25      0.50      0.00      0.00     79.45
02:21:26 AM     all      1.00      0.00     15.50      0.00      0.00      0.50      0.50      0.00      0.00     82.50
02:21:27 AM     all      0.76      0.00     23.23      0.00      0.00      0.51      0.25      0.00      0.00     75.25
02:21:28 AM     all      1.51      0.00     23.12      0.00      0.00      0.25      0.50      0.00      0.00     74.62
02:21:29 AM     all      1.75      0.00     22.31      0.00      0.00      0.50      0.50      0.00      0.00     74.94
02:21:30 AM     all      1.50      0.00     23.56      0.00      0.00      0.50      0.50      0.00      0.00     73.93
02:21:31 AM     all      1.26      0.00     22.36      0.00      0.00      0.50      0.50      0.00      0.00     75.38
02:21:32 AM     all      1.75      0.00     22.50      0.00      0.00      0.50      0.50      0.00      0.00     74.75
02:21:33 AM     all      1.26      0.00     21.11      0.00      0.00      0.50      0.50      0.00      0.00     76.63
02:21:34 AM     all      1.50      0.00     20.80      0.00      0.00      0.50      0.50      0.00      0.00     76.69
02:21:35 AM     all      1.51      0.00     22.42      0.00      0.00      0.25      0.25      0.00      0.00     75.57
02:21:36 AM     all      1.26      0.00     22.61      0.25      0.00      0.50      0.50      0.00      0.00     74.87
02:21:37 AM     all      1.26      0.00     22.86      0.00      0.00      0.50      0.50      0.00      0.00     74.87
02:21:38 AM     all      1.76      0.00     22.11      0.00      0.00      0.50      0.50      0.00      0.00     75.13
02:21:39 AM     all      1.50      0.00     22.56      0.00      0.00      0.50      0.50      0.00      0.00     74.94
02:21:40 AM     all     51.38      0.00     19.55      0.00      0.00      0.50      0.25      0.00      0.00     28.32
02:21:41 AM     all     79.70      0.00     19.30      0.00      0.00      0.75      0.25      0.00      0.00      0.00
02:21:42 AM     all     79.30      0.00     19.45      0.00      0.00      0.75      0.50      0.00      0.00      0.00
02:21:43 AM     all     82.00      0.00     16.50      0.00      0.00      1.00      0.50      0.00      0.00      0.00
02:21:44 AM     all     84.50      0.00     14.75      0.00      0.00      0.50      0.25      0.00      0.00      0.00
02:21:45 AM     all     83.79      0.00     14.96      0.00      0.00      1.00      0.25      0.00      0.00      0.00
02:21:46 AM     all     82.91      0.00     15.83      0.00      0.00      0.75      0.50      0.00      0.00      0.00
02:21:47 AM     all     81.75      0.00     17.25      0.00      0.00      0.75      0.25      0.00      0.00      0.00
02:21:48 AM     all     82.25      0.00     16.50      0.00      0.00      0.75      0.50      0.00      0.00      0.00
02:21:49 AM     all     84.54      0.00     14.21      0.00      0.00      1.00      0.25      0.00      0.00      0.00
02:21:50 AM     all     85.96      0.00     13.03      0.00      0.00      0.75      0.25      0.00      0.00      0.00
02:21:51 AM     all     85.75      0.00     13.00      0.00      0.00      0.75      0.50      0.00      0.00      0.00
02:21:52 AM     all     85.79      0.00     12.97      0.00      0.00      1.00      0.25      0.00      0.00      0.00
02:21:53 AM     all     86.50      0.00     12.25      0.00      0.00      0.75      0.50      0.00      0.00      0.00
02:21:54 AM     all     85.96      0.00     13.03      0.00      0.00      0.75      0.25      0.00      0.00      0.00
02:21:55 AM     all     83.50      0.00     15.00      0.00      0.00      1.00      0.50      0.00      0.00      0.00
02:21:56 AM     all     84.83      0.00     13.93      0.00      0.00      0.75      0.50      0.00      0.00      0.00
02:21:57 AM     all     89.25      0.00      9.50      0.00      0.00      1.00      0.25      0.00      0.00      0.00
02:21:58 AM     all     86.50      0.00     12.25      0.00      0.00      0.75      0.50      0.00      0.00      0.00
02:21:59 AM     all     85.75      0.00     13.00      0.00      0.00      0.75      0.50      0.00      0.00      0.00
02:22:00 AM     all     86.53      0.00     12.22      0.00      0.00      1.00      0.25      0.00      0.00      0.00
02:22:01 AM     all     86.72      0.00     12.28      0.00      0.00      0.75      0.25      0.00      0.00      0.00
02:22:02 AM     all     87.00      0.00     12.00      0.00      0.00      0.75      0.25      0.00      0.00      0.00
02:22:03 AM     all     86.28      0.00     12.22      0.00      0.00      1.00      0.50      0.00      0.00      0.00
02:22:04 AM     all     86.00      0.00     12.75      0.00      0.00      0.75      0.50      0.00      0.00      0.00
02:22:05 AM     all     84.75      0.00     14.00      0.00      0.00      1.00      0.25      0.00      0.00      0.00
02:22:06 AM     all     84.92      0.00     14.07      0.00      0.00      0.75      0.25      0.00      0.00      0.00
02:22:07 AM     all     83.29      0.00     15.46      0.00      0.00      0.75      0.50      0.00      0.00      0.00
02:22:08 AM     all     87.00      0.00     11.75      0.00      0.00      0.75      0.50      0.00      0.00      0.00
02:22:09 AM     all     83.25      0.00     15.25      0.00      0.00      1.00      0.50      0.00      0.00      0.00
02:22:10 AM     all     33.58      0.00      5.51      0.00      0.00      0.25      0.00      0.00      0.00     60.65
02:22:11 AM     all      0.00      0.00      0.25      0.00      0.00      0.25      0.00      0.00      0.00     99.50
02:22:12 AM     all      0.25      0.00      0.25      0.00      0.00      0.00      0.25      0.00      0.00     99.25
02:22:13 AM     all      0.75      0.00     13.22      0.00      0.00      0.75      0.25      0.00      0.00     85.04
02:22:14 AM     all      1.25      0.00     20.25      0.00      0.00      1.25      0.75      0.00      0.00     76.50
02:22:15 AM     all      2.00      0.00     18.95      0.00      0.00      0.75      0.50      0.00      0.00     77.81
02:22:16 AM     all      1.25      0.00     17.54      0.25      0.00      0.50      0.50      0.00      0.00     79.95
02:22:17 AM     all      1.26      0.00     16.83      0.00      0.00      0.50      0.50      0.00      0.00     80.90
02:22:18 AM     all      1.75      0.00     19.05      0.00      0.00      0.25      0.25      0.00      0.00     78.70
02:22:19 AM     all      1.50      0.00     21.30      0.00      0.00      0.50      0.50      0.00      0.00     76.19
02:22:20 AM     all      1.00      0.00     21.55      0.00      0.00      0.50      0.50      0.00      0.00     76.44
02:22:21 AM     all      1.01      0.00     21.41      0.00      0.00      0.50      0.50      0.00      0.00     76.57
02:22:22 AM     all      2.02      0.00     20.15      0.00      0.00      0.25      0.25      0.00      0.00     77.33
02:22:23 AM     all      2.00      0.00     18.75      0.00      0.00      0.75      0.50      0.00      0.00     78.00
02:22:24 AM     all      1.51      0.00     20.15      0.00      0.00      0.25      0.50      0.00      0.00     77.58
02:22:25 AM     all      1.01      0.00     20.91      0.00      0.00      0.50      0.50      0.00      0.00     77.08
02:22:26 AM     all      1.25      0.00     13.22      0.25      0.00      0.25      0.50      0.00      0.00     84.54
02:22:27 AM     all      1.50      0.00     21.05      0.00      0.00      0.50      0.25      0.00      0.00     76.69
02:22:28 AM     all      1.26      0.00     20.15      0.00      0.00      0.50      0.50      0.00      0.00     77.58
02:22:29 AM     all      1.26      0.00     19.35      0.00      0.00      0.50      0.50      0.00      0.00     78.39
02:22:30 AM     all      1.76      0.00     20.15      0.00      0.00      0.25      0.50      0.00      0.00     77.33
02:22:31 AM     all      1.01      0.00     21.41      0.00      0.00      0.50      0.25      0.00      0.00     76.83
02:22:32 AM     all      1.51      0.00     18.09      0.00      0.00      0.50      0.50      0.00      0.00     79.40
02:22:33 AM     all      1.50      0.00     20.05      0.00      0.00      0.50      0.50      0.00      0.00     77.44
02:22:34 AM     all      1.51      0.00     19.85      0.00      0.00      0.50      0.50      0.00      0.00     77.64
02:22:35 AM     all      1.51      0.00     19.85      0.00      0.00      0.50      0.50      0.00      0.00     77.64
02:22:36 AM     all      1.75      0.00     20.30      0.00      0.00      0.25      0.50      0.00      0.00     77.19
02:22:37 AM     all      1.00      0.00     21.30      0.00      0.00      0.50      0.25      0.00      0.00     76.94
02:22:38 AM     all      1.25      0.00     20.55      0.00      0.00      0.50      0.50      0.00      0.00     77.19
02:22:39 AM     all      1.25      0.00     20.30      0.00      0.00      0.50      0.50      0.00      0.00     77.44
02:22:40 AM     all      1.75      0.00     20.30      0.00      0.00      0.50      0.50      0.00      0.00     76.94
02:22:41 AM     all      1.50      0.00     20.55      0.25      0.00      0.50      0.50      0.00      0.00     76.69
02:22:42 AM     all      1.51      0.00     21.11      0.00      0.00      0.25      0.50      0.00      0.00     76.63
02:22:43 AM     all     27.27      0.00     22.22      0.00      0.00      0.51      0.25      0.00      0.00     49.75
02:22:44 AM     all     86.75      0.00     12.25      0.00      0.00      0.75      0.25      0.00      0.00      0.00
02:22:45 AM     all     82.04      0.00     16.46      0.00      0.00      1.00      0.50      0.00      0.00      0.00
02:22:46 AM     all     82.29      0.00     16.71      0.00      0.00      0.75      0.25      0.00      0.00      0.00
02:22:47 AM     all     87.75      0.00     11.25      0.00      0.00      0.75      0.25      0.00      0.00      0.00
02:22:48 AM     all     85.75      0.00     13.25      0.00      0.00      0.75      0.25      0.00      0.00      0.00
02:22:49 AM     all     86.25      0.00     12.50      0.00      0.00      0.75      0.50      0.00      0.00      0.00
02:22:50 AM     all     88.25      0.00     10.50      0.00      0.00      1.00      0.25      0.00      0.00      0.00
02:22:51 AM     all     86.28      0.00     12.47      0.00      0.00      0.75      0.50      0.00      0.00      0.00
02:22:52 AM     all     85.71      0.00     13.28      0.00      0.00      0.75      0.25      0.00      0.00      0.00
02:22:53 AM     all     86.78      0.00     11.72      0.00      0.00      1.00      0.50      0.00      0.00      0.00
02:22:54 AM     all     91.73      0.00      7.27      0.00      0.00      0.75      0.25      0.00      0.00      0.00
02:22:55 AM     all     84.79      0.00     13.72      0.00      0.00      1.00      0.50      0.00      0.00      0.00
02:22:56 AM     all     86.47      0.00     12.53      0.00      0.00      0.75      0.25      0.00      0.00      0.00
02:22:57 AM     all     88.50      0.00     10.00      0.00      0.00      1.00      0.50      0.00      0.00      0.00
02:22:58 AM     all     85.75      0.00     13.25      0.00      0.00      0.75      0.25      0.00      0.00      0.00
02:22:59 AM     all     86.03      0.00     12.47      0.00      0.00      1.00      0.50      0.00      0.00      0.00
02:23:00 AM     all     84.96      0.00     14.04      0.00      0.00      0.75      0.25      0.00      0.00      0.00
02:23:01 AM     all     85.50      0.00     13.25      0.00      0.00      0.75      0.50      0.00      0.00      0.00
02:23:02 AM     all     85.96      0.00     13.03      0.00      0.00      0.75      0.25      0.00      0.00      0.00
02:23:03 AM     all     85.82      0.00     12.44      0.00      0.00      1.00      0.50      0.00      0.00      0.25
02:23:04 AM     all     85.96      0.00     13.03      0.00      0.00      0.75      0.25      0.00      0.00      0.00
02:23:05 AM     all     85.50      0.00     13.00      0.00      0.00      1.00      0.50      0.00      0.00      0.00
02:23:06 AM     all     85.54      0.00     12.72      0.00      0.00      1.00      0.75      0.00      0.00      0.00
02:23:07 AM     all     85.71      0.00     13.28      0.00      0.00      0.75      0.25      0.00      0.00      0.00
02:23:08 AM     all     86.50      0.00     12.50      0.00      0.00      0.75      0.25      0.00      0.00      0.00
02:23:09 AM     all     88.28      0.00     10.22      0.00      0.00      1.00      0.50      0.00      0.00      0.00
02:23:10 AM     all     86.43      0.00     12.56      0.00      0.00      0.75      0.25      0.00      0.00      0.00
02:23:11 AM     all     86.07      0.00     12.44      0.00      0.00      1.00      0.50      0.00      0.00      0.00
02:23:12 AM     all     85.25      0.00     13.50      0.00      0.00      0.75      0.50      0.00      0.00      0.00
02:23:13 AM     all     56.39      0.00      8.27      0.00      0.00      0.75      0.25      0.00      0.00     34.34
02:23:14 AM     all      0.25      0.00      0.00      0.00      0.00      0.00      0.00      0.00      0.00     99.75
02:23:15 AM     all      0.00      0.00      0.50      0.00      0.00      0.00      0.00      0.00      0.00     99.50
02:23:16 AM     all      0.00      0.00      3.51      0.00      0.00      0.25      0.25      0.00      0.00     95.99
02:23:17 AM     all      2.48      0.00     16.38      0.00      0.00      0.99      0.50      0.00      0.00     79.65
02:23:18 AM     all      1.26      0.00     15.33      0.00      0.00      0.50      0.25      0.00      0.00     82.66
02:23:19 AM     all      1.01      0.00     15.87      0.00      0.00      0.25      0.50      0.00      0.00     82.37
02:23:20 AM     all      1.00      0.00     11.53      0.00      0.00      0.25      0.25      0.00      0.00     86.97
02:23:21 AM     all      1.01      0.00     15.66      0.00      0.00      0.51      0.51      0.00      0.00     82.32
02:23:22 AM     all      1.52      0.00     18.18      0.00      0.00      0.25      0.25      0.00      0.00     79.80
02:23:23 AM     all      0.75      0.00      9.02      0.25      0.00      0.50      0.25      0.00      0.00     89.22
02:23:24 AM     all      0.75      0.00     12.78      0.00      0.00      0.25      0.50      0.00      0.00     85.71
02:23:25 AM     all      1.00      0.00     17.04      0.00      0.00      0.25      0.25      0.00      0.00     81.45
02:23:26 AM     all      0.75      0.00     12.25      0.00      0.00      0.50      0.25      0.00      0.00     86.25
02:23:27 AM     all      1.75      0.00     15.46      0.00      0.00      0.50      0.50      0.00      0.00     81.80
02:23:28 AM     all      0.25      0.00      8.52      0.00      0.00      0.25      0.25      0.00      0.00     90.73
02:23:29 AM     all      0.50      0.00      7.73      0.00      0.00      0.25      0.25      0.00      0.00     91.27
02:23:30 AM     all      0.50      0.00      8.54      0.00      0.00      0.25      0.25      0.00      0.00     90.45
02:23:31 AM     all      0.50      0.00      8.54      0.00      0.00      0.00      0.25      0.00      0.00     90.70
02:23:32 AM     all      0.75      0.00      9.23      0.00      0.00      0.50      0.00      0.00      0.00     89.53
02:23:33 AM     all      0.50      0.00      8.77      0.00      0.00      0.25      0.25      0.00      0.00     90.23
02:23:34 AM     all      0.50      0.00      8.75      0.00      0.00      0.25      0.25      0.00      0.00     90.25
02:23:35 AM     all      1.25      0.00     12.75      0.00      0.00      0.25      0.25      0.00      0.00     85.50
02:23:36 AM     all      1.00      0.00     12.72      0.25      0.00      0.25      0.50      0.00      0.00     85.29
02:23:37 AM     all      1.01      0.00     16.12      0.00      0.00      0.50      0.25      0.00      0.00     82.12
02:23:38 AM     all      0.75      0.00     15.58      0.00      0.00      0.25      0.50      0.00      0.00     82.91
02:23:39 AM     all      1.25      0.00     16.29      0.00      0.00      0.50      0.25      0.00      0.00     81.70
02:23:40 AM     all      1.01      0.00     15.33      0.00      0.00      0.25      0.50      0.00      0.00     82.91
02:23:41 AM     all      1.50      0.00     15.25      0.00      0.00      0.50      0.25      0.00      0.00     82.50
02:23:42 AM     all      2.01      0.00     17.84      0.00      0.00      0.50      0.50      0.00      0.00     79.15
02:23:43 AM     all      1.51      0.00     16.08      0.00      0.00      0.25      0.25      0.00      0.00     81.91
02:23:44 AM     all      1.01      0.00     15.58      0.00      0.00      0.50      0.50      0.00      0.00     82.41
02:23:45 AM     all      1.25      0.00     16.21      0.00      0.00      0.25      0.50      0.00      0.00     81.80
02:23:46 AM     all      1.50      0.00     14.79      0.25      0.00      0.50      0.25      0.00      0.00     82.71
02:23:47 AM     all     48.87      0.00     13.03      0.00      0.00      0.50      0.25      0.00      0.00     37.34
02:23:48 AM     all     80.00      0.00     19.00      0.00      0.00      0.75      0.25      0.00      0.00      0.00
02:23:49 AM     all     83.96      0.00     15.04      0.00      0.00      0.75      0.25      0.00      0.00      0.00
02:23:50 AM     all     83.25      0.00     15.75      0.00      0.00      0.75      0.25      0.00      0.00      0.00
02:23:51 AM     all     86.35      0.00     12.41      0.00      0.00      0.74      0.50      0.00      0.00      0.00
02:23:52 AM     all     87.25      0.00     11.75      0.00      0.00      0.75      0.25      0.00      0.00      0.00
02:23:53 AM     all     88.22      0.00     10.78      0.00      0.00      0.75      0.25      0.00      0.00      0.00
02:23:54 AM     all     87.28      0.00     11.47      0.00      0.00      0.75      0.50      0.00      0.00      0.00
02:23:55 AM     all     86.72      0.00     12.28      0.00      0.00      0.75      0.25      0.00      0.00      0.00
02:23:56 AM     all     85.79      0.00     12.97      0.00      0.00      1.00      0.25      0.00      0.00      0.00
02:23:57 AM     all     85.00      0.00     13.75      0.00      0.00      0.75      0.50      0.00      0.00      0.00
02:23:58 AM     all     88.72      0.00     10.28      0.00      0.00      0.75      0.25      0.00      0.00      0.00
02:23:59 AM     all     86.50      0.00     12.00      0.00      0.00      1.00      0.50      0.00      0.00      0.00
02:24:00 AM     all     84.79      0.00     13.97      0.00      0.00      0.75      0.50      0.00      0.00      0.00
02:24:01 AM     all     85.75      0.00     12.75      0.00      0.00      1.00      0.50      0.00      0.00      0.00
02:24:02 AM     all     85.25      0.00     13.75      0.00      0.00      0.75      0.25      0.00      0.00      0.00
02:24:03 AM     all     85.46      0.00     13.53      0.00      0.00      0.75      0.25      0.00      0.00      0.00
02:24:04 AM     all     85.00      0.00     13.50      0.00      0.00      1.00      0.50      0.00      0.00      0.00
02:24:05 AM     all     86.03      0.00     12.97      0.00      0.00      0.75      0.25      0.00      0.00      0.00
02:24:06 AM     all     92.98      0.00      6.02      0.00      0.00      0.75      0.25      0.00      0.00      0.00
02:24:07 AM     all     87.25      0.00     11.50      0.00      0.00      0.75      0.50      0.00      0.00      0.00
02:24:08 AM     all     89.75      0.00      9.00      0.00      0.00      1.00      0.25      0.00      0.00      0.00
02:24:09 AM     all     86.50      0.00     12.25      0.00      0.00      0.75      0.50      0.00      0.00      0.00
02:24:10 AM     all     84.29      0.00     14.21      0.00      0.00      1.00      0.50      0.00      0.00      0.00
02:24:11 AM     all     87.00      0.00     11.75      0.00      0.00      0.75      0.50      0.00      0.00      0.00
02:24:12 AM     all     84.25      0.00     14.25      0.00      0.00      1.00      0.50      0.00      0.00      0.00
02:24:13 AM     all     86.47      0.00     12.53      0.00      0.00      0.75      0.25      0.00      0.00      0.00
02:24:14 AM     all     85.29      0.00     13.22      0.00      0.00      1.00      0.50      0.00      0.00      0.00
02:24:15 AM     all     87.22      0.00     11.78      0.00      0.00      0.75      0.25      0.00      0.00      0.00
02:24:16 AM     all     87.25      0.00     11.50      0.00      0.00      0.75      0.50      0.00      0.00      0.00
02:24:17 AM     all     40.40      0.00     12.97      0.00      0.00      0.50      0.25      0.00      0.00     45.89
02:24:18 AM     all      0.76      0.00     16.88      0.00      0.00      0.50      0.25      0.00      0.00     81.61
02:24:19 AM     all      0.76      0.00     16.88      0.00      0.00      0.25      0.50      0.00      0.00     81.61
02:24:20 AM     all      0.75      0.00     12.31      0.00      0.00      0.50      0.25      0.00      0.00     86.18
02:24:21 AM     all      1.00      0.00     10.25      0.00      0.00      0.25      0.25      0.00      0.00     88.25
02:24:22 AM     all      1.50      0.00     16.75      0.00      0.00      0.50      0.50      0.00      0.00     80.75
02:24:23 AM     all      1.01      0.00     16.37      0.00      0.00      0.25      0.25      0.00      0.00     82.12
02:24:24 AM     all      0.50      0.00     17.25      0.00      0.00      0.50      0.50      0.00      0.00     81.25
02:24:25 AM     all      1.01      0.00     15.62      0.00      0.00      0.25      0.25      0.00      0.00     82.87
02:24:26 AM     all      1.49      0.00     16.13      0.25      0.00      0.50      0.50      0.00      0.00     81.14
02:24:27 AM     all      1.26      0.00     14.82      0.00      0.00      0.50      0.50      0.00      0.00     82.91
02:24:28 AM     all      1.01      0.00     19.44      0.00      0.00      0.25      0.25      0.00      0.00     79.04
02:24:29 AM     all      1.25      0.00     15.04      0.00      0.00      0.50      0.50      0.00      0.00     82.71
02:24:30 AM     all      0.76      0.00     11.59      0.00      0.00      0.25      0.25      0.00      0.00     87.15
02:24:31 AM     all      0.50      0.00     11.78      0.00      0.00      0.25      0.25      0.00      0.00     87.22
02:24:32 AM     all      0.51      0.00     15.44      0.00      0.00      0.51      0.25      0.00      0.00     83.29
02:24:33 AM     all      1.50      0.00     16.75      0.00      0.00      0.50      0.50      0.00      0.00     80.75
02:24:34 AM     all      2.49      0.00     15.42      0.00      0.00      0.25      0.50      0.00      0.00     81.34
02:24:35 AM     all      0.75      0.00     16.58      0.00      0.00      0.50      0.25      0.00      0.00     81.91
02:24:36 AM     all      1.00      0.00     16.21      0.25      0.00      0.25      0.50      0.00      0.00     81.80
02:24:37 AM     all      1.75      0.00     13.75      0.00      0.00      0.50      0.25      0.00      0.00     83.75
02:24:38 AM     all      1.00      0.00     17.25      0.00      0.00      0.25      0.50      0.00      0.00     81.00
02:24:39 AM     all      1.25      0.00     17.04      0.00      0.00      0.50      0.25      0.00      0.00     80.95
02:24:40 AM     all      1.50      0.00     16.71      0.00      0.00      0.25      0.50      0.00      0.00     81.05
02:24:41 AM     all      1.50      0.00     16.79      0.00      0.00      0.50      0.25      0.00      0.00     80.95
02:24:42 AM     all      0.75      0.00      8.75      0.00      0.00      0.25      0.25      0.00      0.00     90.00
02:24:43 AM     all      1.25      0.00      9.75      0.00      0.00      0.25      0.50      0.00      0.00     88.25
02:24:44 AM     all      0.75      0.00      9.48      0.00      0.00      0.50      0.25      0.00      0.00     89.03
02:24:45 AM     all      0.51      0.00     17.17      0.00      0.00      0.25      0.51      0.00      0.00     81.57
02:24:46 AM     all      1.25      0.00     15.50      0.00      0.00      0.50      0.50      0.00      0.00     82.25
02:24:47 AM     all      1.51      0.00     16.12      0.00      0.00      0.25      0.25      0.00      0.00     81.86
02:24:48 AM     all     71.00      0.00     16.00      0.00      0.00      0.75      0.25      0.00      0.00     12.00
02:24:49 AM     all     82.25      0.00     16.75      0.00      0.00      0.75      0.25      0.00      0.00      0.00
02:24:50 AM     all     79.25      0.00     19.50      0.00      0.00      0.75      0.50      0.00      0.00      0.00
02:24:51 AM     all     86.75      0.00     12.25      0.00      0.00      0.75      0.25      0.00      0.00      0.00
02:24:52 AM     all     80.80      0.00     17.71      0.00      0.00      1.00      0.50      0.00      0.00      0.00
02:24:53 AM     all     88.50      0.00     10.50      0.00      0.00      0.75      0.25      0.00      0.00      0.00
02:24:54 AM     all     88.00      0.00     10.75      0.00      0.00      0.75      0.50      0.00      0.00      0.00
02:24:55 AM     all     87.97      0.00     11.03      0.00      0.00      0.75      0.25      0.00      0.00      0.00
02:24:56 AM     all     86.00      0.00     12.75      0.00      0.00      0.75      0.50      0.00      0.00      0.00
02:24:57 AM     all     86.25      0.00     12.75      0.00      0.00      0.75      0.25      0.00      0.00      0.00
02:24:58 AM     all     86.75      0.00     11.75      0.00      0.00      1.00      0.50      0.00      0.00      0.00
02:24:59 AM     all     84.25      0.00     14.75      0.00      0.00      0.75      0.25      0.00      0.00      0.00
02:25:00 AM     all     86.00      0.00     12.50      0.00      0.00      1.00      0.50      0.00      0.00      0.00
02:25:01 AM     all     84.50      0.00     14.25      0.00      0.00      0.75      0.50      0.00      0.00      0.00
02:25:02 AM     all     85.82      0.00     12.94      0.00      0.00      1.00      0.25      0.00      0.00      0.00
02:25:03 AM     all     86.25      0.00     12.50      0.00      0.00      0.75      0.50      0.00      0.00      0.00
02:25:04 AM     all     87.22      0.00     11.78      0.00      0.00      0.75      0.25      0.00      0.00      0.00
02:25:05 AM     all     87.06      0.00     11.44      0.00      0.00      1.00      0.50      0.00      0.00      0.00
02:25:06 AM     all     87.94      0.00     11.06      0.00      0.00      0.75      0.25      0.00      0.00      0.00
02:25:07 AM     all     85.07      0.00     13.43      0.00      0.00      1.00      0.50      0.00      0.00      0.00
02:25:08 AM     all     85.93      0.00     13.07      0.00      0.00      0.75      0.25      0.00      0.00      0.00
02:25:09 AM     all     86.78      0.00     11.97      0.00      0.00      0.75      0.50      0.00      0.00      0.00
02:25:10 AM     all     85.54      0.00     12.97      0.00      0.00      1.00      0.50      0.00      0.00      0.00
02:25:11 AM     all     87.72      0.00     11.28      0.00      0.00      0.75      0.25      0.00      0.00      0.00
02:25:12 AM     all     83.25      0.00     15.25      0.00      0.00      1.00      0.50      0.00      0.00      0.00
02:25:13 AM     all     84.29      0.00     14.46      0.00      0.00      0.75      0.50      0.00      0.00      0.00
02:25:14 AM     all     83.71      0.00     15.04      0.00      0.00      1.00      0.25      0.00      0.00      0.00
02:25:15 AM     all     84.50      0.00     14.25      0.00      0.00      0.75      0.50      0.00      0.00      0.00
02:25:16 AM     all     86.03      0.00     12.47      0.00      0.00      1.00      0.50      0.00      0.00      0.00
02:25:17 AM     all     85.96      0.00     13.03      0.00      0.00      0.75      0.25      0.00      0.00      0.00
02:25:18 AM     all     16.21      0.00     14.46      0.00      0.00      0.50      0.50      0.00      0.00     68.33
02:25:19 AM     all      1.50      0.00     16.96      0.00      0.00      0.25      0.50      0.00      0.00     80.80
02:25:20 AM     all      1.99      0.00     17.12      0.00      0.00      0.50      0.25      0.00      0.00     80.15
02:25:21 AM     all      1.00      0.00     17.46      0.00      0.00      0.50      0.50      0.00      0.00     80.55
02:25:22 AM     all      1.50      0.00     16.79      0.00      0.00      0.25      0.50      0.00      0.00     80.95
02:25:23 AM     all      1.76      0.00     16.62      0.00      0.00      0.50      0.25      0.00      0.00     80.86
02:25:24 AM     all      1.25      0.00     17.00      0.00      0.00      0.25      0.50      0.00      0.00     81.00
02:25:25 AM     all      1.26      0.00     15.58      0.00      0.00      0.50      0.25      0.00      0.00     82.41
02:25:26 AM     all      1.01      0.00     13.82      0.25      0.00      0.25      0.50      0.00      0.00     84.17
02:25:27 AM     all      0.75      0.00     14.29      0.00      0.00      0.50      0.25      0.00      0.00     84.21
02:25:28 AM     all      0.76      0.00     15.87      0.00      0.00      0.25      0.25      0.00      0.00     82.87
02:25:29 AM     all      1.50      0.00     15.79      0.00      0.00      0.50      0.50      0.00      0.00     81.70
02:25:30 AM     all      0.75      0.00      9.27      0.00      0.00      0.25      0.25      0.00      0.00     89.47
02:25:31 AM     all      0.76      0.00     16.88      0.00      0.00      0.50      0.50      0.00      0.00     81.36
02:25:32 AM     all      1.01      0.00     16.46      0.00      0.00      0.25      0.25      0.00      0.00     82.03
02:25:33 AM     all      0.75      0.00     16.79      0.00      0.00      0.50      0.50      0.00      0.00     81.45
02:25:34 AM     all      0.76      0.00     14.39      0.00      0.00      0.25      0.25      0.00      0.00     84.34
02:25:35 AM     all      1.01      0.00     17.34      0.00      0.00      0.50      0.50      0.00      0.00     80.65
02:25:36 AM     all      1.25      0.00     16.00      0.00      0.00      0.50      0.25      0.00      0.00     82.00
02:25:37 AM     all      1.25      0.00     15.79      0.00      0.00      0.25      0.50      0.00      0.00     82.21
02:25:38 AM     all      1.26      0.00     15.87      0.00      0.00      0.25      0.25      0.00      0.00     82.37
02:25:39 AM     all      1.00      0.00     15.04      0.00      0.00      0.50      0.50      0.00      0.00     82.96
02:25:40 AM     all      1.01      0.00     16.08      0.00      0.00      0.25      0.25      0.00      0.00     82.41
02:25:41 AM     all      0.75      0.00     17.09      0.00      0.00      0.50      0.25      0.00      0.00     81.41
02:25:42 AM     all      1.00      0.00     17.04      0.00      0.00      0.50      0.50      0.00      0.00     80.95
02:25:43 AM     all      0.51      0.00     16.71      0.00      0.00      0.25      0.51      0.00      0.00     82.03
02:25:44 AM     all      1.26      0.00     18.64      0.00      0.00      0.50      0.25      0.00      0.00     79.35
02:25:45 AM     all      1.26      0.00     18.64      0.00      0.00      0.25      0.50      0.00      0.00     79.35
02:25:46 AM     all      1.00      0.00     16.75      0.25      0.00      0.50      0.25      0.00      0.00     81.25
02:25:47 AM     all      1.25      0.00     15.00      0.00      0.00      0.25      0.50      0.00      0.00     83.00
02:25:48 AM     all     29.15      0.00     15.58      0.00      0.00      0.50      0.25      0.00      0.00     54.52
02:25:49 AM     all     85.75      0.00     13.00      0.00      0.00      0.75      0.50      0.00      0.00      0.00
02:25:50 AM     all     80.75      0.00     18.25      0.00      0.00      0.75      0.25      0.00      0.00      0.00
02:25:51 AM     all     79.25      0.00     19.75      0.00      0.00      0.75      0.25      0.00      0.00      0.00
02:25:52 AM     all     85.75      0.00     12.75      0.00      0.00      1.00      0.50      0.00      0.00      0.00
02:25:53 AM     all     87.00      0.00     12.00      0.00      0.00      0.75      0.25      0.00      0.00      0.00
02:25:54 AM     all     87.97      0.00     11.28      0.00      0.00      0.50      0.25      0.00      0.00      0.00
02:25:55 AM     all     87.78      0.00     10.97      0.00      0.00      1.00      0.25      0.00      0.00      0.00
02:25:56 AM     all     88.25      0.00     10.50      0.00      0.00      0.75      0.50      0.00      0.00      0.00
02:25:57 AM     all     84.46      0.00     14.54      0.00      0.00      0.75      0.25      0.00      0.00      0.00
02:25:58 AM     all     87.03      0.00     11.72      0.00      0.00      0.75      0.50      0.00      0.00      0.00
02:25:59 AM     all     89.25      0.00      9.50      0.00      0.00      1.00      0.25      0.00      0.00      0.00
02:26:00 AM     all     80.75      0.00     17.75      0.00      0.00      1.00      0.50      0.00      0.00      0.00
02:26:01 AM     all     86.75      0.00     12.25      0.00      0.00      0.75      0.25      0.00      0.00      0.00
02:26:02 AM     all     84.25      0.00     14.25      0.00      0.00      1.00      0.50      0.00      0.00      0.00
02:26:03 AM     all     86.25      0.00     12.50      0.00      0.00      0.75      0.50      0.00      0.00      0.00
02:26:04 AM     all     88.53      0.00      9.98      0.00      0.00      1.00      0.50      0.00      0.00      0.00
02:26:05 AM     all     85.96      0.00     13.03      0.00      0.00      0.75      0.25      0.00      0.00      0.00
02:26:06 AM     all     86.47      0.00     12.28      0.00      0.00      0.75      0.50      0.00      0.00      0.00
02:26:07 AM     all     86.03      0.00     12.72      0.00      0.00      1.00      0.25      0.00      0.00      0.00
02:26:08 AM     all     83.50      0.00     15.25      0.00      0.00      0.75      0.50      0.00      0.00      0.00
02:26:09 AM     all     87.00      0.00     11.75      0.00      0.00      1.00      0.25      0.00      0.00      0.00
02:26:10 AM     all     84.50      0.00     14.00      0.00      0.00      0.75      0.75      0.00      0.00      0.00
02:26:11 AM     all     85.96      0.00     13.03      0.00      0.00      0.75      0.25      0.00      0.00      0.00
02:26:12 AM     all     85.54      0.00     12.97      0.00      0.00      1.00      0.50      0.00      0.00      0.00
02:26:13 AM     all     86.50      0.00     12.50      0.00      0.00      0.75      0.25      0.00      0.00      0.00
02:26:14 AM     all     85.96      0.00     13.03      0.00      0.00      0.75      0.25      0.00      0.00      0.00
02:26:15 AM     all     86.32      0.00     12.19      0.00      0.00      1.00      0.50      0.00      0.00      0.00
02:26:16 AM     all     83.79      0.00     14.96      0.00      0.00      0.75      0.50      0.00      0.00      0.00
02:26:17 AM     all     81.75      0.00     17.00      0.00      0.00      1.00      0.25      0.00      0.00      0.00
02:26:18 AM     all     58.54      0.00     11.81      0.00      0.00      0.75      0.50      0.00      0.00     28.39
02:26:19 AM     all      2.01      0.00     16.79      0.00      0.00      0.25      0.50      0.00      0.00     80.45
02:26:20 AM     all      0.50      0.00     16.83      0.00      0.00      0.50      0.25      0.00      0.00     81.91
02:26:21 AM     all      1.01      0.00     15.37      0.00      0.00      0.25      0.50      0.00      0.00     82.87
02:26:22 AM     all      1.50      0.00     15.54      0.00      0.00      0.50      0.25      0.00      0.00     82.21
02:26:23 AM     all      1.01      0.00     16.12      0.00      0.00      0.25      0.50      0.00      0.00     82.12
02:26:24 AM     all      1.01      0.00     15.37      0.00      0.00      0.50      0.25      0.00      0.00     82.87
02:26:25 AM     all      0.76      0.00     17.13      0.00      0.00      0.25      0.50      0.00      0.00     81.36
02:26:26 AM     all      1.01      0.00     12.31      0.00      0.00      0.50      0.50      0.00      0.00     85.68
02:26:27 AM     all      1.25      0.00     17.04      0.00      0.00      0.25      0.25      0.00      0.00     81.20
02:26:28 AM     all      1.51      0.00     17.09      0.00      0.00      0.50      0.50      0.00      0.00     80.40
02:26:29 AM     all      1.25      0.00     19.05      0.00      0.00      0.50      0.25      0.00      0.00     78.95
02:26:30 AM     all      1.50      0.00     13.00      0.00      0.00      0.25      0.50      0.00      0.00     84.75
02:26:31 AM     all      0.75      0.00     14.32      0.25      0.00      0.50      0.25      0.00      0.00     83.92
02:26:32 AM     all      1.25      0.00     16.46      0.00      0.00      0.25      0.50      0.00      0.00     81.55
02:26:33 AM     all      1.25      0.00     16.79      0.00      0.00      0.50      0.25      0.00      0.00     81.20
02:26:34 AM     all      1.00      0.00     16.25      0.00      0.00      0.25      0.50      0.00      0.00     82.00
02:26:35 AM     all      1.50      0.00     14.50      0.00      0.00      0.50      0.25      0.00      0.00     83.25
02:26:36 AM     all      1.50      0.00     16.96      0.00      0.00      0.25      0.50      0.00      0.00     80.80
02:26:37 AM     all      0.50      0.00     17.29      0.00      0.00      0.50      0.25      0.00      0.00     81.45
02:26:38 AM     all      1.50      0.00     16.50      0.00      0.00      0.25      0.50      0.00      0.00     81.25
02:26:39 AM     all      1.51      0.00     15.11      0.00      0.00      0.50      0.25      0.00      0.00     82.62
02:26:40 AM     all      1.25      0.00     14.79      0.00      0.00      0.25      0.50      0.00      0.00     83.21
02:26:41 AM     all      1.51      0.00     16.08      0.00      0.00      0.50      0.25      0.00      0.00     81.66
02:26:42 AM     all      1.26      0.00     16.58      0.00      0.00      0.25      0.50      0.00      0.00     81.41
02:26:43 AM     all      1.25      0.00     15.54      0.00      0.00      0.50      0.25      0.00      0.00     82.46
02:26:44 AM     all      1.25      0.00     16.00      0.00      0.00      0.25      0.50      0.00      0.00     82.00
02:26:45 AM     all      1.26      0.00     14.82      0.00      0.00      0.50      0.25      0.00      0.00     83.17
02:26:46 AM     all      1.25      0.00     12.72      0.00      0.00      0.25      0.50      0.00      0.00     85.29
02:26:47 AM     all      1.26      0.00     16.83      0.00      0.00      0.50      0.25      0.00      0.00     81.16
02:26:48 AM     all      1.00      0.00     17.25      0.00      0.00      0.25      0.50      0.00      0.00     81.00
02:26:49 AM     all     61.50      0.00     16.00      0.00      0.00      0.75      0.50      0.00      0.00     21.25
02:26:50 AM     all     82.04      0.00     16.96      0.00      0.00      0.75      0.25      0.00      0.00      0.00
02:26:51 AM     all     81.95      0.00     17.04      0.00      0.00      0.75      0.25      0.00      0.00      0.00
02:26:52 AM     all     83.50      0.00     15.50      0.00      0.00      0.75      0.25      0.00      0.00      0.00
02:26:53 AM     all     85.79      0.00     13.22      0.00      0.00      0.75      0.25      0.00      0.00      0.00
02:26:54 AM     all     88.53      0.00     10.22      0.00      0.00      0.75      0.50      0.00      0.00      0.00
02:26:55 AM     all     84.25      0.00     14.50      0.00      0.00      1.00      0.25      0.00      0.00      0.00
02:26:56 AM     all     94.25      0.00      4.75      0.00      0.00      0.75      0.25      0.00      0.00      0.00
02:26:57 AM     all     85.21      0.00     13.53      0.00      0.00      0.75      0.50      0.00      0.00      0.00
02:26:58 AM     all     86.78      0.00     12.22      0.00      0.00      0.75      0.25      0.00      0.00      0.00
02:26:59 AM     all     84.75      0.00     13.75      0.00      0.00      1.00      0.50      0.00      0.00      0.00
02:27:00 AM     all     87.72      0.00     11.28      0.00      0.00      0.75      0.25      0.00      0.00      0.00
02:27:01 AM     all     86.03      0.00     12.47      0.00      0.00      1.00      0.50      0.00      0.00      0.00
02:27:02 AM     all     85.00      0.00     14.00      0.00      0.00      0.75      0.25      0.00      0.00      0.00
02:27:03 AM     all     84.75      0.00     13.75      0.00      0.00      1.00      0.50      0.00      0.00      0.00
02:27:04 AM     all     87.22      0.00     11.78      0.00      0.00      0.75      0.25      0.00      0.00      0.00
02:27:05 AM     all     86.03      0.00     12.47      0.00      0.00      1.00      0.50      0.00      0.00      0.00
02:27:06 AM     all     85.50      0.00     13.25      0.00      0.00      0.75      0.50      0.00      0.00      0.00
02:27:07 AM     all     85.50      0.00     13.25      0.00      0.00      1.00      0.25      0.00      0.00      0.00
02:27:08 AM     all     86.72      0.00     12.28      0.00      0.00      0.75      0.25      0.00      0.00      0.00
02:27:09 AM     all     86.78      0.00     11.72      0.00      0.00      1.00      0.50      0.00      0.00      0.00
02:27:10 AM     all     86.50      0.00     12.25      0.00      0.00      0.75      0.50      0.00      0.00      0.00
02:27:11 AM     all     86.00      0.00     12.75      0.00      0.00      1.00      0.25      0.00      0.00      0.00
02:27:12 AM     all     84.46      0.00     14.29      0.00      0.00      0.75      0.50      0.00      0.00      0.00
02:27:13 AM     all     85.79      0.00     12.72      0.00      0.00      1.00      0.50      0.00      0.00      0.00
02:27:14 AM     all     87.03      0.00     11.97      0.00      0.00      0.75      0.25      0.00      0.00      0.00
02:27:15 AM     all     83.21      0.00     15.29      0.00      0.00      1.00      0.50      0.00      0.00      0.00
02:27:16 AM     all     84.21      0.00     14.79      0.00      0.00      0.75      0.25      0.00      0.00      0.00
02:27:17 AM     all     86.32      0.00     12.44      0.00      0.00      0.75      0.50      0.00      0.00      0.00
02:27:18 AM     all     85.29      0.00     13.47      0.00      0.00      1.00      0.25      0.00      0.00      0.00
02:27:19 AM     all     22.36      0.00     15.08      0.00      0.00      0.50      0.50      0.00      0.00     61.56
02:27:20 AM     all      0.76      0.00     15.70      0.00      0.00      0.25      0.25      0.00      0.00     83.04
02:27:21 AM     all      1.25      0.00     16.71      0.25      0.00      0.50      0.25      0.00      0.00     81.05
02:27:22 AM     all      1.50      0.00     15.79      0.00      0.00      0.25      0.50      0.00      0.00     81.95
02:27:23 AM     all      0.76      0.00     15.91      0.00      0.00      0.51      0.25      0.00      0.00     82.58
02:27:24 AM     all      1.25      0.00     14.29      0.00      0.00      0.25      0.50      0.00      0.00     83.71
02:27:25 AM     all      1.76      0.00     16.33      0.00      0.00      0.25      0.25      0.00      0.00     81.41
02:27:26 AM     all      1.51      0.00     15.58      0.00      0.00      0.50      0.50      0.00      0.00     81.91
02:27:27 AM     all      1.26      0.00     15.08      0.00      0.00      0.50      0.25      0.00      0.00     82.91
02:27:28 AM     all      1.00      0.00     16.04      0.00      0.00      0.25      0.50      0.00      0.00     82.21
02:27:29 AM     all      1.01      0.00     16.08      0.00      0.00      0.50      0.25      0.00      0.00     82.16
02:27:30 AM     all      1.51      0.00     16.58      0.00      0.00      0.25      0.50      0.00      0.00     81.16
02:27:31 AM     all      1.01      0.00     16.67      0.00      0.00      0.51      0.25      0.00      0.00     81.57
02:27:32 AM     all      1.25      0.00     16.79      0.00      0.00      0.25      0.50      0.00      0.00     81.20
02:27:33 AM     all      2.25      0.00     16.75      0.00      0.00      0.50      0.50      0.00      0.00     80.00
02:27:34 AM     all      1.01      0.00     16.08      0.00      0.00      0.50      0.25      0.00      0.00     82.16
02:27:35 AM     all      1.00      0.00     16.79      0.00      0.00      0.25      0.50      0.00      0.00     81.45
02:27:36 AM     all      1.75      0.00     16.00      0.00      0.00      0.50      0.25      0.00      0.00     81.50
02:27:37 AM     all      0.75      0.00     12.53      0.00      0.00      0.25      0.25      0.00      0.00     86.22
02:27:38 AM     all      1.25      0.00     18.05      0.00      0.00      0.50      0.50      0.00      0.00     79.70
02:27:39 AM     all      1.26      0.00     16.83      0.00      0.00      0.25      0.50      0.00      0.00     81.16
02:27:40 AM     all      1.01      0.00     15.58      0.00      0.00      0.50      0.25      0.00      0.00     82.66
02:27:41 AM     all      1.75      0.00     15.46      0.25      0.00      0.25      0.50      0.00      0.00     81.80
02:27:42 AM     all      1.26      0.00     16.33      0.00      0.00      0.50      0.25      0.00      0.00     81.66
02:27:43 AM     all      1.25      0.00     15.50      0.00      0.00      0.25      0.50      0.00      0.00     82.50
02:27:44 AM     all      1.25      0.00     16.54      0.00      0.00      0.50      0.25      0.00      0.00     81.45
02:27:45 AM     all      1.00      0.00     15.04      0.00      0.00      0.50      0.50      0.00      0.00     82.96
02:27:46 AM     all      1.26      0.00     12.56      0.00      0.00      0.25      0.25      0.00      0.00     85.68
02:27:47 AM     all      0.25      0.00     13.03      0.00      0.00      0.50      0.50      0.00      0.00     85.71
02:27:48 AM     all      1.52      0.00     14.90      0.00      0.00      0.25      0.25      0.00      0.00     83.08
02:27:49 AM     all     30.17      0.00     16.46      0.00      0.00      0.75      0.50      0.00      0.00     52.12
02:27:50 AM     all     84.21      0.00     14.79      0.00      0.00      0.75      0.25      0.00      0.00      0.00
02:27:51 AM     all     84.00      0.00     15.00      0.00      0.00      0.75      0.25      0.00      0.00      0.00
02:27:52 AM     all     79.00      0.00     19.75      0.00      0.00      0.75      0.50      0.00      0.00      0.00
02:27:53 AM     all     87.22      0.00     11.78      0.00      0.00      0.75      0.25      0.00      0.00      0.00
02:27:54 AM     all     86.50      0.00     12.50      0.00      0.00      0.75      0.25      0.00      0.00      0.00
02:27:55 AM     all     85.32      0.00     13.18      0.00      0.00      1.00      0.50      0.00      0.00      0.00
02:27:56 AM     all     86.50      0.00     12.25      0.00      0.00      0.75      0.50      0.00      0.00      0.00
02:27:57 AM     all     86.53      0.00     12.47      0.00      0.00      0.75      0.25      0.00      0.00      0.00
02:27:58 AM     all     86.00      0.00     12.75      0.00      0.00      1.00      0.25      0.00      0.00      0.00
02:27:59 AM     all     86.25      0.00     12.50      0.00      0.00      0.75      0.50      0.00      0.00      0.00
02:28:00 AM     all     84.00      0.00     14.50      0.00      0.00      1.00      0.50      0.00      0.00      0.00
02:28:01 AM     all     86.25      0.00     12.75      0.00      0.00      0.75      0.25      0.00      0.00      0.00
02:28:02 AM     all     86.25      0.00     12.50      0.00      0.00      0.75      0.50      0.00      0.00      0.00
02:28:03 AM     all     85.04      0.00     13.72      0.00      0.00      1.00      0.25      0.00      0.00      0.00
02:28:04 AM     all     84.96      0.00     14.04      0.00      0.00      0.75      0.25      0.00      0.00      0.00
02:28:05 AM     all     86.25      0.00     12.25      0.00      0.00      1.00      0.50      0.00      0.00      0.00
02:28:06 AM     all     86.00      0.00     12.75      0.00      0.00      0.75      0.50      0.00      0.00      0.00
02:28:07 AM     all     90.75      0.00      8.25      0.00      0.00      0.75      0.25      0.00      0.00      0.00
02:28:08 AM     all     86.25      0.00     12.25      0.00      0.00      1.00      0.50      0.00      0.00      0.00
02:28:09 AM     all     87.72      0.00     11.28      0.00      0.00      0.75      0.25      0.00      0.00      0.00
02:28:10 AM     all     85.07      0.00     13.43      0.00      0.00      1.00      0.50      0.00      0.00      0.00
02:28:11 AM     all     86.93      0.00     12.06      0.00      0.00      0.75      0.25      0.00      0.00      0.00
02:28:12 AM     all     89.03      0.00      9.23      0.00      0.00      1.00      0.75      0.00      0.00      0.00
02:28:13 AM     all     84.75      0.00     14.25      0.00      0.00      0.75      0.25      0.00      0.00      0.00
02:28:14 AM     all     85.25      0.00     13.50      0.00      0.00      1.00      0.25      0.00      0.00      0.00
02:28:15 AM     all     87.72      0.00     11.03      0.00      0.00      0.75      0.50      0.00      0.00      0.00
02:28:16 AM     all     84.29      0.00     14.21      0.00      0.00      1.00      0.50      0.00      0.00      0.00
02:28:17 AM     all     86.57      0.00     12.19      0.00      0.00      0.75      0.50      0.00      0.00      0.00
02:28:18 AM     all     85.96      0.00     12.78      0.00      0.00      1.00      0.25      0.00      0.00      0.00
02:28:19 AM     all     57.64      0.00     16.54      0.00      0.00      0.75      0.50      0.00      0.00     24.56
02:28:20 AM     all      1.26      0.00     16.12      0.00      0.00      0.50      0.50      0.00      0.00     81.61
02:28:21 AM     all      1.50      0.00     16.04      0.25      0.00      0.25      0.25      0.00      0.00     81.70
02:28:22 AM     all      0.50      0.00     16.83      0.00      0.00      0.50      0.50      0.00      0.00     81.66
02:28:23 AM     all      1.27      0.00     18.02      0.00      0.00      0.25      0.25      0.00      0.00     80.20
02:28:24 AM     all      1.25      0.00     16.71      0.00      0.00      0.50      0.50      0.00      0.00     81.05
02:28:25 AM     all      1.25      0.00     16.29      0.00      0.00      0.25      0.25      0.00      0.00     81.95
02:28:26 AM     all      1.26      0.00     16.08      0.00      0.00      0.50      0.50      0.00      0.00     81.66
02:28:27 AM     all      1.00      0.00     16.50      0.00      0.00      0.50      0.50      0.00      0.00     81.50
02:28:28 AM     all      1.26      0.00     15.33      0.00      0.00      0.25      0.25      0.00      0.00     82.91
02:28:29 AM     all      1.25      0.00     16.29      0.00      0.00      0.50      0.50      0.00      0.00     81.45
02:28:30 AM     all      1.01      0.00     15.40      0.00      0.00      0.25      0.25      0.00      0.00     83.08
02:28:31 AM     all      0.75      0.00     16.25      0.25      0.00      0.50      0.50      0.00      0.00     81.75
02:28:32 AM     all      1.49      0.00     14.43      0.00      0.00      0.50      0.50      0.00      0.00     83.08
02:28:33 AM     all      1.26      0.00     17.09      0.00      0.00      0.25      0.50      0.00      0.00     80.90
02:28:34 AM     all      1.01      0.00     15.83      0.00      0.00      0.50      0.25      0.00      0.00     82.41
02:28:35 AM     all      1.51      0.00     16.58      0.00      0.00      0.25      0.50      0.00      0.00     81.16
02:28:36 AM     all      2.00      0.00     16.96      0.00      0.00      0.50      0.50      0.00      0.00     80.05
02:28:37 AM     all      1.01      0.00     16.92      0.00      0.00      0.25      0.25      0.00      0.00     81.57
02:28:38 AM     all      1.50      0.00     16.21      0.00      0.00      0.50      0.50      0.00      0.00     81.30
02:28:39 AM     all      1.01      0.00     17.34      0.00      0.00      0.50      0.50      0.00      0.00     80.65
02:28:40 AM     all      1.51      0.00     15.83      0.00      0.00      0.25      0.25      0.00      0.00     82.16
02:28:41 AM     all      1.01      0.00     13.82      0.50      0.00      0.50      0.50      0.00      0.00     83.67
02:28:42 AM     all      1.25      0.00     16.79      0.00      0.00      0.25      0.25      0.00      0.00     81.45
02:28:43 AM     all      1.50      0.00     16.54      0.00      0.00      0.50      0.50      0.00      0.00     80.95
02:28:44 AM     all      0.51      0.00     16.16      0.00      0.00      0.25      0.25      0.00      0.00     82.83
02:28:45 AM     all      1.25      0.00     15.29      0.00      0.00      0.50      0.50      0.00      0.00     82.46
02:28:46 AM     all      1.01      0.00     19.40      0.00      0.00      0.50      0.50      0.00      0.00     78.59
02:28:47 AM     all      0.76      0.00     16.37      0.00      0.00      0.25      0.25      0.00      0.00     82.37
02:28:48 AM     all      1.00      0.00     16.29      0.00      0.00      0.50      0.50      0.00      0.00     81.70
02:28:49 AM     all      1.26      0.00     15.08      0.00      0.00      0.25      0.50      0.00      0.00     82.91
02:28:50 AM     all     62.66      0.00     16.54      0.00      0.00      0.75      0.25      0.00      0.00     19.80
02:28:51 AM     all     80.25      0.00     18.75      0.00      0.00      0.75      0.25      0.00      0.00      0.00
02:28:52 AM     all     80.00      0.00     18.75      0.00      0.00      0.75      0.50      0.00      0.00      0.00
02:28:53 AM     all     85.54      0.00     13.47      0.00      0.00      0.75      0.25      0.00      0.00      0.00
02:28:54 AM     all     87.03      0.00     11.97      0.00      0.00      0.75      0.25      0.00      0.00      0.00
02:28:55 AM     all     87.22      0.00     11.78      0.00      0.00      0.75      0.25      0.00      0.00      0.00
02:28:56 AM     all     86.53      0.00     11.97      0.00      0.00      1.00      0.50      0.00      0.00      0.00
02:28:57 AM     all     86.50      0.00     12.50      0.00      0.00      0.75      0.25      0.00      0.00      0.00
02:28:58 AM     all     84.58      0.00     14.18      0.00      0.00      0.75      0.50      0.00      0.00      0.00
02:28:59 AM     all     82.21      0.00     16.54      0.00      0.00      0.75      0.50      0.00      0.00      0.00
02:29:00 AM     all     85.50      0.00     13.25      0.00      0.00      1.00      0.25      0.00      0.00      0.00
02:29:01 AM     all     85.79      0.00     12.72      0.00      0.00      0.75      0.50      0.00      0.00      0.25
02:29:02 AM     all     86.50      0.00     12.50      0.00      0.00      0.75      0.25      0.00      0.00      0.00
02:29:03 AM     all     89.22      0.00      9.52      0.00      0.00      1.00      0.25      0.00      0.00      0.00
02:29:04 AM     all     86.00      0.00     12.75      0.00      0.00      0.75      0.50      0.00      0.00      0.00
02:29:05 AM     all     86.75      0.00     12.25      0.00      0.00      0.75      0.25      0.00      0.00      0.00
02:29:06 AM     all     84.25      0.00     14.25      0.00      0.00      1.00      0.50      0.00      0.00      0.00
02:29:07 AM     all     85.75      0.00     13.25      0.00      0.00      0.75      0.25      0.00      0.00      0.00
02:29:08 AM     all     86.75      0.00     12.00      0.00      0.00      0.75      0.50      0.00      0.00      0.00
02:29:09 AM     all     85.54      0.00     12.97      0.00      0.00      1.00      0.50      0.00      0.00      0.00
02:29:10 AM     all     86.97      0.00     12.03      0.00      0.00      0.75      0.25      0.00      0.00      0.00
02:29:11 AM     all     84.58      0.00     13.93      0.00      0.00      1.00      0.50      0.00      0.00      0.00
02:29:12 AM     all     85.93      0.00     13.07      0.00      0.00      0.75      0.25      0.00      0.00      0.00
02:29:13 AM     all     86.03      0.00     12.47      0.00      0.00      1.00      0.50      0.00      0.00      0.00
02:29:14 AM     all     86.47      0.00     12.53      0.00      0.00      0.75      0.25      0.00      0.00      0.00
02:29:15 AM     all     85.00      0.00     13.75      0.00      0.00      0.75      0.50      0.00      0.00      0.00
02:29:16 AM     all     85.75      0.00     13.00      0.00      0.00      1.00      0.25      0.00      0.00      0.00
02:29:17 AM     all     86.03      0.00     12.72      0.00      0.00      0.75      0.50      0.00      0.00      0.00
02:29:18 AM     all     85.00      0.00     13.50      0.00      0.00      1.00      0.50      0.00      0.00      0.00
02:29:19 AM     all     87.72      0.00     11.03      0.00      0.00      0.75      0.50      0.00      0.00      0.00
02:29:20 AM     all     23.87      0.00     16.08      0.00      0.00      0.50      0.50      0.00      0.00     59.05
02:29:21 AM     all      1.26      0.00     16.58      0.00      0.00      0.50      0.25      0.00      0.00     81.41
02:29:22 AM     all      1.50      0.00     16.96      0.00      0.00      0.25      0.50      0.00      0.00     80.80
02:29:23 AM     all      1.50      0.00     15.50      0.00      0.00      0.50      0.25      0.00      0.00     82.25
02:29:24 AM     all      1.00      0.00     16.04      0.00      0.00      0.50      0.50      0.00      0.00     81.95
02:29:25 AM     all      1.01      0.00     15.62      0.00      0.00      0.25      0.25      0.00      0.00     82.87
02:29:26 AM     all      0.75      0.00     16.54      0.25      0.00      0.50      0.50      0.00      0.00     81.45
02:29:27 AM     all      1.26      0.00     15.11      0.00      0.00      0.25      0.25      0.00      0.00     83.12
02:29:28 AM     all      1.01      0.00     15.33      0.00      0.00      0.50      0.50      0.00      0.00     82.66
02:29:29 AM     all      1.01      0.00     15.95      0.00      0.00      0.25      0.25      0.00      0.00     82.53
02:29:30 AM     all      1.00      0.00     15.29      0.00      0.00      0.50      0.50      0.00      0.00     82.71
02:29:31 AM     all      1.26      0.00     16.37      0.00      0.00      0.25      0.25      0.00      0.00     81.86
02:29:32 AM     all      1.75      0.00     15.50      0.00      0.00      0.50      0.50      0.00      0.00     81.75
02:29:33 AM     all      1.26      0.00     16.16      0.00      0.00      0.25      0.25      0.00      0.00     82.07
02:29:34 AM     all      1.26      0.00     18.39      0.00      0.00      0.50      0.76      0.00      0.00     79.09
02:29:35 AM     all      1.00      0.00     16.50      0.00      0.00      0.25      0.50      0.00      0.00     81.75
02:29:36 AM     all      1.51      0.00     16.58      0.00      0.00      0.50      0.25      0.00      0.00     81.16
02:29:37 AM     all      1.25      0.00     14.75      0.00      0.00      0.50      0.50      0.00      0.00     83.00
02:29:38 AM     all      1.52      0.00     15.91      0.00      0.00      0.25      0.25      0.00      0.00     82.07
02:29:39 AM     all      1.74      0.00     15.88      0.00      0.00      0.50      0.50      0.00      0.00     81.39
02:29:40 AM     all      1.26      0.00     16.41      0.00      0.00      0.25      0.25      0.00      0.00     81.82
02:29:41 AM     all      0.75      0.00     17.04      0.25      0.00      0.50      0.50      0.00      0.00     80.95
02:29:42 AM     all      1.26      0.00     16.83      0.00      0.00      0.25      0.25      0.00      0.00     81.41
02:29:43 AM     all      1.50      0.00     17.54      0.00      0.00      0.50      0.50      0.00      0.00     79.95
02:29:44 AM     all      1.50      0.00     14.04      0.00      0.00      0.25      0.25      0.00      0.00     83.96
02:29:45 AM     all      1.25      0.00     10.75      0.00      0.00      0.50      0.25      0.00      0.00     87.25
02:29:46 AM     all      0.75      0.00      8.54      0.00      0.00      0.25      0.25      0.00      0.00     90.20
02:29:47 AM     all      0.75      0.00      8.52      0.00      0.00      0.25      0.25      0.00      0.00     90.23
02:29:48 AM     all      0.50      0.00      4.75      0.00      0.00      0.00      0.25      0.00      0.00     94.50
02:29:49 AM     all      0.50      0.00      9.45      0.00      0.00      0.50      0.25      0.00      0.00     89.30
02:29:50 AM     all      8.52      0.00      9.77      0.00      0.00      0.25      0.25      0.00      0.00     81.20
02:29:51 AM     all     88.25      0.00     10.75      0.00      0.00      0.75      0.25      0.00      0.00      0.00
02:29:52 AM     all     85.00      0.00     14.00      0.00      0.00      0.75      0.25      0.00      0.00      0.00
02:29:53 AM     all     84.00      0.00     14.75      0.00      0.00      0.75      0.50      0.00      0.00      0.00
02:29:54 AM     all     87.50      0.00     11.50      0.00      0.00      0.75      0.25      0.00      0.00      0.00
02:29:55 AM     all     86.00      0.00     13.00      0.00      0.00      0.75      0.25      0.00      0.00      0.00
02:29:56 AM     all     86.25      0.00     12.25      0.00      0.00      1.00      0.50      0.00      0.00      0.00
02:29:57 AM     all     86.25      0.00     12.50      0.00      0.00      0.75      0.50      0.00      0.00      0.00
02:29:58 AM     all     86.22      0.00     12.78      0.00      0.00      0.75      0.25      0.00      0.00      0.00
02:29:59 AM     all     86.82      0.00     12.19      0.00      0.00      0.75      0.25      0.00      0.00      0.00
02:30:00 AM     all     86.28      0.00     12.22      0.00      0.00      1.00      0.50      0.00      0.00      0.00
02:30:01 AM     all     85.00      0.00     14.00      0.00      0.00      0.75      0.25      0.00      0.00      0.00
02:30:02 AM     all     88.47      0.00     10.53      0.00      0.00      0.75      0.25      0.00      0.00      0.00
02:30:03 AM     all     86.75      0.00     11.75      0.00      0.00      1.00      0.50      0.00      0.00      0.00
02:30:04 AM     all     86.53      0.00     12.22      0.00      0.00      0.75      0.50      0.00      0.00      0.00
02:30:05 AM     all     87.47      0.00     11.53      0.00      0.00      0.75      0.25      0.00      0.00      0.00
02:30:06 AM     all     86.75      0.00     12.00      0.00      0.00      0.75      0.50      0.00      0.00      0.00
02:30:07 AM     all     86.28      0.00     12.47      0.00      0.00      1.00      0.25      0.00      0.00      0.00
02:30:08 AM     all     87.22      0.00     11.78      0.00      0.00      0.75      0.25      0.00      0.00      0.00
02:30:09 AM     all     86.25      0.00     12.50      0.00      0.00      0.75      0.50      0.00      0.00      0.00
02:30:10 AM     all     87.00      0.00     12.00      0.00      0.00      0.75      0.25      0.00      0.00      0.00
02:30:11 AM     all     87.56      0.00     11.19      0.00      0.00      1.00      0.25      0.00      0.00      0.00
02:30:12 AM     all     86.72      0.00     12.28      0.00      0.00      0.75      0.25      0.00      0.00      0.00
02:30:13 AM     all     85.96      0.00     12.78      0.00      0.00      0.75      0.50      0.00      0.00      0.00
02:30:14 AM     all     88.25      0.00     10.75      0.00      0.00      0.75      0.25      0.00      0.00      0.00
02:30:15 AM     all     87.28      0.00     11.22      0.00      0.00      1.00      0.50      0.00      0.00      0.00
02:30:16 AM     all     86.22      0.00     12.53      0.00      0.00      0.75      0.50      0.00      0.00      0.00
02:30:17 AM     all     85.79      0.00     12.72      0.00      0.00      1.00      0.50      0.00      0.00      0.00
02:30:18 AM     all     87.19      0.00     11.81      0.00      0.00      0.75      0.25      0.00      0.00      0.00
02:30:19 AM     all     86.03      0.00     12.47      0.00      0.00      1.00      0.50      0.00      0.00      0.00
02:30:20 AM     all     77.56      0.00     14.21      0.00      0.00      0.75      0.50      0.00      0.00      6.98
02:30:21 AM     all      1.25      0.00     17.04      0.00      0.00      0.50      0.25      0.00      0.00     80.95
02:30:22 AM     all      1.50      0.00     15.25      0.00      0.00      0.25      0.50      0.00      0.00     82.50
02:30:23 AM     all      1.00      0.00     16.79      0.00      0.00      0.50      0.25      0.00      0.00     81.45
02:30:24 AM     all      0.75      0.00     16.29      0.00      0.00      0.25      0.50      0.00      0.00     82.21
02:30:25 AM     all      1.25      0.00     14.00      0.00      0.00      0.50      0.50      0.00      0.00     83.75
02:30:26 AM     all      1.01      0.00     13.32      0.25      0.00      0.25      0.25      0.00      0.00     84.92
02:30:27 AM     all      0.50      0.00     16.12      0.00      0.00      0.50      0.50      0.00      0.00     82.37
02:30:28 AM     all      0.76      0.00     16.37      0.00      0.00      0.25      0.25      0.00      0.00     82.37
02:30:29 AM     all      1.50      0.00     15.54      0.00      0.00      0.50      0.50      0.00      0.00     81.95
02:30:30 AM     all      1.50      0.00     16.21      0.00      0.00      0.25      0.25      0.00      0.00     81.80
02:30:31 AM     all      1.00      0.00     15.54      0.00      0.00      0.50      0.50      0.00      0.00     82.46
02:30:32 AM     all      1.26      0.00     16.58      0.25      0.00      0.50      0.25      0.00      0.00     81.16
02:30:33 AM     all      1.26      0.00     16.83      0.00      0.00      0.25      0.50      0.00      0.00     81.16
02:30:34 AM     all      1.25      0.00     16.54      0.00      0.00      0.50      0.50      0.00      0.00     81.20
02:30:35 AM     all      1.01      0.00     16.92      0.00      0.00      0.25      0.25      0.00      0.00     81.57
02:30:36 AM     all      1.25      0.00     15.50      0.00      0.00      0.50      0.50      0.00      0.00     82.25
02:30:37 AM     all      1.75      0.00     17.00      0.00      0.00      0.50      0.50      0.00      0.00     80.25
02:30:38 AM     all      1.51      0.00     16.08      0.00      0.00      0.25      0.25      0.00      0.00     81.91
02:30:39 AM     all      1.01      0.00     15.11      0.00      0.00      0.50      0.50      0.00      0.00     82.87
02:30:40 AM     all      1.76      0.00     15.08      0.00      0.00      0.25      0.25      0.00      0.00     82.66
02:30:41 AM     all      1.25      0.00     15.50      0.00      0.00      0.50      0.50      0.00      0.00     82.25
02:30:42 AM     all      1.27      0.00     16.46      0.00      0.00      0.25      0.25      0.00      0.00     81.77
02:30:43 AM     all      1.25      0.00     15.46      0.00      0.00      0.50      0.50      0.00      0.00     82.29
02:30:44 AM     all      1.50      0.00     15.96      0.00      0.00      0.25      0.25      0.00      0.00     82.04
02:30:45 AM     all      1.50      0.00     16.25      0.00      0.00      0.50      0.50      0.00      0.00     81.25
02:30:46 AM     all      0.51      0.00     15.48      0.00      0.00      0.25      0.25      0.00      0.00     83.50
02:30:47 AM     all      1.50      0.00     16.21      0.25      0.00      0.50      0.50      0.00      0.00     81.05
02:30:48 AM     all      0.50      0.00      8.77      0.00      0.00      0.25      0.25      0.00      0.00     90.23
02:30:49 AM     all      1.50      0.00     15.46      0.00      0.00      0.50      0.25      0.00      0.00     82.29
02:30:50 AM     all      1.24      0.00     16.17      0.00      0.00      0.25      0.50      0.00      0.00     81.84
02:30:51 AM     all      0.75      0.00     16.08      0.00      0.00      0.50      0.25      0.00      0.00     82.41
02:30:52 AM     all     78.80      0.00     14.46      0.00      0.00      0.75      0.50      0.00      0.00      5.49
02:30:53 AM     all     82.50      0.00     16.50      0.00      0.00      0.75      0.25      0.00      0.00      0.00
02:30:54 AM     all     82.66      0.00     16.58      0.00      0.00      0.50      0.25      0.00      0.00      0.00
02:30:55 AM     all     83.33      0.00     15.17      0.00      0.00      1.00      0.50      0.00      0.00      0.00
02:30:56 AM     all     88.72      0.00     10.53      0.00      0.00      0.50      0.25      0.00      0.00      0.00
02:30:57 AM     all     88.31      0.00     10.45      0.00      0.00      1.00      0.25      0.00      0.00      0.00
02:30:58 AM     all     87.47      0.00     11.28      0.00      0.00      0.75      0.50      0.00      0.00      0.00
02:30:59 AM     all     86.78      0.00     11.72      0.00      0.00      1.00      0.50      0.00      0.00      0.00
02:31:00 AM     all     85.00      0.00     13.75      0.00      0.00      1.00      0.25      0.00      0.00      0.00
02:31:01 AM     all     84.50      0.00     14.25      0.00      0.00      0.75      0.50      0.00      0.00      0.00
02:31:02 AM     all     85.96      0.00     13.03      0.00      0.00      0.75      0.25      0.00      0.00      0.00
02:31:03 AM     all     86.03      0.00     12.47      0.00      0.00      1.00      0.50      0.00      0.00      0.00
02:31:04 AM     all     82.00      0.00     16.75      0.00      0.00      0.75      0.50      0.00      0.00      0.00
02:31:05 AM     all     87.50      0.00     11.25      0.00      0.00      1.00      0.25      0.00      0.00      0.00
02:31:06 AM     all     86.00      0.00     12.75      0.00      0.00      0.75      0.50      0.00      0.00      0.00
02:31:07 AM     all     85.50      0.00     13.00      0.00      0.00      1.00      0.50      0.00      0.00      0.00
02:31:08 AM     all     85.00      0.00     13.50      0.00      0.00      1.00      0.50      0.00      0.00      0.00
02:31:09 AM     all     86.47      0.00     12.28      0.00      0.00      0.75      0.50      0.00      0.00      0.00
02:31:10 AM     all     84.83      0.00     13.68      0.00      0.00      1.00      0.50      0.00      0.00      0.00
02:31:11 AM     all     85.68      0.00     13.57      0.00      0.00      0.75      0.00      0.00      0.00      0.00
02:31:12 AM     all     85.54      0.00     13.22      0.00      0.00      0.75      0.50      0.00      0.00      0.00
02:31:13 AM     all     86.22      0.00     12.28      0.00      0.00      1.00      0.50      0.00      0.00      0.00
02:31:14 AM     all     85.25      0.00     13.50      0.00      0.00      0.75      0.50      0.00      0.00      0.00
02:31:15 AM     all     88.53      0.00      9.98      0.00      0.00      1.00      0.50      0.00      0.00      0.00
02:31:16 AM     all     85.25      0.00     13.75      0.00      0.00      0.75      0.25      0.00      0.00      0.00
02:31:17 AM     all     82.46      0.00     16.04      0.00      0.00      1.00      0.50      0.00      0.00      0.00
02:31:18 AM     all     87.03      0.00     11.47      0.00      0.00      1.00      0.50      0.00      0.00      0.00
02:31:19 AM     all     87.53      0.00     10.97      0.00      0.00      1.00      0.50      0.00      0.00      0.00
02:31:20 AM     all     82.91      0.00     16.08      0.00      0.00      0.75      0.25      0.00      0.00      0.00
02:31:21 AM     all     85.54      0.00     12.97      0.00      0.00      1.00      0.50      0.00      0.00      0.00
02:31:22 AM     all      6.52      0.00     16.79      0.00      0.00      0.50      0.50      0.00      0.00     75.69
02:31:23 AM     all      1.00      0.00     17.00      0.00      0.00      0.25      0.50      0.00      0.00     81.25
02:31:24 AM     all      1.74      0.00     14.68      0.00      0.00      0.50      0.25      0.00      0.00     82.84
02:31:25 AM     all      1.50      0.00     17.04      0.00      0.00      0.25      0.50      0.00      0.00     80.70
02:31:26 AM     all      1.00      0.00     16.75      0.00      0.00      0.50      0.50      0.00      0.00     81.25
02:31:27 AM     all      1.25      0.00     14.75      0.25      0.00      0.50      0.25      0.00      0.00     83.00
02:31:28 AM     all      1.76      0.00     16.08      0.00      0.00      0.25      0.50      0.00      0.00     81.41
02:31:29 AM     all      1.01      0.00     16.62      0.00      0.00      0.50      0.25      0.00      0.00     81.61
02:31:30 AM     all      1.75      0.00     14.50      0.00      0.00      0.25      0.50      0.00      0.00     83.00
02:31:31 AM     all      1.76      0.00     19.10      0.00      0.00      0.50      0.50      0.00      0.00     78.14
02:31:32 AM     all      1.50      0.00     16.04      0.00      0.00      0.25      0.25      0.00      0.00     81.95
02:31:33 AM     all      0.75      0.00     16.75      0.00      0.00      0.50      0.50      0.00      0.00     81.50
02:31:34 AM     all      1.25      0.00     15.79      0.00      0.00      0.25      0.25      0.00      0.00     82.46
02:31:35 AM     all      0.51      0.00     15.95      0.00      0.00      0.51      0.51      0.00      0.00     82.53
02:31:36 AM     all      1.99      0.00     19.85      0.00      0.00      0.50      0.50      0.00      0.00     77.17
02:31:37 AM     all      1.25      0.00     17.25      0.00      0.00      0.25      0.50      0.00      0.00     80.75
02:31:38 AM     all      1.01      0.00     16.83      0.00      0.00      0.50      0.25      0.00      0.00     81.41
02:31:39 AM     all      1.25      0.00     16.79      0.00      0.00      0.50      0.50      0.00      0.00     80.95
02:31:40 AM     all      1.26      0.00     16.16      0.00      0.00      0.25      0.25      0.00      0.00     82.07
02:31:41 AM     all      1.50      0.00     16.50      0.00      0.00      0.50      0.50      0.00      0.00     81.00
02:31:42 AM     all      1.26      0.00     16.08      0.00      0.00      0.25      0.50      0.00      0.00     81.91
02:31:43 AM     all      0.76      0.00     14.65      0.00      0.00      0.51      0.25      0.00      0.00     83.84
02:31:44 AM     all      1.50      0.00     16.46      0.00      0.00      0.25      0.50      0.00      0.00     81.30
02:31:45 AM     all      1.25      0.00     15.79      0.00      0.00      0.50      0.50      0.00      0.00     81.95
02:31:46 AM     all      1.25      0.00     15.54      0.00      0.00      0.25      0.25      0.00      0.00     82.71
02:31:47 AM     all      1.00      0.00     16.54      0.25      0.00      0.50      0.50      0.00      0.00     81.20
02:31:48 AM     all      1.75      0.00     15.21      0.00      0.00      0.50      0.25      0.00      0.00     82.29
02:31:49 AM     all      1.01      0.00     16.33      0.00      0.00      0.25      0.50      0.00      0.00     81.91
02:31:50 AM     all      1.01      0.00     16.58      0.00      0.00      0.50      0.25      0.00      0.00     81.66
Average:        all     40.89      0.00     14.73      0.01      0.00      0.60      0.38      0.00      0.00     43.39
