Linux 4.9.253-tegra (nano-desktop) 	08/17/2023 	_aarch64_	(4 CPU)

01:47:53 AM     CPU      %usr     %nice      %sys   %iowait    %steal      %irq     %soft    %guest    %gnice     %idle
01:47:54 AM     all      1.52      0.00     35.86      0.00      0.00      0.51      0.51      0.00      0.00     61.62
01:47:55 AM     all      0.51      0.00     22.47      0.00      0.00      0.51      0.51      0.00      0.00     76.01
01:47:56 AM     all      1.00      0.00     16.29      0.00      0.00      0.25      0.50      0.00      0.00     81.95
01:47:57 AM     all      1.01      0.00     23.23      0.00      0.00      0.51      0.25      0.00      0.00     75.00
01:47:58 AM     all      1.01      0.00     22.17      0.00      0.00      0.50      0.50      0.00      0.00     75.82
01:47:59 AM     all      1.51      0.00     21.11      0.25      0.00      0.50      0.50      0.00      0.00     76.13
01:48:00 AM     all      2.27      0.00     23.68      0.00      0.00      0.50      0.50      0.00      0.00     73.05
01:48:01 AM     all      1.00      0.00     20.05      0.00      0.00      0.50      0.50      0.00      0.00     77.94
01:48:02 AM     all      1.27      0.00     23.29      0.00      0.00      0.25      0.25      0.00      0.00     74.94
01:48:03 AM     all      1.26      0.00     21.11      0.00      0.00      0.50      0.50      0.00      0.00     76.63
01:48:04 AM     all      1.50      0.00     23.06      0.00      0.00      0.50      0.50      0.00      0.00     74.44
01:48:05 AM     all      1.01      0.00     22.42      0.00      0.00      0.50      0.50      0.00      0.00     75.57
01:48:06 AM     all      1.25      0.00     24.25      0.00      0.00      0.25      0.50      0.00      0.00     73.75
01:48:07 AM     all      2.26      0.00     20.55      0.00      0.00      0.50      0.50      0.00      0.00     76.19
01:48:08 AM     all      1.01      0.00     22.36      0.00      0.00      0.50      0.25      0.00      0.00     75.88
01:48:09 AM     all      1.52      0.00     22.22      0.00      0.00      0.51      0.51      0.00      0.00     75.25
01:48:10 AM     all      1.25      0.00     22.19      0.00      0.00      0.50      0.50      0.00      0.00     75.56
01:48:11 AM     all      1.50      0.00     23.06      0.00      0.00      0.50      0.50      0.00      0.00     74.44
01:48:12 AM     all      1.01      0.00     22.42      0.00      0.00      0.25      0.50      0.00      0.00     75.82
01:48:13 AM     all      1.27      0.00     22.28      0.00      0.00      0.51      0.25      0.00      0.00     75.70
01:48:14 AM     all      1.26      0.00     22.86      0.00      0.00      0.50      0.50      0.00      0.00     74.87
01:48:15 AM     all      1.01      0.00     23.17      0.00      0.00      0.50      0.50      0.00      0.00     74.81
01:48:16 AM     all      2.00      0.00     20.45      0.00      0.00      0.25      0.50      0.00      0.00     76.81
01:48:17 AM     all      1.00      0.00     23.75      0.00      0.00      0.50      0.50      0.00      0.00     74.25
01:48:18 AM     all      2.25      0.00     20.25      0.00      0.00      0.50      0.50      0.00      0.00     76.50
01:48:19 AM     all      1.25      0.00     23.00      0.25      0.00      0.50      0.25      0.00      0.00     74.75
01:48:20 AM     all      1.01      0.00     21.16      0.00      0.00      0.50      0.50      0.00      0.00     76.83
01:48:21 AM     all      1.01      0.00     22.86      0.00      0.00      0.50      0.50      0.00      0.00     75.13
01:48:22 AM     all      2.01      0.00     20.85      0.00      0.00      0.50      0.50      0.00      0.00     76.13
01:48:23 AM     all     41.85      0.00     18.55      0.00      0.00      0.50      0.25      0.00      0.00     38.85
01:48:24 AM     all     86.22      0.00     13.03      0.00      0.00      0.50      0.25      0.00      0.00      0.00
01:48:25 AM     all     36.00      0.00     19.50      0.00      0.00      0.50      0.50      0.00      0.00     43.50
01:48:26 AM     all     30.98      0.00     19.90      0.00      0.00      0.50      0.25      0.00      0.00     48.36
01:48:27 AM     all     86.03      0.00     13.22      0.00      0.00      0.50      0.25      0.00      0.00      0.00
01:48:28 AM     all     37.66      0.00     20.95      0.00      0.00      0.50      0.50      0.00      0.00     40.40
01:48:29 AM     all     41.00      0.00     21.25      0.00      0.00      0.50      0.50      0.00      0.00     36.75
01:48:30 AM     all     83.71      0.00     13.78      0.00      0.00      0.50      0.25      0.00      0.00      1.75
01:48:31 AM     all     28.14      0.00     21.11      0.00      0.00      0.50      0.50      0.00      0.00     49.75
01:48:32 AM     all     72.54      0.00     18.14      0.00      0.00      0.50      0.25      0.00      0.00      8.56
01:48:33 AM     all     70.65      0.00     17.91      0.00      0.00      0.75      0.25      0.00      0.00     10.45
01:48:34 AM     all     27.27      0.00     22.22      0.25      0.00      0.51      0.76      0.00      0.00     48.99
01:48:35 AM     all     79.00      0.00     16.50      0.00      0.00      0.50      0.25      0.00      0.00      3.75
01:48:36 AM     all     57.04      0.00     21.11      0.00      0.00      0.50      0.50      0.00      0.00     20.85
01:48:37 AM     all     43.11      0.00     20.05      0.00      0.00      0.50      0.50      0.00      0.00     35.84
01:48:38 AM     all     77.94      0.00     18.55      0.00      0.00      0.75      0.25      0.00      0.00      2.51
01:48:39 AM     all     42.21      0.00     23.62      0.00      0.00      0.50      0.50      0.00      0.00     33.17
01:48:40 AM     all     64.16      0.00     20.55      0.00      0.00      0.50      0.50      0.00      0.00     14.29
01:48:41 AM     all     65.41      0.00     21.80      0.00      0.00      0.50      0.25      0.00      0.00     12.03
01:48:42 AM     all     52.62      0.00     21.45      0.00      0.00      0.50      0.50      0.00      0.00     24.94
01:48:43 AM     all     75.00      0.00     19.25      0.00      0.00      0.75      0.25      0.00      0.00      4.75
01:48:44 AM     all     39.35      0.00     23.31      0.00      0.00      0.50      0.50      0.00      0.00     36.34
01:48:45 AM     all     70.25      0.00     19.75      0.00      0.00      0.75      0.50      0.00      0.00      8.75
01:48:46 AM     all     68.84      0.00     20.60      0.00      0.00      0.50      0.25      0.00      0.00      9.80
01:48:47 AM     all     32.49      0.00     21.66      0.00      0.00      0.50      0.50      0.00      0.00     44.84
01:48:48 AM     all     68.92      0.00     18.55      0.00      0.00      0.50      0.50      0.00      0.00     11.53
01:48:49 AM     all     60.90      0.00     22.06      0.00      0.00      0.50      0.50      0.00      0.00     16.04
01:48:50 AM     all     72.68      0.00     18.55      0.00      0.00      0.75      0.25      0.00      0.00      7.77
01:48:51 AM     all     43.47      0.00     22.36      0.00      0.00      0.50      0.50      0.00      0.00     33.17
01:48:52 AM     all     73.87      0.00     20.85      0.00      0.00      0.50      0.50      0.00      0.00      4.27
01:48:53 AM     all     44.75      0.00     14.50      0.00      0.00      0.50      0.25      0.00      0.00     40.00
01:48:54 AM     all      0.25      0.00      0.25      0.00      0.00      0.25      0.00      0.00      0.00     99.25
01:48:55 AM     all      0.00      0.00      0.25      0.00      0.00      0.00      0.25      0.00      0.00     99.50
01:48:56 AM     all      0.50      0.00      8.29      0.00      0.00      0.25      0.00      0.00      0.00     90.95
01:48:57 AM     all      1.73      0.00     22.47      0.00      0.00      1.23      0.99      0.00      0.00     73.58
01:48:58 AM     all      1.50      0.00     22.31      0.00      0.00      0.50      0.50      0.00      0.00     75.19
01:48:59 AM     all      1.26      0.00     22.86      0.25      0.00      0.50      0.50      0.00      0.00     74.62
01:49:00 AM     all      3.00      0.00     21.75      0.00      0.00      0.50      0.50      0.00      0.00     74.25
01:49:01 AM     all      1.01      0.00     21.66      0.00      0.00      0.25      0.25      0.00      0.00     76.83
01:49:02 AM     all      1.51      0.00     21.61      0.00      0.00      0.50      0.50      0.00      0.00     75.88
01:49:03 AM     all      1.00      0.00     23.56      0.00      0.00      0.50      0.50      0.00      0.00     74.44
01:49:04 AM     all      2.27      0.00     22.42      0.00      0.00      0.50      0.50      0.00      0.00     74.31
01:49:05 AM     all      1.50      0.00     22.31      0.00      0.00      0.50      0.50      0.00      0.00     75.19
01:49:06 AM     all      1.50      0.00     21.80      0.00      0.00      0.50      0.50      0.00      0.00     75.69
01:49:07 AM     all      0.76      0.00     23.17      0.00      0.00      0.25      0.50      0.00      0.00     75.31
01:49:08 AM     all      1.51      0.00     21.16      0.00      0.00      0.50      0.50      0.00      0.00     76.32
01:49:09 AM     all      0.75      0.00     23.87      0.00      0.00      0.50      0.25      0.00      0.00     74.62
01:49:10 AM     all      1.01      0.00     21.72      0.00      0.00      0.51      0.51      0.00      0.00     76.26
01:49:11 AM     all      1.50      0.00     23.00      0.00      0.00      0.50      0.50      0.00      0.00     74.50
01:49:12 AM     all      0.75      0.00     22.86      0.00      0.00      0.50      0.50      0.00      0.00     75.38
01:49:13 AM     all      1.75      0.00     20.80      0.00      0.00      0.25      0.50      0.00      0.00     76.69
01:49:14 AM     all      1.51      0.00     22.42      1.01      0.00      0.50      0.25      0.00      0.00     74.31
01:49:15 AM     all      1.75      0.00     19.55      0.00      0.00      0.50      0.50      0.00      0.00     77.69
01:49:16 AM     all      1.26      0.00     23.68      0.00      0.00      0.50      0.50      0.00      0.00     74.06
01:49:17 AM     all      1.25      0.00     23.94      0.00      0.00      0.50      0.50      0.00      0.00     73.82
01:49:18 AM     all      2.24      0.00     21.70      0.00      0.00      0.50      0.50      0.00      0.00     75.06
01:49:19 AM     all      1.00      0.00     23.56      0.25      0.00      0.25      0.50      0.00      0.00     74.44
01:49:20 AM     all      1.00      0.00     23.44      0.00      0.00      0.50      0.50      0.00      0.00     74.56
01:49:21 AM     all      1.50      0.00     22.31      0.00      0.00      0.50      0.50      0.00      0.00     75.19
01:49:22 AM     all      1.77      0.00     20.71      0.00      0.00      0.51      0.25      0.00      0.00     76.77
01:49:23 AM     all      1.01      0.00     23.87      0.00      0.00      0.50      0.50      0.00      0.00     74.12
01:49:24 AM     all      1.25      0.00     22.56      0.00      0.00      0.50      0.50      0.00      0.00     75.19
01:49:25 AM     all      1.26      0.00     22.36      0.00      0.00      0.25      0.50      0.00      0.00     75.63
01:49:26 AM     all      1.00      0.00     22.56      0.00      0.00      0.50      0.50      0.00      0.00     75.44
01:49:27 AM     all     84.71      0.00     12.53      0.00      0.00      0.50      0.25      0.00      0.00      2.01
01:49:28 AM     all     74.81      0.00     15.21      0.00      0.00      0.50      0.25      0.00      0.00      9.23
01:49:29 AM     all      5.06      0.00     22.28      0.00      0.00      0.51      0.51      0.00      0.00     71.65
01:49:30 AM     all     78.25      0.00     16.75      0.00      0.00      0.50      0.25      0.00      0.00      4.25
01:49:31 AM     all     69.75      0.00     17.00      0.00      0.00      0.75      0.50      0.00      0.00     12.00
01:49:32 AM     all     21.16      0.00     23.17      0.00      0.00      0.50      0.50      0.00      0.00     54.66
01:49:33 AM     all     77.00      0.00     17.75      0.00      0.00      0.50      0.25      0.00      0.00      4.50
01:49:34 AM     all     44.47      0.00     22.36      0.00      0.00      0.50      0.50      0.00      0.00     32.16
01:49:35 AM     all     53.12      0.00     20.95      0.00      0.00      0.75      0.50      0.00      0.00     24.69
01:49:36 AM     all     80.50      0.00     13.50      0.00      0.00      0.50      0.50      0.00      0.00      5.00
01:49:37 AM     all     21.11      0.00     21.86      0.00      0.00      0.50      0.50      0.00      0.00     56.03
01:49:38 AM     all     70.78      0.00     17.38      0.00      0.00      0.50      0.25      0.00      0.00     11.08
01:49:39 AM     all     77.56      0.00     14.96      0.00      0.00      0.50      0.25      0.00      0.00      6.73
01:49:40 AM     all     12.63      0.00     21.72      0.00      0.00      0.51      0.51      0.00      0.00     64.65
01:49:41 AM     all     80.30      0.00     15.46      0.00      0.00      0.50      0.50      0.00      0.00      3.24
01:49:42 AM     all     63.34      0.00     17.21      0.00      0.00      0.50      0.25      0.00      0.00     18.70
01:49:43 AM     all     27.27      0.00     22.73      0.00      0.00      0.51      0.51      0.00      0.00     48.99
01:49:44 AM     all     84.46      0.00     13.78      0.00      0.00      0.50      0.25      0.00      0.00      1.00
01:49:45 AM     all     27.89      0.00     20.35      0.00      0.00      0.50      0.50      0.00      0.00     50.75
01:49:46 AM     all     65.66      0.00     15.54      0.00      0.00      0.75      0.25      0.00      0.00     17.79
01:49:47 AM     all     83.21      0.00     14.79      0.00      0.00      0.25      0.25      0.00      0.00      1.50
01:49:48 AM     all     10.72      0.00     21.45      0.00      0.00      0.75      0.50      0.00      0.00     66.58
01:49:49 AM     all     71.32      0.00     18.70      0.25      0.00      0.50      0.50      0.00      0.00      8.73
01:49:50 AM     all     77.75      0.00     14.00      0.00      0.00      0.50      0.25      0.00      0.00      7.50
01:49:51 AM     all      5.81      0.00     23.48      0.00      0.00      0.25      0.51      0.00      0.00     69.95
01:49:52 AM     all     82.71      0.00     13.53      0.00      0.00      0.50      0.25      0.00      0.00      3.01
01:49:53 AM     all     31.16      0.00     21.86      0.00      0.00      0.75      0.50      0.00      0.00     45.73
01:49:54 AM     all     87.47      0.00     11.78      0.00      0.00      0.50      0.25      0.00      0.00      0.00
01:49:55 AM     all     45.89      0.00     20.95      0.00      0.00      0.50      0.25      0.00      0.00     32.42
01:49:56 AM     all     40.90      0.00     15.71      0.00      0.00      0.50      0.50      0.00      0.00     42.39
01:49:57 AM     all     14.32      0.00      1.26      0.00      0.00      0.00      0.00      0.00      0.00     84.42
01:49:58 AM     all      0.00      0.00      0.50      0.00      0.00      0.25      0.00      0.00      0.00     99.25
01:49:59 AM     all      0.50      0.00      0.00      0.00      0.00      0.00      0.25      0.00      0.00     99.25
01:50:00 AM     all      2.76      0.00     19.55      0.00      0.00      0.50      0.50      0.00      0.00     76.69
01:50:01 AM     all      1.00      0.00     23.31      0.00      0.00      0.50      0.25      0.00      0.00     74.94
01:50:02 AM     all      1.01      0.00     21.72      0.00      0.00      0.51      0.51      0.00      0.00     76.26
01:50:03 AM     all      1.51      0.00     22.11      0.00      0.00      0.25      0.50      0.00      0.00     75.63
01:50:04 AM     all      1.75      0.00     22.69      0.50      0.00      0.50      0.50      0.00      0.00     74.06
01:50:05 AM     all      1.25      0.00     21.05      0.00      0.00      0.50      0.50      0.00      0.00     76.69
01:50:06 AM     all      1.75      0.00     22.44      0.00      0.00      0.50      0.50      0.00      0.00     74.81
01:50:07 AM     all      1.24      0.00     16.42      0.00      0.00      0.50      0.25      0.00      0.00     81.59
01:50:08 AM     all      1.02      0.00     22.34      0.00      0.00      0.25      0.51      0.00      0.00     75.89
01:50:09 AM     all      1.26      0.00     20.91      0.00      0.00      0.50      0.50      0.00      0.00     76.83
01:50:10 AM     all      1.26      0.00     21.86      0.00      0.00      0.50      0.50      0.00      0.00     75.88
01:50:11 AM     all      1.99      0.00     22.39      0.00      0.00      0.50      0.50      0.00      0.00     74.63
01:50:12 AM     all      1.01      0.00     22.73      0.00      0.00      0.51      0.25      0.00      0.00     75.51
01:50:13 AM     all      1.75      0.00     22.06      0.00      0.00      0.50      0.50      0.00      0.00     75.19
01:50:14 AM     all      1.26      0.00     22.86      0.25      0.00      0.25      0.50      0.00      0.00     74.87
01:50:15 AM     all      1.50      0.00     22.69      0.00      0.00      0.50      0.50      0.00      0.00     74.81
01:50:16 AM     all      1.26      0.00     22.17      0.00      0.00      0.50      0.50      0.00      0.00     75.57
01:50:17 AM     all      1.25      0.00     22.44      0.00      0.00      0.50      0.50      0.00      0.00     75.31
01:50:18 AM     all      1.01      0.00     21.77      0.00      0.00      0.51      0.25      0.00      0.00     76.46
01:50:19 AM     all      1.51      0.00     22.17      0.00      0.00      0.25      0.50      0.00      0.00     75.57
01:50:20 AM     all      1.51      0.00     22.61      0.00      0.00      0.50      0.50      0.00      0.00     74.87
01:50:21 AM     all      1.50      0.00     22.94      0.00      0.00      0.50      0.50      0.00      0.00     74.56
01:50:22 AM     all      2.01      0.00     21.05      0.00      0.00      0.50      0.50      0.00      0.00     75.94
01:50:23 AM     all      1.01      0.00     22.98      0.00      0.00      0.51      0.25      0.00      0.00     75.25
01:50:24 AM     all      1.50      0.00     22.31      0.00      0.00      0.50      0.50      0.00      0.00     75.19
01:50:25 AM     all      1.27      0.00     22.78      0.00      0.00      0.25      0.51      0.00      0.00     75.19
01:50:26 AM     all      0.75      0.00     16.54      0.00      0.00      0.50      0.25      0.00      0.00     81.95
01:50:27 AM     all      1.75      0.00     21.45      0.00      0.00      0.50      0.50      0.00      0.00     75.81
01:50:28 AM     all      1.50      0.00     23.06      0.00      0.00      0.50      0.50      0.00      0.00     74.44
01:50:29 AM     all      1.25      0.00     21.75      0.25      0.00      0.50      0.50      0.00      0.00     75.75
01:50:30 AM     all     61.56      0.00     17.34      0.00      0.00      0.50      0.25      0.00      0.00     20.35
01:50:31 AM     all     86.47      0.00     13.03      0.00      0.00      0.25      0.25      0.00      0.00      0.00
01:50:32 AM     all     13.57      0.00     22.36      0.00      0.00      0.75      0.50      0.00      0.00     62.81
01:50:33 AM     all     61.85      0.00     17.46      0.00      0.00      0.50      0.50      0.00      0.00     19.70
01:50:34 AM     all     84.50      0.00     13.75      0.00      0.00      0.50      0.25      0.00      0.00      1.00
01:50:35 AM     all      7.48      0.00     20.95      0.00      0.00      0.50      0.50      0.00      0.00     70.57
01:50:36 AM     all     75.00      0.00     15.00      0.00      0.00      0.50      0.25      0.00      0.00      9.25
01:50:37 AM     all     65.83      0.00     13.82      0.00      0.00      0.25      0.25      0.00      0.00     19.85
01:50:38 AM     all     27.07      0.00     20.30      0.00      0.00      0.75      0.50      0.00      0.00     51.38
01:50:39 AM     all     83.00      0.00     14.50      0.00      0.00      0.50      0.50      0.00      0.00      1.50
01:50:40 AM     all     47.50      0.00     18.00      0.00      0.00      0.50      0.25      0.00      0.00     33.75
01:50:41 AM     all     38.60      0.00     22.81      0.00      0.00      0.50      0.50      0.00      0.00     37.59
01:50:42 AM     all     87.75      0.00     11.25      0.00      0.00      0.50      0.25      0.00      0.00      0.25
01:50:43 AM     all     27.32      0.00     22.31      0.00      0.00      0.50      0.50      0.00      0.00     49.37
01:50:44 AM     all     63.16      0.00     18.05      0.00      0.00      0.50      0.50      0.00      0.00     17.79
01:50:45 AM     all     82.50      0.00     13.75      0.00      0.00      0.50      0.25      0.00      0.00      3.00
01:50:46 AM     all     11.97      0.00     21.20      0.00      0.00      0.50      0.50      0.00      0.00     65.84
01:50:47 AM     all     78.50      0.00     13.75      0.00      0.00      0.75      0.50      0.00      0.00      6.50
01:50:48 AM     all     55.64      0.00     18.80      0.00      0.00      0.50      0.25      0.00      0.00     24.81
01:50:49 AM     all     44.25      0.00     21.75      0.25      0.00      0.50      0.50      0.00      0.00     32.75
01:50:50 AM     all     85.25      0.00     14.00      0.00      0.00      0.50      0.25      0.00      0.00      0.00
01:50:51 AM     all     25.63      0.00     21.36      0.00      0.00      0.50      0.50      0.00      0.00     52.01
01:50:52 AM     all     58.65      0.00     18.05      0.00      0.00      0.50      0.50      0.00      0.00     22.31
01:50:53 AM     all     83.71      0.00     14.79      0.00      0.00      0.50      0.25      0.00      0.00      0.75
01:50:54 AM     all     15.83      0.00     22.11      0.00      0.00      0.50      0.50      0.00      0.00     61.06
01:50:55 AM     all     68.51      0.00     19.14      0.00      0.00      0.50      0.25      0.00      0.00     11.59
01:50:56 AM     all     44.75      0.00     16.00      0.00      0.00      0.75      0.50      0.00      0.00     38.00
01:50:57 AM     all     80.05      0.00     14.96      0.00      0.00      0.50      0.25      0.00      0.00      4.24
01:50:58 AM     all     55.28      0.00     17.34      0.00      0.00      0.50      0.50      0.00      0.00     26.38
01:50:59 AM     all     39.55      0.00     21.91      0.00      0.00      0.50      0.50      0.00      0.00     37.53
01:51:00 AM     all     41.00      0.00     11.50      0.00      0.00      0.25      0.00      0.00      0.00     47.25
01:51:01 AM     all      0.00      0.00      0.25      0.00      0.00      0.25      0.25      0.00      0.00     99.25
01:51:02 AM     all      0.00      0.00      0.25      0.00      0.00      0.00      0.00      0.00      0.00     99.75
01:51:03 AM     all      0.50      0.00     10.03      0.00      0.00      0.50      0.25      0.00      0.00     88.72
01:51:04 AM     all      1.25      0.00     22.31      0.25      0.00      1.25      0.50      0.00      0.00     74.44
01:51:05 AM     all      0.76      0.00     22.92      0.00      0.00      0.50      0.50      0.00      0.00     75.31
01:51:06 AM     all      1.50      0.00     22.44      0.00      0.00      0.50      0.50      0.00      0.00     75.06
01:51:07 AM     all      2.00      0.00     22.94      0.00      0.00      0.50      0.50      0.00      0.00     74.06
01:51:08 AM     all      2.01      0.00     21.55      0.00      0.00      0.25      0.25      0.00      0.00     75.94
01:51:09 AM     all      1.01      0.00     21.91      0.00      0.00      0.50      0.50      0.00      0.00     76.07
01:51:10 AM     all      1.01      0.00     21.21      0.00      0.00      0.51      0.51      0.00      0.00     76.77
01:51:11 AM     all      0.25      0.00     24.18      0.00      0.00      0.50      0.50      0.00      0.00     74.56
01:51:12 AM     all      1.75      0.00     20.70      0.00      0.00      0.25      0.50      0.00      0.00     76.81
01:51:13 AM     all      1.01      0.00     20.65      0.00      0.00      0.50      0.50      0.00      0.00     77.33
01:51:14 AM     all      2.00      0.00     22.50      0.00      0.00      0.50      0.25      0.00      0.00     74.75
01:51:15 AM     all      1.26      0.00     22.22      0.00      0.00      0.51      0.51      0.00      0.00     75.51
01:51:16 AM     all      1.50      0.00     21.20      0.00      0.00      0.50      0.50      0.00      0.00     76.31
01:51:17 AM     all      1.51      0.00     22.42      0.00      0.00      0.50      0.50      0.00      0.00     75.06
01:51:18 AM     all      1.25      0.00     23.06      0.00      0.00      0.50      0.50      0.00      0.00     74.69
01:51:19 AM     all      1.25      0.00     22.06      0.00      0.00      0.50      0.25      0.00      0.00     75.94
01:51:20 AM     all      1.26      0.00     23.48      0.00      0.00      0.25      0.51      0.00      0.00     74.49
01:51:21 AM     all      1.25      0.00     21.50      0.00      0.00      0.50      0.50      0.00      0.00     76.25
01:51:22 AM     all      1.26      0.00     22.92      0.00      0.00      0.50      0.50      0.00      0.00     74.81
01:51:23 AM     all      1.00      0.00     23.50      0.00      0.00      0.50      0.50      0.00      0.00     74.50
01:51:24 AM     all      1.01      0.00     20.40      0.25      0.00      0.50      0.50      0.00      0.00     77.33
01:51:25 AM     all      1.75      0.00     23.31      0.00      0.00      0.25      0.50      0.00      0.00     74.19
01:51:26 AM     all      1.50      0.00     22.75      0.00      0.00      0.50      0.50      0.00      0.00     74.75
01:51:27 AM     all      1.75      0.00     21.30      0.00      0.00      0.50      0.25      0.00      0.00     76.19
01:51:28 AM     all      1.25      0.00     22.31      0.00      0.00      0.50      0.50      0.00      0.00     75.44
01:51:29 AM     all      1.51      0.00     20.91      0.00      0.00      0.50      0.50      0.00      0.00     76.57
01:51:30 AM     all      1.01      0.00     22.86      0.00      0.00      0.50      0.50      0.00      0.00     75.13
01:51:31 AM     all      1.26      0.00     21.86      0.00      0.00      0.50      0.50      0.00      0.00     75.88
01:51:32 AM     all      1.51      0.00     22.61      0.00      0.00      0.25      0.25      0.00      0.00     75.38
01:51:33 AM     all     16.58      0.00     21.61      0.00      0.00      0.50      0.50      0.00      0.00     60.80
01:51:34 AM     all     87.28      0.00     11.97      0.00      0.00      0.50      0.25      0.00      0.00      0.00
01:51:35 AM     all     54.02      0.00     18.09      0.00      0.00      0.50      0.25      0.00      0.00     27.14
01:51:36 AM     all     23.25      0.00     22.00      0.00      0.00      0.50      0.75      0.00      0.00     53.50
01:51:37 AM     all     87.94      0.00     11.56      0.00      0.00      0.50      0.00      0.00      0.00      0.00
01:51:38 AM     all     41.25      0.00     20.00      0.00      0.00      0.50      0.50      0.00      0.00     37.75
01:51:39 AM     all     40.90      0.00     21.20      0.25      0.00      0.75      0.50      0.00      0.00     36.41
01:51:40 AM     all     86.97      0.00     11.78      0.00      0.00      0.25      0.25      0.00      0.00      0.75
01:51:41 AM     all     16.88      0.00     22.67      0.00      0.00      0.50      0.50      0.00      0.00     59.45
01:51:42 AM     all     74.12      0.00     15.08      0.00      0.00      0.50      0.25      0.00      0.00     10.05
01:51:43 AM     all     76.81      0.00     14.71      0.00      0.00      0.50      0.25      0.00      0.00      7.73
01:51:44 AM     all     12.59      0.00     23.93      1.01      0.00      0.50      0.50      0.00      0.00     61.46
01:51:45 AM     all     81.95      0.00     15.29      0.00      0.00      0.75      0.25      0.00      0.00      1.75
01:51:46 AM     all     59.20      0.00     18.16      0.00      0.00      0.50      0.50      0.00      0.00     21.64
01:51:47 AM     all     31.42      0.00     22.69      0.00      0.00      0.50      0.50      0.00      0.00     44.89
01:51:48 AM     all     86.47      0.00     11.78      0.00      0.00      0.50      0.25      0.00      0.00      1.00
01:51:49 AM     all     34.50      0.00     23.00      0.00      0.00      0.50      0.50      0.00      0.00     41.50
01:51:50 AM     all     58.35      0.00     19.45      0.00      0.00      0.50      0.50      0.00      0.00     21.20
01:51:51 AM     all     72.25      0.00     13.50      0.00      0.00      0.50      0.25      0.00      0.00     13.50
01:51:52 AM     all     27.57      0.00     19.80      0.00      0.00      0.50      0.50      0.00      0.00     51.63
01:51:53 AM     all     84.54      0.00     13.97      0.00      0.00      0.50      0.25      0.00      0.00      0.75
01:51:54 AM     all     48.37      0.00     18.80      0.00      0.00      0.50      0.50      0.00      0.00     31.83
01:51:55 AM     all     32.75      0.00     20.65      0.00      0.00      0.50      0.50      0.00      0.00     45.59
01:51:56 AM     all     88.25      0.00     11.00      0.00      0.00      0.50      0.25      0.00      0.00      0.00
01:51:57 AM     all     33.33      0.00     22.06      0.00      0.00      0.50      0.50      0.00      0.00     43.61
01:51:58 AM     all     56.00      0.00     18.75      0.00      0.00      0.50      0.50      0.00      0.00     24.25
01:51:59 AM     all     52.62      0.00     21.70      0.25      0.00      0.75      0.50      0.00      0.00     24.19
01:52:00 AM     all     75.88      0.00     17.84      0.00      0.00      0.50      0.25      0.00      0.00      5.53
01:52:01 AM     all     59.75      0.00     20.00      0.00      0.00      0.50      0.50      0.00      0.00     19.25
01:52:02 AM     all     41.56      0.00     22.42      0.00      0.00      0.50      0.50      0.00      0.00     35.01
01:52:03 AM     all     74.81      0.00     17.21      0.00      0.00      0.75      0.25      0.00      0.00      6.98
01:52:04 AM     all      0.25      0.00      0.50      0.00      0.00      0.00      0.00      0.00      0.00     99.25
01:52:05 AM     all      0.25      0.00      0.25      0.00      0.00      0.00      0.25      0.00      0.00     99.25
01:52:06 AM     all      0.25      0.00      0.75      0.00      0.00      0.25      0.00      0.00      0.00     98.75
01:52:07 AM     all      1.75      0.00     22.94      0.00      0.00      1.00      0.50      0.00      0.00     73.82
01:52:08 AM     all      1.75      0.00     21.70      0.00      0.00      0.25      0.50      0.00      0.00     75.81
01:52:09 AM     all      1.26      0.00     22.86      0.00      0.00      0.50      0.50      0.00      0.00     74.87
01:52:10 AM     all      1.50      0.00     22.50      0.00      0.00      0.50      0.50      0.00      0.00     75.00
01:52:11 AM     all      1.26      0.00     22.86      0.00      0.00      0.50      0.25      0.00      0.00     75.13
01:52:12 AM     all      1.01      0.00     22.92      0.00      0.00      0.50      0.50      0.00      0.00     75.06
01:52:13 AM     all      1.25      0.00     22.31      0.00      0.00      0.50      0.50      0.00      0.00     75.44
01:52:14 AM     all      2.01      0.00     21.80      0.25      0.00      0.25      0.50      0.00      0.00     75.19
01:52:15 AM     all      2.00      0.00     22.94      0.00      0.00      0.50      0.50      0.00      0.00     74.06
01:52:16 AM     all      0.75      0.00     22.86      0.00      0.00      0.50      0.50      0.00      0.00     75.38
01:52:17 AM     all      1.26      0.00     21.91      0.00      0.00      0.50      0.25      0.00      0.00     76.07
01:52:18 AM     all      1.50      0.00     22.75      0.00      0.00      0.25      0.50      0.00      0.00     75.00
01:52:19 AM     all      1.50      0.00     19.55      0.00      0.00      0.50      0.50      0.00      0.00     77.94
01:52:20 AM     all      1.75      0.00     21.95      0.00      0.00      0.50      0.50      0.00      0.00     75.31
01:52:21 AM     all      2.01      0.00     21.11      0.00      0.00      0.50      0.50      0.00      0.00     75.88
01:52:22 AM     all      1.00      0.00     23.06      0.00      0.00      0.50      0.25      0.00      0.00     75.19
01:52:23 AM     all      1.75      0.00     22.81      0.00      0.00      0.50      0.50      0.00      0.00     74.44
01:52:24 AM     all      1.51      0.00     22.17      0.00      0.00      0.25      0.50      0.00      0.00     75.57
01:52:25 AM     all      1.50      0.00     22.94      0.00      0.00      0.50      0.50      0.00      0.00     74.56
01:52:26 AM     all      1.26      0.00     20.35      0.00      0.00      0.50      0.50      0.00      0.00     77.39
01:52:27 AM     all      1.26      0.00     23.12      0.00      0.00      0.50      0.50      0.00      0.00     74.62
01:52:28 AM     all      1.75      0.00     22.56      0.00      0.00      0.50      0.50      0.00      0.00     74.69
01:52:29 AM     all      1.75      0.00     22.06      0.00      0.00      0.50      0.50      0.00      0.00     75.19
01:52:30 AM     all      1.50      0.00     22.81      0.00      0.00      0.25      0.25      0.00      0.00     75.19
01:52:31 AM     all      1.01      0.00     20.20      0.00      0.00      0.51      0.76      0.00      0.00     77.53
01:52:32 AM     all      1.25      0.00     22.56      0.00      0.00      0.50      0.25      0.00      0.00     75.44
01:52:33 AM     all      1.75      0.00     22.25      0.00      0.00      0.50      0.75      0.00      0.00     74.75
01:52:34 AM     all      1.25      0.00     22.69      0.25      0.00      0.50      0.50      0.00      0.00     74.81
01:52:35 AM     all      1.26      0.00     23.37      0.00      0.00      0.50      0.25      0.00      0.00     74.62
01:52:36 AM     all      1.51      0.00     22.17      0.00      0.00      0.25      0.50      0.00      0.00     75.57
01:52:37 AM     all     61.85      0.00     17.46      0.00      0.00      0.75      0.25      0.00      0.00     19.70
01:52:38 AM     all     85.46      0.00     13.03      0.00      0.00      0.25      0.25      0.00      0.00      1.00
01:52:39 AM     all     12.31      0.00     22.36      0.00      0.00      0.50      0.50      0.00      0.00     64.32
01:52:40 AM     all     66.17      0.00     19.05      0.00      0.00      0.50      0.50      0.00      0.00     13.78
01:52:41 AM     all     77.19      0.00     15.29      0.00      0.00      0.75      0.25      0.00      0.00      6.52
01:52:42 AM     all     14.54      0.00     22.31      0.00      0.00      0.25      0.50      0.00      0.00     62.41
01:52:43 AM     all     77.00      0.00     19.25      0.00      0.00      0.75      0.25      0.00      0.00      2.75
01:52:44 AM     all     59.80      0.00     12.56      0.00      0.00      0.50      0.25      0.00      0.00     26.88
01:52:45 AM     all     36.84      0.00     20.05      0.00      0.00      0.50      0.75      0.00      0.00     41.85
01:52:46 AM     all     86.50      0.00     12.75      0.00      0.00      0.50      0.00      0.00      0.00      0.25
01:52:47 AM     all     36.87      0.00     21.97      0.00      0.00      0.51      0.51      0.00      0.00     40.15
01:52:48 AM     all     51.25      0.00     18.00      0.00      0.00      0.75      0.50      0.00      0.00     29.50
01:52:49 AM     all     79.00      0.00     15.50      0.00      0.00      0.50      0.25      0.00      0.00      4.75
01:52:50 AM     all     35.26      0.00     21.16      0.00      0.00      0.50      0.76      0.00      0.00     42.32
01:52:51 AM     all     66.50      0.00     18.75      0.00      0.00      0.75      0.25      0.00      0.00     13.75
01:52:52 AM     all     62.31      0.00     19.35      0.00      0.00      0.50      0.50      0.00      0.00     17.34
01:52:53 AM     all     45.86      0.00     23.56      0.00      0.00      0.50      0.50      0.00      0.00     29.57
01:52:54 AM     all     67.59      0.00     15.33      0.25      0.00      0.50      0.25      0.00      0.00     16.08
01:52:55 AM     all     50.88      0.00     20.91      0.00      0.00      0.76      0.50      0.00      0.00     26.95
01:52:56 AM     all     65.67      0.00     16.42      0.00      0.00      0.50      0.50      0.00      0.00     16.92
01:52:57 AM     all     63.82      0.00     19.10      0.00      0.00      0.50      0.25      0.00      0.00     16.33
01:52:58 AM     all     38.60      0.00     22.31      0.00      0.00      0.50      0.50      0.00      0.00     38.10
01:52:59 AM     all     78.05      0.00     18.20      0.00      0.00      0.50      0.50      0.00      0.00      2.74
01:53:00 AM     all     53.62      0.00     23.44      0.00      0.00      0.50      0.25      0.00      0.00     22.19
01:53:01 AM     all     43.83      0.00     22.42      0.00      0.00      0.76      0.50      0.00      0.00     32.49
01:53:02 AM     all     65.84      0.00     21.20      0.00      0.00      0.50      0.50      0.00      0.00     11.97
01:53:03 AM     all     71.68      0.00     19.30      0.00      0.00      0.50      0.25      0.00      0.00      8.27
01:53:04 AM     all     58.04      0.00     21.61      0.00      0.00      0.50      0.50      0.00      0.00     19.35
01:53:05 AM     all     51.38      0.00     21.80      0.00      0.00      0.75      0.50      0.00      0.00     25.56
01:53:06 AM     all     76.00      0.00     20.75      0.00      0.00      0.50      0.25      0.00      0.00      2.50
01:53:07 AM     all     16.46      0.00      6.73      0.00      0.00      0.25      0.25      0.00      0.00     76.31
01:53:08 AM     all      0.00      0.00      1.24      0.00      0.00      0.25      0.25      0.00      0.00     98.26
01:53:09 AM     all      0.25      0.00      0.25      0.00      0.00      0.00      0.00      0.00      0.00     99.50
01:53:10 AM     all      0.75      0.00     15.04      0.00      0.00      0.75      0.25      0.00      0.00     83.21
01:53:11 AM     all      1.25      0.00     23.25      0.25      0.00      1.00      0.50      0.00      0.00     73.75
01:53:12 AM     all      1.75      0.00     22.00      0.00      0.00      0.50      0.50      0.00      0.00     75.25
01:53:13 AM     all      1.01      0.00     22.86      0.00      0.00      0.50      0.50      0.00      0.00     75.13
01:53:14 AM     all      1.26      0.00     22.92      0.00      0.00      0.25      0.50      0.00      0.00     75.06
01:53:15 AM     all      1.76      0.00     20.35      0.00      0.00      0.50      0.50      0.00      0.00     76.88
01:53:16 AM     all      1.50      0.00     21.45      0.00      0.00      0.50      0.50      0.00      0.00     76.06
01:53:17 AM     all      1.50      0.00     23.44      0.00      0.00      0.50      0.50      0.00      0.00     74.06
01:53:18 AM     all      2.51      0.00     21.86      0.00      0.00      0.50      0.50      0.00      0.00     74.62
01:53:19 AM     all      1.00      0.00     22.00      0.25      0.00      0.50      0.50      0.00      0.00     75.75
01:53:20 AM     all      1.50      0.00     23.00      0.00      0.00      0.50      0.25      0.00      0.00     74.75
01:53:21 AM     all      1.52      0.00     22.47      0.00      0.00      0.25      0.51      0.00      0.00     75.25
01:53:22 AM     all      1.00      0.00     21.50      0.00      0.00      0.50      0.50      0.00      0.00     76.50
01:53:23 AM     all      1.50      0.00     22.31      0.00      0.00      0.50      0.50      0.00      0.00     75.19
01:53:24 AM     all      1.26      0.00     21.41      0.25      0.00      0.50      0.50      0.00      0.00     76.07
01:53:25 AM     all      1.75      0.00     23.25      0.00      0.00      0.50      0.50      0.00      0.00     74.00
01:53:26 AM     all      1.52      0.00     21.27      0.00      0.00      0.51      0.51      0.00      0.00     76.20
01:53:27 AM     all      1.50      0.00     22.00      0.00      0.00      0.50      0.25      0.00      0.00     75.75
01:53:28 AM     all      1.01      0.00     23.17      0.00      0.00      0.50      0.50      0.00      0.00     74.81
01:53:29 AM     all      1.76      0.00     21.36      0.25      0.00      0.25      0.50      0.00      0.00     75.88
01:53:30 AM     all      1.26      0.00     22.61      0.00      0.00      0.50      0.50      0.00      0.00     75.13
01:53:31 AM     all      1.50      0.00     22.94      0.00      0.00      0.50      0.50      0.00      0.00     74.56
01:53:32 AM     all      1.25      0.00     20.80      0.00      0.00      0.50      0.50      0.00      0.00     76.94
01:53:33 AM     all      1.26      0.00     19.40      0.00      0.00      0.25      0.25      0.00      0.00     78.84
01:53:34 AM     all      1.51      0.00     22.42      0.00      0.00      0.50      0.50      0.00      0.00     75.06
01:53:35 AM     all      1.75      0.00     20.80      0.00      0.00      0.50      0.50      0.00      0.00     76.44
01:53:36 AM     all      1.76      0.00     21.61      0.00      0.00      0.50      0.50      0.00      0.00     75.63
01:53:37 AM     all      1.50      0.00     21.70      0.00      0.00      0.50      0.25      0.00      0.00     76.06
01:53:38 AM     all      1.26      0.00     23.37      0.00      0.00      0.50      0.50      0.00      0.00     74.37
01:53:39 AM     all      1.25      0.00     21.55      0.25      0.00      0.50      0.50      0.00      0.00     75.94
01:53:40 AM     all     42.82      0.00     18.64      0.00      0.00      0.50      0.50      0.00      0.00     37.53
01:53:41 AM     all     87.72      0.00     12.03      0.00      0.00      0.25      0.00      0.00      0.00      0.00
01:53:42 AM     all     28.75      0.00     20.00      0.00      0.00      0.75      0.50      0.00      0.00     50.00
01:53:43 AM     all     45.48      0.00     20.35      0.00      0.00      0.50      0.50      0.00      0.00     33.17
01:53:44 AM     all     85.96      0.00     12.28      0.00      0.00      0.50      0.25      0.00      0.00      1.00
01:53:45 AM     all     21.00      0.00     22.50      0.00      0.00      0.50      0.50      0.00      0.00     55.50
01:53:46 AM     all     65.91      0.00     16.54      0.00      0.00      0.50      0.50      0.00      0.00     16.54
01:53:47 AM     all     70.35      0.00     18.09      0.00      0.00      0.50      0.25      0.00      0.00     10.80
01:53:48 AM     all     32.32      0.00     23.74      0.00      0.00      0.51      0.51      0.00      0.00     42.93
01:53:49 AM     all     86.03      0.00     10.97      0.00      0.00      0.50      0.25      0.00      0.00      2.24
01:53:50 AM     all     41.85      0.00     21.80      0.00      0.00      0.50      0.50      0.00      0.00     35.34
01:53:51 AM     all     60.85      0.00     21.70      0.00      0.00      0.75      0.25      0.00      0.00     16.46
01:53:52 AM     all     72.18      0.00     17.54      0.00      0.00      0.50      0.50      0.00      0.00      9.27
01:53:53 AM     all     38.56      0.00     23.38      0.00      0.00      0.50      0.50      0.00      0.00     37.06
01:53:54 AM     all     76.13      0.00     20.60      0.00      0.00      0.50      0.25      0.00      0.00      2.51
01:53:55 AM     all     48.88      0.00     21.20      0.00      0.00      0.50      0.75      0.00      0.00     28.68
01:53:56 AM     all     62.91      0.00     19.30      0.00      0.00      0.75      0.25      0.00      0.00     16.79
01:53:57 AM     all     61.79      0.00     22.08      0.00      0.00      0.50      0.50      0.00      0.00     15.14
01:53:58 AM     all     55.92      0.00     20.91      0.00      0.00      0.50      0.50      0.00      0.00     22.17
01:53:59 AM     all     76.00      0.00     20.25      0.00      0.00      0.75      0.25      0.00      0.00      2.75
01:54:00 AM     all     44.86      0.00     21.80      0.00      0.00      0.50      0.50      0.00      0.00     32.33
01:54:01 AM     all     67.92      0.00     20.30      0.00      0.00      0.50      0.50      0.00      0.00     10.78
01:54:02 AM     all     66.17      0.00     21.05      0.00      0.00      0.75      0.25      0.00      0.00     11.78
01:54:03 AM     all     46.98      0.00     21.11      0.00      0.00      0.50      0.50      0.00      0.00     30.90
01:54:04 AM     all     55.00      0.00     23.25      0.00      0.00      0.50      0.50      0.00      0.00     20.75
01:54:05 AM     all     66.58      0.00     20.45      0.00      0.00      0.75      0.50      0.00      0.00     11.72
01:54:06 AM     all     75.19      0.00     19.05      0.00      0.00      0.50      0.25      0.00      0.00      5.01
01:54:07 AM     all     44.33      0.00     23.17      0.00      0.00      0.50      0.50      0.00      0.00     31.49
01:54:08 AM     all     67.34      0.00     20.60      0.00      0.00      0.75      0.50      0.00      0.00     10.80
01:54:09 AM     all     61.10      0.00     20.70      0.25      0.00      0.50      0.50      0.00      0.00     16.96
01:54:10 AM     all     27.14      0.00     15.58      0.00      0.00      0.50      0.25      0.00      0.00     56.53
01:54:11 AM     all      0.25      0.00      0.00      0.00      0.00      0.00      0.00      0.00      0.00     99.75
01:54:12 AM     all      0.00      0.00      0.25      0.00      0.00      0.00      0.25      0.00      0.00     99.50
01:54:13 AM     all      0.25      0.00      6.03      0.00      0.00      0.25      0.00      0.00      0.00     93.47
01:54:14 AM     all      1.51      0.00     23.12      0.00      0.00      0.50      0.50      0.00      0.00     74.37
01:54:15 AM     all      1.50      0.00     21.30      0.00      0.00      0.50      0.50      0.00      0.00     76.19
01:54:16 AM     all      1.51      0.00     21.91      0.00      0.00      0.50      0.50      0.00      0.00     75.57
01:54:17 AM     all      0.75      0.00     23.81      0.00      0.00      0.25      0.50      0.00      0.00     74.69
01:54:18 AM     all      2.26      0.00     20.30      0.00      0.00      0.50      0.50      0.00      0.00     76.44
01:54:19 AM     all      1.26      0.00     23.17      0.00      0.00      0.50      0.25      0.00      0.00     74.81
01:54:20 AM     all      2.01      0.00     22.86      0.00      0.00      0.50      0.50      0.00      0.00     74.12
01:54:21 AM     all      1.25      0.00     23.31      0.00      0.00      0.50      0.50      0.00      0.00     74.44
01:54:22 AM     all      2.01      0.00     21.55      0.00      0.00      0.50      0.50      0.00      0.00     75.44
01:54:23 AM     all      1.51      0.00     22.67      0.00      0.00      0.25      0.50      0.00      0.00     75.06
01:54:24 AM     all      2.00      0.00     23.19      0.25      0.00      0.50      0.50      0.00      0.00     73.57
01:54:25 AM     all      1.50      0.00     21.05      0.00      0.00      0.50      0.25      0.00      0.00     76.69
01:54:26 AM     all      0.25      0.00     12.81      0.00      0.00      0.50      0.50      0.00      0.00     85.93
01:54:27 AM     all      1.51      0.00     21.66      0.00      0.00      0.25      0.25      0.00      0.00     76.32
01:54:28 AM     all      1.01      0.00     22.61      0.00      0.00      0.50      0.50      0.00      0.00     75.38
01:54:29 AM     all      1.75      0.00     21.05      0.00      0.00      0.50      0.50      0.00      0.00     76.19
01:54:30 AM     all      1.25      0.00     21.55      0.00      0.00      0.50      0.50      0.00      0.00     76.19
01:54:31 AM     all      1.26      0.00     22.42      0.00      0.00      0.50      0.50      0.00      0.00     75.31
01:54:32 AM     all      1.25      0.00     22.81      0.00      0.00      0.50      0.25      0.00      0.00     75.19
01:54:33 AM     all      1.01      0.00     22.61      0.00      0.00      0.25      0.50      0.00      0.00     75.63
01:54:34 AM     all      1.75      0.00     21.25      0.00      0.00      0.50      0.50      0.00      0.00     76.00
01:54:35 AM     all      1.25      0.00     22.81      0.00      0.00      0.50      0.50      0.00      0.00     74.94
01:54:36 AM     all      1.75      0.00     21.00      0.00      0.00      0.50      0.50      0.00      0.00     76.25
01:54:37 AM     all      0.76      0.00     22.73      0.00      0.00      0.51      0.51      0.00      0.00     75.51
01:54:38 AM     all      1.51      0.00     22.67      0.00      0.00      0.50      0.25      0.00      0.00     75.06
01:54:39 AM     all      1.51      0.00     21.36      0.25      0.00      0.25      0.50      0.00      0.00     76.13
01:54:40 AM     all      1.26      0.00     22.61      0.00      0.00      0.50      0.50      0.00      0.00     75.13
01:54:41 AM     all      1.25      0.00     22.75      0.00      0.00      0.50      0.50      0.00      0.00     75.00
01:54:42 AM     all      1.51      0.00     22.11      0.00      0.00      0.50      0.50      0.00      0.00     75.38
01:54:43 AM     all      1.75      0.00     22.94      0.00      0.00      0.50      0.50      0.00      0.00     74.31
01:54:44 AM     all     84.54      0.00     11.22      0.00      0.00      0.50      0.25      0.00      0.00      3.49
01:54:45 AM     all     73.00      0.00     15.25      0.00      0.00      0.50      0.50      0.00      0.00     10.75
01:54:46 AM     all      5.32      0.00     23.04      0.00      0.00      0.51      0.25      0.00      0.00     70.89
01:54:47 AM     all     84.25      0.00     14.25      0.00      0.00      0.50      0.25      0.00      0.00      0.75
01:54:48 AM     all     64.50      0.00     17.00      0.00      0.00      0.50      0.50      0.00      0.00     17.50
01:54:49 AM     all     20.25      0.00     22.25      0.00      0.00      0.50      0.50      0.00      0.00     56.50
01:54:50 AM     all     83.71      0.00     14.04      0.00      0.00      0.50      0.25      0.00      0.00      1.50
01:54:51 AM     all     42.93      0.00     22.47      0.00      0.00      0.51      0.51      0.00      0.00     33.59
01:54:52 AM     all     61.15      0.00     19.55      0.00      0.00      0.75      0.50      0.00      0.00     18.05
01:54:53 AM     all     69.75      0.00     19.00      0.00      0.00      0.50      0.25      0.00      0.00     10.50
01:54:54 AM     all     43.47      0.00     23.62      0.00      0.00      0.50      0.50      0.00      0.00     31.91
01:54:55 AM     all     73.12      0.00     18.34      0.00      0.00      0.50      0.50      0.00      0.00      7.54
01:54:56 AM     all     49.50      0.00     14.68      0.00      0.00      0.50      0.25      0.00      0.00     35.07
01:54:57 AM     all     60.25      0.00     22.00      0.00      0.00      0.50      0.50      0.00      0.00     16.75
01:54:58 AM     all     71.00      0.00     20.50      0.00      0.00      0.75      0.25      0.00      0.00      7.50
01:54:59 AM     all     46.73      0.00     22.86      0.00      0.00      0.50      0.75      0.00      0.00     29.15
01:55:00 AM     all     64.84      0.00     19.95      0.00      0.00      0.75      0.50      0.00      0.00     13.97
01:55:01 AM     all     54.39      0.00     22.56      0.00      0.00      0.50      0.50      0.00      0.00     22.06
01:55:02 AM     all     63.57      0.00     20.35      0.00      0.00      0.50      0.25      0.00      0.00     15.33
01:55:03 AM     all     67.58      0.00     22.44      0.00      0.00      0.75      0.50      0.00      0.00      8.73
01:55:04 AM     all     46.48      0.00     22.11      0.25      0.00      0.50      0.50      0.00      0.00     30.15
01:55:05 AM     all     68.17      0.00     22.06      0.00      0.00      0.50      0.25      0.00      0.00      9.02
01:55:06 AM     all     55.14      0.00     15.54      0.00      0.00      0.50      0.50      0.00      0.00     28.32
01:55:07 AM     all     52.63      0.00     21.80      0.00      0.00      0.75      0.50      0.00      0.00     24.31
01:55:08 AM     all     47.86      0.00     20.91      0.00      0.00      0.50      0.25      0.00      0.00     30.48
01:55:09 AM     all     76.56      0.00     20.20      0.00      0.00      0.50      0.50      0.00      0.00      2.24
01:55:10 AM     all     65.91      0.00     22.81      0.00      0.00      0.75      0.25      0.00      0.00     10.28
01:55:11 AM     all     44.70      0.00     22.47      0.00      0.00      0.51      0.51      0.00      0.00     31.82
01:55:12 AM     all     72.07      0.00     20.45      0.00      0.00      0.50      0.50      0.00      0.00      6.48
01:55:13 AM     all     51.26      0.00     22.11      0.00      0.00      0.50      0.50      0.00      0.00     25.63
01:55:14 AM     all      3.01      0.00      2.51      0.00      0.00      0.25      0.25      0.00      0.00     93.98
01:55:15 AM     all      0.00      0.00      0.25      0.00      0.00      0.00      0.00      0.00      0.00     99.75
01:55:16 AM     all      0.00      0.00      0.25      0.00      0.00      0.00      0.00      0.00      0.00     99.75
01:55:17 AM     all      1.74      0.00     20.15      0.00      0.00      1.24      0.50      0.00      0.00     76.37
01:55:18 AM     all      1.26      0.00     23.62      0.00      0.00      1.01      0.50      0.00      0.00     73.62
01:55:19 AM     all      2.00      0.00     21.00      0.00      0.00      0.25      0.50      0.00      0.00     76.25
01:55:20 AM     all      1.50      0.00     22.50      0.00      0.00      0.50      0.50      0.00      0.00     75.00
01:55:21 AM     all      1.50      0.00     21.80      0.00      0.00      0.50      0.50      0.00      0.00     75.69
01:55:22 AM     all      1.01      0.00     21.66      0.00      0.00      0.50      0.50      0.00      0.00     76.32
01:55:23 AM     all      1.26      0.00     21.16      0.00      0.00      0.50      0.50      0.00      0.00     76.57
01:55:24 AM     all      2.25      0.00     22.75      0.25      0.00      0.50      0.25      0.00      0.00     74.00
01:55:25 AM     all      1.75      0.00     22.44      0.00      0.00      0.50      0.50      0.00      0.00     74.81
01:55:26 AM     all      0.76      0.00     19.24      0.00      0.00      0.25      0.51      0.00      0.00     79.24
01:55:27 AM     all      1.00      0.00     21.80      0.00      0.00      0.50      0.50      0.00      0.00     76.19
01:55:28 AM     all      1.50      0.00     20.80      0.00      0.00      0.50      0.50      0.00      0.00     76.69
01:55:29 AM     all      1.49      0.00     22.89      0.25      0.00      0.50      0.50      0.00      0.00     74.38
01:55:30 AM     all      1.00      0.00     24.00      0.00      0.00      0.50      0.25      0.00      0.00     74.25
01:55:31 AM     all      1.50      0.00     22.25      0.00      0.00      0.50      0.50      0.00      0.00     75.25
01:55:32 AM     all      1.51      0.00     21.66      0.00      0.00      0.25      0.50      0.00      0.00     76.07
01:55:33 AM     all      1.25      0.00     23.56      0.00      0.00      0.50      0.50      0.00      0.00     74.19
01:55:34 AM     all      1.25      0.00     22.25      0.00      0.00      0.50      0.50      0.00      0.00     75.50
01:55:35 AM     all      1.01      0.00     22.67      0.00      0.00      0.50      0.50      0.00      0.00     75.31
01:55:36 AM     all      1.00      0.00     24.00      0.00      0.00      0.50      0.50      0.00      0.00     74.00
01:55:37 AM     all      1.52      0.00     21.97      0.00      0.00      0.51      0.25      0.00      0.00     75.76
01:55:38 AM     all      1.76      0.00     22.86      0.00      0.00      0.25      0.50      0.00      0.00     74.62
01:55:39 AM     all      1.50      0.00     22.56      0.25      0.00      0.50      0.50      0.00      0.00     74.69
01:55:40 AM     all      0.76      0.00     23.29      0.00      0.00      0.51      0.51      0.00      0.00     74.94
01:55:41 AM     all      1.76      0.00     21.11      0.00      0.00      0.50      0.50      0.00      0.00     76.13
01:55:42 AM     all      1.25      0.00     22.56      0.00      0.00      0.25      0.50      0.00      0.00     75.44
01:55:43 AM     all      0.76      0.00     23.17      0.00      0.00      0.50      0.50      0.00      0.00     75.06
01:55:44 AM     all      1.76      0.00     21.86      0.00      0.00      0.50      0.50      0.00      0.00     75.38
01:55:45 AM     all      1.25      0.00     22.25      0.00      0.00      0.50      0.50      0.00      0.00     75.50
01:55:46 AM     all      1.01      0.00     23.43      0.00      0.00      0.50      0.25      0.00      0.00     74.81
01:55:47 AM     all     49.25      0.00     18.16      0.00      0.00      0.50      0.50      0.00      0.00     31.59
01:55:48 AM     all     87.72      0.00     11.53      0.00      0.00      0.50      0.25      0.00      0.00      0.00
01:55:49 AM     all     22.50      0.00     22.50      0.00      0.00      0.50      0.50      0.00      0.00     54.00
01:55:50 AM     all     59.15      0.00     20.80      0.00      0.00      0.50      0.50      0.00      0.00     19.05
01:55:51 AM     all     75.00      0.00     14.00      0.00      0.00      0.75      0.50      0.00      0.00      9.75
01:55:52 AM     all     31.75      0.00     22.00      0.00      0.00      0.50      0.50      0.00      0.00     45.25
01:55:53 AM     all     76.63      0.00     19.85      0.00      0.00      0.50      0.25      0.00      0.00      2.76
01:55:54 AM     all     42.61      0.00     20.55      0.75      0.00      0.50      0.50      0.00      0.00     35.09
01:55:55 AM     all     69.25      0.00     20.00      0.00      0.00      0.75      0.50      0.00      0.00      9.50
01:55:56 AM     all     72.00      0.00     15.75      0.00      0.00      0.50      0.25      0.00      0.00     11.50
01:55:57 AM     all     32.08      0.00     21.80      0.00      0.00      0.50      0.50      0.00      0.00     45.11
01:55:58 AM     all     75.38      0.00     20.85      0.00      0.00      0.50      0.25      0.00      0.00      3.02
01:55:59 AM     all     57.00      0.00     16.75      0.00      0.00      0.50      0.50      0.00      0.00     25.25
01:56:00 AM     all     48.76      0.00     21.64      0.00      0.00      0.75      0.50      0.00      0.00     28.36
01:56:01 AM     all     75.63      0.00     19.85      0.00      0.00      0.50      0.25      0.00      0.00      3.77
01:56:02 AM     all     40.20      0.00     21.61      0.00      0.00      0.50      0.50      0.00      0.00     37.19
01:56:03 AM     all     65.75      0.00     19.00      0.00      0.00      0.75      0.50      0.00      0.00     14.00
01:56:04 AM     all     62.75      0.00     20.50      0.00      0.00      0.50      0.50      0.00      0.00     15.75
01:56:05 AM     all     44.97      0.00     22.36      0.00      0.00      0.50      0.50      0.00      0.00     31.66
01:56:06 AM     all     75.50      0.00     20.50      0.00      0.00      0.50      0.25      0.00      0.00      3.25
01:56:07 AM     all     47.86      0.00     19.90      0.00      0.00      0.76      0.50      0.00      0.00     30.98
01:56:08 AM     all     50.75      0.00     21.89      0.00      0.00      0.50      0.50      0.00      0.00     26.37
01:56:09 AM     all     79.20      0.00     15.54      0.00      0.00      0.50      0.25      0.00      0.00      4.51
01:56:10 AM     all     34.91      0.00     22.19      0.00      0.00      0.50      0.50      0.00      0.00     41.90
01:56:11 AM     all     68.50      0.00     20.25      0.00      0.00      0.75      0.50      0.00      0.00     10.00
01:56:12 AM     all     46.85      0.00     21.16      0.00      0.00      0.50      0.50      0.00      0.00     30.98
01:56:13 AM     all     78.70      0.00     18.80      0.00      0.00      0.50      0.25      0.00      0.00      1.75
01:56:14 AM     all     49.75      0.00     20.65      0.00      0.00      0.50      0.50      0.00      0.00     28.61
01:56:15 AM     all     51.76      0.00     20.35      0.00      0.00      0.50      0.50      0.00      0.00     26.88
01:56:16 AM     all     79.55      0.00     17.71      0.00      0.00      0.75      0.25      0.00      0.00      1.75
01:56:17 AM     all     17.09      0.00     11.06      0.00      0.00      0.25      0.25      0.00      0.00     71.36
01:56:18 AM     all      0.25      0.00      0.50      0.00      0.00      0.00      0.00      0.00      0.00     99.25
01:56:19 AM     all      0.00      0.00      0.00      0.25      0.00      0.25      0.00      0.00      0.00     99.50
01:56:20 AM     all      0.50      0.00     11.53      0.00      0.00      0.50      0.50      0.00      0.00     86.97
01:56:21 AM     all      1.51      0.00     23.12      0.00      0.00      0.75      0.50      0.00      0.00     74.12
01:56:22 AM     all      1.50      0.00     22.50      0.00      0.00      0.50      0.50      0.00      0.00     75.00
01:56:23 AM     all      1.51      0.00     21.86      0.00      0.00      0.50      0.25      0.00      0.00     75.88
01:56:24 AM     all      1.76      0.00     22.42      0.00      0.00      0.50      0.50      0.00      0.00     74.81
01:56:25 AM     all      1.50      0.00     23.19      0.00      0.00      0.50      0.50      0.00      0.00     74.31
01:56:26 AM     all      1.00      0.00     20.25      0.00      0.00      0.25      0.50      0.00      0.00     78.00
01:56:27 AM     all      1.51      0.00     20.91      0.00      0.00      0.50      0.25      0.00      0.00     76.83
01:56:28 AM     all      1.25      0.00     23.31      0.00      0.00      0.50      0.50      0.00      0.00     74.44
01:56:29 AM     all      1.01      0.00     23.62      0.00      0.00      0.50      0.50      0.00      0.00     74.37
01:56:30 AM     all      1.51      0.00     21.36      0.00      0.00      0.25      0.50      0.00      0.00     76.38
01:56:31 AM     all      1.50      0.00     22.75      0.00      0.00      0.50      0.50      0.00      0.00     74.75
01:56:32 AM     all      1.25      0.00     21.55      0.00      0.00      0.50      0.50      0.00      0.00     76.19
01:56:33 AM     all      1.51      0.00     21.41      0.00      0.00      0.50      0.25      0.00      0.00     76.32
01:56:34 AM     all      1.74      0.00     22.39      0.25      0.00      0.50      0.50      0.00      0.00     74.63
01:56:35 AM     all      1.01      0.00     21.66      0.00      0.00      0.50      0.50      0.00      0.00     76.32
01:56:36 AM     all      1.25      0.00     23.06      0.00      0.00      0.25      0.50      0.00      0.00     74.94
01:56:37 AM     all      1.26      0.00     21.86      0.00      0.00      0.50      0.50      0.00      0.00     75.88
01:56:38 AM     all      1.51      0.00     22.36      0.00      0.00      0.50      0.25      0.00      0.00     75.38
01:56:39 AM     all      1.99      0.00     20.90      0.00      0.00      0.50      0.75      0.00      0.00     75.87
01:56:40 AM     all      1.25      0.00     22.81      0.00      0.00      0.50      0.25      0.00      0.00     75.19
01:56:41 AM     all      1.50      0.00     20.50      0.00      0.00      0.50      0.50      0.00      0.00     77.00
01:56:42 AM     all      1.01      0.00     23.87      0.00      0.00      0.25      0.50      0.00      0.00     74.37
01:56:43 AM     all      1.75      0.00     22.75      0.00      0.00      0.50      0.50      0.00      0.00     74.50
01:56:44 AM     all      1.50      0.00     22.75      0.00      0.00      0.50      0.50      0.00      0.00     74.75
01:56:45 AM     all      0.50      0.00     21.86      0.00      0.00      0.50      0.50      0.00      0.00     76.63
01:56:46 AM     all      1.76      0.00     20.60      0.00      0.00      0.50      0.50      0.00      0.00     76.63
01:56:47 AM     all      1.50      0.00     23.31      0.00      0.00      0.25      0.25      0.00      0.00     74.69
01:56:48 AM     all      1.75      0.00     20.75      0.00      0.00      0.50      0.50      0.00      0.00     76.50
01:56:49 AM     all      1.26      0.00     22.22      0.00      0.00      0.51      0.51      0.00      0.00     75.51
01:56:50 AM     all     18.00      0.00     22.50      0.00      0.00      0.50      0.50      0.00      0.00     58.50
01:56:51 AM     all     85.75      0.00     13.50      0.00      0.00      0.50      0.25      0.00      0.00      0.00
01:56:52 AM     all     53.90      0.00     10.58      0.00      0.00      0.25      0.25      0.00      0.00     35.01
01:56:53 AM     all     21.86      0.00     22.61      0.00      0.00      0.75      0.50      0.00      0.00     54.27
01:56:54 AM     all     86.75      0.00     12.50      0.00      0.00      0.50      0.25      0.00      0.00      0.00
01:56:55 AM     all     43.00      0.00     20.50      0.00      0.00      0.50      0.50      0.00      0.00     35.50
01:56:56 AM     all     39.85      0.00     15.04      0.00      0.00      0.25      0.25      0.00      0.00     44.61
01:56:57 AM     all     84.79      0.00     13.47      0.00      0.00      0.75      0.25      0.00      0.00      0.75
01:56:58 AM     all     21.30      0.00     21.80      0.00      0.00      0.25      0.50      0.00      0.00     56.14
01:56:59 AM     all     70.68      0.00     18.05      0.00      0.00      0.75      0.50      0.00      0.00     10.03
01:57:00 AM     all     75.25      0.00     18.25      0.00      0.00      0.50      0.25      0.00      0.00      5.75
01:57:01 AM     all     17.50      0.00     22.25      0.00      0.00      0.50      0.50      0.00      0.00     59.25
01:57:02 AM     all     78.50      0.00     15.75      0.00      0.00      0.50      0.25      0.00      0.00      5.00
01:57:03 AM     all     61.81      0.00     18.09      0.00      0.00      0.50      0.50      0.00      0.00     19.10
01:57:04 AM     all     20.60      0.00     23.62      0.00      0.00      0.50      0.50      0.00      0.00     54.77
01:57:05 AM     all     85.75      0.00     13.50      0.00      0.00      0.50      0.25      0.00      0.00      0.00
01:57:06 AM     all     46.85      0.00     20.15      0.00      0.00      0.50      0.25      0.00      0.00     32.24
01:57:07 AM     all     44.14      0.00     22.94      0.00      0.00      0.75      0.50      0.00      0.00     31.67
01:57:08 AM     all     78.20      0.00     18.05      0.00      0.00      0.50      0.25      0.00      0.00      3.01
01:57:09 AM     all     32.17      0.00     22.94      0.25      0.00      0.50      0.75      0.00      0.00     43.39
01:57:10 AM     all     78.70      0.00     16.54      0.00      0.00      0.50      0.25      0.00      0.00      4.01
01:57:11 AM     all     54.16      0.00     20.91      0.00      0.00      0.50      0.25      0.00      0.00     24.18
01:57:12 AM     all     46.00      0.00     22.25      0.00      0.00      0.75      0.50      0.00      0.00     30.50
01:57:13 AM     all     82.71      0.00     14.29      0.00      0.00      0.50      0.25      0.00      0.00      2.26
01:57:14 AM     all     34.76      0.00     22.92      0.00      0.00      0.25      0.50      0.00      0.00     41.56
01:57:15 AM     all     63.41      0.00     19.55      0.00      0.00      0.75      0.50      0.00      0.00     15.79
01:57:16 AM     all     50.00      0.00     22.50      0.00      0.00      0.50      0.50      0.00      0.00     26.50
01:57:17 AM     all     79.40      0.00     17.59      0.00      0.00      0.50      0.25      0.00      0.00      2.26
01:57:18 AM     all     47.51      0.00     17.91      0.00      0.00      0.75      0.50      0.00      0.00     33.33
01:57:19 AM     all     58.29      0.00     20.85      0.00      0.00      0.50      0.50      0.00      0.00     19.85
01:57:20 AM     all     66.42      0.00     21.05      0.00      0.00      0.50      0.25      0.00      0.00     11.78
01:57:21 AM     all      0.50      0.00      0.50      0.00      0.00      0.25      0.25      0.00      0.00     98.51
01:57:22 AM     all      0.00      0.00      0.50      0.00      0.00      0.00      0.00      0.00      0.00     99.50
01:57:23 AM     all      0.25      0.00      0.50      0.00      0.00      0.00      0.00      0.00      0.00     99.25
01:57:24 AM     all      1.25      0.00     22.44      0.25      0.00      1.25      0.50      0.00      0.00     74.31
01:57:25 AM     all      1.50      0.00     22.56      0.00      0.00      1.00      0.50      0.00      0.00     74.44
01:57:26 AM     all      1.00      0.00     22.25      0.00      0.00      0.50      0.50      0.00      0.00     75.75
01:57:27 AM     all      1.51      0.00     20.85      0.00      0.00      0.50      0.50      0.00      0.00     76.63
01:57:28 AM     all      1.24      0.00     22.64      0.00      0.00      0.50      0.75      0.00      0.00     74.88
01:57:29 AM     all      1.26      0.00     22.22      0.00      0.00      0.51      0.25      0.00      0.00     75.76
01:57:30 AM     all      1.26      0.00     23.12      0.00      0.00      0.25      0.50      0.00      0.00     74.87
01:57:31 AM     all      1.50      0.00     22.00      0.00      0.00      0.50      0.50      0.00      0.00     75.50
01:57:32 AM     all      1.75      0.00     19.00      0.00      0.00      0.50      0.50      0.00      0.00     78.25
01:57:33 AM     all      0.75      0.00     22.11      0.00      0.00      0.50      0.50      0.00      0.00     76.13
01:57:34 AM     all      2.27      0.00     21.91      0.00      0.00      0.50      0.50      0.00      0.00     74.81
01:57:35 AM     all      1.76      0.00     22.36      0.00      0.00      0.50      0.25      0.00      0.00     75.13
01:57:36 AM     all      1.51      0.00     22.67      0.00      0.00      0.25      0.50      0.00      0.00     75.06
01:57:37 AM     all      1.50      0.00     22.69      0.00      0.00      0.50      0.50      0.00      0.00     74.81
01:57:38 AM     all      1.01      0.00     22.22      0.00      0.00      0.51      0.51      0.00      0.00     75.76
01:57:39 AM     all      1.75      0.00     22.69      0.25      0.00      0.50      0.50      0.00      0.00     74.31
01:57:40 AM     all      1.02      0.00     22.84      0.00      0.00      0.51      0.25      0.00      0.00     75.38
01:57:41 AM     all      1.26      0.00     20.40      0.00      0.00      0.25      0.76      0.00      0.00     77.33
01:57:42 AM     all      1.26      0.00     22.17      0.00      0.00      0.50      0.25      0.00      0.00     75.82
01:57:43 AM     all      1.75      0.00     22.19      0.00      0.00      0.50      0.50      0.00      0.00     75.06
01:57:44 AM     all      1.00      0.00     23.31      0.00      0.00      0.50      0.50      0.00      0.00     74.69
01:57:45 AM     all      1.76      0.00     19.85      0.00      0.00      0.50      0.50      0.00      0.00     77.39
01:57:46 AM     all      1.51      0.00     22.17      0.00      0.00      0.50      0.50      0.00      0.00     75.31
01:57:47 AM     all      1.00      0.00     21.55      0.00      0.00      0.50      0.50      0.00      0.00     76.44
01:57:48 AM     all      1.75      0.00     22.25      0.00      0.00      0.50      0.50      0.00      0.00     75.00
01:57:49 AM     all      1.26      0.00     20.91      0.25      0.00      0.50      0.50      0.00      0.00     76.57
01:57:50 AM     all      1.26      0.00     23.74      0.00      0.00      0.51      0.51      0.00      0.00     73.99
01:57:51 AM     all      1.75      0.00     22.00      0.00      0.00      0.50      0.50      0.00      0.00     75.25
01:57:52 AM     all      1.01      0.00     21.77      0.00      0.00      0.25      0.25      0.00      0.00     76.71
01:57:53 AM     all      1.01      0.00     22.86      0.00      0.00      0.50      0.50      0.00      0.00     75.13
01:57:54 AM     all     67.67      0.00     16.04      0.00      0.00      0.50      0.25      0.00      0.00     15.54
01:57:55 AM     all     85.75      0.00     12.75      0.00      0.00      0.50      0.25      0.00      0.00      0.75
01:57:56 AM     all      7.07      0.00     19.70      0.00      0.00      0.51      0.51      0.00      0.00     72.22
01:57:57 AM     all     68.50      0.00     19.50      0.00      0.00      0.50      0.25      0.00      0.00     11.25
01:57:58 AM     all     78.30      0.00     14.71      0.00      0.00      0.50      0.50      0.00      0.00      5.99
01:57:59 AM     all     13.10      0.00     20.40      0.00      0.00      0.50      0.50      0.00      0.00     65.49
01:58:00 AM     all     79.55      0.00     16.96      0.00      0.00      0.75      0.25      0.00      0.00      2.49
01:58:01 AM     all     56.00      0.00     19.00      0.00      0.00      0.50      0.25      0.00      0.00     24.25
01:58:02 AM     all     32.83      0.00     20.55      0.00      0.00      0.50      0.50      0.00      0.00     45.61
01:58:03 AM     all     87.75      0.00     11.50      0.00      0.00      0.50      0.25      0.00      0.00      0.00
01:58:04 AM     all     36.09      0.00     19.55      0.00      0.00      0.50      0.50      0.00      0.00     43.36
01:58:05 AM     all     43.11      0.00     18.05      0.00      0.00      0.50      0.25      0.00      0.00     38.10
01:58:06 AM     all     86.22      0.00     13.03      0.00      0.00      0.50      0.25      0.00      0.00      0.00
01:58:07 AM     all     29.25      0.00     21.00      0.00      0.00      0.50      0.50      0.00      0.00     48.75
01:58:08 AM     all     50.12      0.00     19.20      0.00      0.00      0.50      0.50      0.00      0.00     29.68
01:58:09 AM     all     84.46      0.00     13.53      0.00      0.00      0.50      0.25      0.00      0.00      1.25
01:58:10 AM     all     23.12      0.00     22.11      0.00      0.00      0.50      0.50      0.00      0.00     53.77
01:58:11 AM     all     69.77      0.00     16.62      0.00      0.00      0.50      0.25      0.00      0.00     12.85
01:58:12 AM     all     61.50      0.00     20.75      0.00      0.00      0.75      0.50      0.00      0.00     16.50
01:58:13 AM     all     41.71      0.00     20.85      0.00      0.00      0.50      0.50      0.00      0.00     36.43
01:58:14 AM     all     83.21      0.00     13.53      0.00      0.00      0.50      0.25      0.00      0.00      2.51
01:58:15 AM     all     36.59      0.00     23.06      0.00      0.00      0.50      0.50      0.00      0.00     39.35
01:58:16 AM     all     65.24      0.00     19.90      0.00      0.00      0.76      0.50      0.00      0.00     13.60
01:58:17 AM     all     69.42      0.00     14.54      0.00      0.00      0.25      0.50      0.00      0.00     15.29
01:58:18 AM     all     37.56      0.00     22.89      0.00      0.00      0.75      0.50      0.00      0.00     38.31
01:58:19 AM     all     58.33      0.00     20.71      0.00      0.00      0.51      0.25      0.00      0.00     20.20
01:58:20 AM     all     66.67      0.00     21.30      0.00      0.00      0.50      0.50      0.00      0.00     11.03
01:58:21 AM     all     75.75      0.00     15.00      0.00      0.00      0.50      0.25      0.00      0.00      8.50
01:58:22 AM     all     34.59      0.00     19.05      0.00      0.00      0.50      0.50      0.00      0.00     45.36
01:58:23 AM     all     68.26      0.00     20.15      0.00      0.00      0.50      0.25      0.00      0.00     10.83
01:58:24 AM     all     33.42      0.00      3.74      0.00      0.00      0.50      0.25      0.00      0.00     62.09
01:58:25 AM     all      1.00      0.00      0.50      0.00      0.00      0.00      0.00      0.00      0.00     98.50
01:58:26 AM     all      0.00      0.00      0.25      0.00      0.00      0.00      0.25      0.00      0.00     99.50
01:58:27 AM     all      1.01      0.00     15.33      0.00      0.00      0.75      0.25      0.00      0.00     82.66
01:58:28 AM     all      1.01      0.00     23.12      0.00      0.00      1.01      0.50      0.00      0.00     74.37
01:58:29 AM     all      1.51      0.00     20.40      0.25      0.00      0.25      0.50      0.00      0.00     77.08
01:58:30 AM     all      1.50      0.00     22.31      0.00      0.00      0.50      0.50      0.00      0.00     75.19
01:58:31 AM     all      1.01      0.00     21.86      0.00      0.00      0.50      0.50      0.00      0.00     76.13
01:58:32 AM     all      2.00      0.00     22.75      0.00      0.00      0.50      0.25      0.00      0.00     74.50
01:58:33 AM     all      1.75      0.00     23.06      0.00      0.00      0.50      0.50      0.00      0.00     74.19
Average:        all     27.89      0.00     19.58      0.02      0.00      0.49      0.42      0.00      0.00     51.60
