Linux 4.9.253-tegra (nano-desktop) 	08/17/2023 	_aarch64_	(4 CPU)

02:10:23 AM     CPU      %usr     %nice      %sys   %iowait    %steal      %irq     %soft    %guest    %gnice     %idle
02:10:24 AM     all      2.51      0.00     34.84      0.00      0.00      1.00      0.75      0.00      0.00     60.90
02:10:25 AM     all      1.75      0.00     23.25      0.00      0.00      0.25      0.50      0.00      0.00     74.25
02:10:26 AM     all      2.23      0.00     20.35      0.00      0.00      0.50      0.50      0.00      0.00     76.43
02:10:27 AM     all      1.26      0.00     22.86      0.25      0.00      0.50      0.25      0.00      0.00     74.87
02:10:28 AM     all      1.75      0.00     22.31      0.00      0.00      0.50      0.50      0.00      0.00     74.94
02:10:29 AM     all      1.50      0.00     20.55      0.00      0.00      0.50      0.50      0.00      0.00     76.94
02:10:30 AM     all      1.51      0.00     22.61      0.00      0.00      0.50      0.50      0.00      0.00     74.87
02:10:31 AM     all      0.76      0.00     22.22      0.00      0.00      0.25      0.51      0.00      0.00     76.26
02:10:32 AM     all      1.52      0.00     20.45      0.25      0.00      0.51      0.51      0.00      0.00     76.77
02:10:33 AM     all      1.50      0.00     21.25      0.00      0.00      0.50      0.25      0.00      0.00     76.50
02:10:34 AM     all      1.25      0.00     23.31      0.00      0.00      0.50      0.50      0.00      0.00     74.44
02:10:35 AM     all      1.75      0.00     21.95      0.00      0.00      0.50      0.50      0.00      0.00     75.31
02:10:36 AM     all      1.26      0.00     22.22      0.00      0.00      0.25      0.51      0.00      0.00     75.76
02:10:37 AM     all      1.01      0.00     22.86      0.00      0.00      0.50      0.25      0.00      0.00     75.38
02:10:38 AM     all      1.00      0.00     23.25      0.25      0.00      0.50      0.50      0.00      0.00     74.50
02:10:39 AM     all      1.50      0.00     21.80      0.00      0.00      0.50      0.50      0.00      0.00     75.69
02:10:40 AM     all      1.51      0.00     20.60      0.00      0.00      0.50      0.50      0.00      0.00     76.88
02:10:41 AM     all      1.00      0.00     23.25      0.00      0.00      0.25      0.50      0.00      0.00     75.00
02:10:42 AM     all      1.26      0.00     23.68      0.00      0.00      0.50      0.25      0.00      0.00     74.31
02:10:43 AM     all      0.76      0.00     21.41      0.00      0.00      0.50      0.50      0.00      0.00     76.83
02:10:44 AM     all      2.01      0.00     21.80      0.00      0.00      0.50      0.50      0.00      0.00     75.19
02:10:45 AM     all      1.51      0.00     22.42      0.00      0.00      0.25      0.50      0.00      0.00     75.31
02:10:46 AM     all      1.51      0.00     20.60      0.00      0.00      0.50      0.50      0.00      0.00     76.88
02:10:47 AM     all      1.25      0.00     23.56      0.00      0.00      0.50      0.25      0.00      0.00     74.44
02:10:48 AM     all      1.00      0.00     21.55      0.25      0.00      0.50      0.50      0.00      0.00     76.19
02:10:49 AM     all      1.50      0.00     21.75      0.00      0.00      0.50      0.50      0.00      0.00     75.75
02:10:50 AM     all      1.01      0.00     21.66      0.00      0.00      0.50      0.50      0.00      0.00     76.32
02:10:51 AM     all      1.50      0.00     23.06      0.00      0.00      0.50      0.50      0.00      0.00     74.44
02:10:52 AM     all      1.50      0.00     23.06      0.00      0.00      0.25      0.50      0.00      0.00     74.69
02:10:53 AM     all     65.91      0.00     21.55      0.00      0.00      0.75      0.50      0.00      0.00     11.28
02:10:54 AM     all     79.50      0.00     19.50      0.00      0.00      0.75      0.25      0.00      0.00      0.00
02:10:55 AM     all     84.00      0.00     14.50      0.00      0.00      1.00      0.50      0.00      0.00      0.00
02:10:56 AM     all     84.25      0.00     14.50      0.00      0.00      1.00      0.25      0.00      0.00      0.00
02:10:57 AM     all     85.04      0.00     13.97      0.00      0.00      0.75      0.25      0.00      0.00      0.00
02:10:58 AM     all     83.71      0.00     15.04      0.00      0.00      0.75      0.50      0.00      0.00      0.00
02:10:59 AM     all     83.50      0.00     15.50      0.00      0.00      0.75      0.25      0.00      0.00      0.00
02:11:00 AM     all     83.00      0.00     15.50      0.00      0.00      1.00      0.50      0.00      0.00      0.00
02:11:01 AM     all     84.08      0.00     14.93      0.00      0.00      0.75      0.25      0.00      0.00      0.00
02:11:02 AM     all     85.25      0.00     13.50      0.00      0.00      0.75      0.50      0.00      0.00      0.00
02:11:03 AM     all     83.29      0.00     15.21      0.00      0.00      1.00      0.50      0.00      0.00      0.00
02:11:04 AM     all     83.71      0.00     15.29      0.00      0.00      0.75      0.25      0.00      0.00      0.00
02:11:05 AM     all     85.75      0.00     13.25      0.00      0.00      0.75      0.25      0.00      0.00      0.00
02:11:06 AM     all     81.25      0.00     17.25      0.00      0.00      1.00      0.50      0.00      0.00      0.00
02:11:07 AM     all     83.75      0.00     15.25      0.00      0.00      0.75      0.25      0.00      0.00      0.00
02:11:08 AM     all     85.75      0.00     13.00      0.00      0.00      1.00      0.25      0.00      0.00      0.00
02:11:09 AM     all     82.79      0.00     15.96      0.00      0.00      0.75      0.50      0.00      0.00      0.00
02:11:10 AM     all     83.96      0.00     14.79      0.00      0.00      1.00      0.25      0.00      0.00      0.00
02:11:11 AM     all     84.79      0.00     13.97      0.00      0.00      0.75      0.50      0.00      0.00      0.00
02:11:12 AM     all     84.71      0.00     14.29      0.00      0.00      0.75      0.25      0.00      0.00      0.00
02:11:13 AM     all     80.50      0.00     18.25      0.00      0.00      1.00      0.25      0.00      0.00      0.00
02:11:14 AM     all     82.04      0.00     16.71      0.00      0.00      0.75      0.50      0.00      0.00      0.00
02:11:15 AM     all     82.41      0.00     16.58      0.00      0.00      0.75      0.25      0.00      0.00      0.00
02:11:16 AM     all     82.79      0.00     15.71      0.00      0.00      1.00      0.50      0.00      0.00      0.00
02:11:17 AM     all     83.04      0.00     15.46      0.00      0.00      1.00      0.50      0.00      0.00      0.00
02:11:18 AM     all     86.00      0.00     13.00      0.00      0.00      0.75      0.25      0.00      0.00      0.00
02:11:19 AM     all     85.50      0.00     13.25      0.00      0.00      0.75      0.50      0.00      0.00      0.00
02:11:20 AM     all     84.46      0.00     14.54      0.00      0.00      0.75      0.25      0.00      0.00      0.00
02:11:21 AM     all     79.70      0.00     19.30      0.00      0.00      0.75      0.25      0.00      0.00      0.00
02:11:22 AM     all     80.05      0.00     18.70      0.00      0.00      0.75      0.50      0.00      0.00      0.00
02:11:23 AM     all     14.86      0.00     21.16      0.00      0.00      0.50      0.50      0.00      0.00     62.97
02:11:24 AM     all      1.01      0.00     22.92      0.00      0.00      0.50      0.50      0.00      0.00     75.06
02:11:25 AM     all      1.74      0.00     23.38      0.00      0.00      0.50      0.50      0.00      0.00     73.88
02:11:26 AM     all      0.76      0.00     20.71      0.00      0.00      0.51      0.51      0.00      0.00     77.53
02:11:27 AM     all      1.26      0.00     20.85      0.00      0.00      0.50      0.50      0.00      0.00     76.88
02:11:28 AM     all      1.26      0.00     22.86      0.00      0.00      0.50      0.25      0.00      0.00     75.13
02:11:29 AM     all      1.74      0.00     21.84      0.00      0.00      0.50      0.50      0.00      0.00     75.43
02:11:30 AM     all      1.01      0.00     22.73      0.00      0.00      0.25      0.51      0.00      0.00     75.51
02:11:31 AM     all      2.00      0.00     19.45      0.00      0.00      0.50      0.50      0.00      0.00     77.56
02:11:32 AM     all      1.01      0.00     20.40      0.00      0.00      0.50      0.25      0.00      0.00     77.83
02:11:33 AM     all      1.25      0.00     21.70      0.25      0.00      0.50      0.50      0.00      0.00     75.81
02:11:34 AM     all      1.01      0.00     22.11      0.00      0.00      0.50      0.50      0.00      0.00     75.88
02:11:35 AM     all      1.26      0.00     22.17      0.00      0.00      0.25      0.50      0.00      0.00     75.82
02:11:36 AM     all      1.25      0.00     21.55      0.00      0.00      0.50      0.50      0.00      0.00     76.19
02:11:37 AM     all      1.26      0.00     22.42      0.00      0.00      0.50      0.25      0.00      0.00     75.57
02:11:38 AM     all      1.00      0.00      9.77      0.00      0.00      0.25      0.25      0.00      0.00     88.72
02:11:39 AM     all      0.00      0.00      0.50      0.00      0.00      0.25      0.25      0.00      0.00     99.00
02:11:40 AM     all      0.50      0.00      5.03      0.00      0.00      0.00      0.00      0.00      0.00     94.47
02:11:41 AM     all      1.00      0.00      9.98      0.00      0.00      0.50      0.25      0.00      0.00     88.28
02:11:42 AM     all      0.75      0.00     10.00      0.00      0.00      0.50      0.25      0.00      0.00     88.50
02:11:43 AM     all      0.25      0.00     10.05      0.00      0.00      0.25      0.25      0.00      0.00     89.20
02:11:44 AM     all      1.01      0.00      9.30      0.00      0.00      0.25      0.25      0.00      0.00     89.20
02:11:45 AM     all      0.50      0.00      9.52      0.00      0.00      0.50      0.25      0.00      0.00     89.22
02:11:46 AM     all      0.50      0.00      9.52      0.00      0.00      0.25      0.25      0.00      0.00     89.47
02:11:47 AM     all      0.51      0.00     12.88      0.00      0.00      0.25      0.25      0.00      0.00     86.11
02:11:48 AM     all      0.75      0.00     17.50      0.25      0.00      0.25      0.50      0.00      0.00     80.75
02:11:49 AM     all      1.00      0.00     19.45      0.00      0.00      0.50      0.25      0.00      0.00     78.80
02:11:50 AM     all      1.26      0.00     17.84      0.00      0.00      0.50      0.50      0.00      0.00     79.90
02:11:51 AM     all      1.26      0.00     18.34      0.00      0.00      0.25      0.50      0.00      0.00     79.65
02:11:52 AM     all      0.75      0.00     17.50      0.00      0.00      0.50      0.25      0.00      0.00     81.00
02:11:53 AM     all     41.29      0.00     20.90      0.00      0.00      0.50      0.50      0.00      0.00     36.82
02:11:54 AM     all     81.30      0.00     17.71      0.00      0.00      0.75      0.25      0.00      0.00      0.00
02:11:55 AM     all     84.46      0.00     14.54      0.00      0.00      0.75      0.25      0.00      0.00      0.00
02:11:56 AM     all     82.29      0.00     16.21      0.00      0.00      1.00      0.50      0.00      0.00      0.00
02:11:57 AM     all     82.54      0.00     15.96      0.00      0.00      1.00      0.50      0.00      0.00      0.00
02:11:58 AM     all     84.50      0.00     14.00      0.00      0.00      1.00      0.50      0.00      0.00      0.00
02:11:59 AM     all     85.96      0.00     13.03      0.00      0.00      0.75      0.25      0.00      0.00      0.00
02:12:00 AM     all     83.00      0.00     15.50      0.00      0.00      1.00      0.50      0.00      0.00      0.00
02:12:01 AM     all     85.04      0.00     13.97      0.00      0.00      0.75      0.25      0.00      0.00      0.00
02:12:02 AM     all     81.50      0.00     17.00      0.00      0.00      1.00      0.50      0.00      0.00      0.00
02:12:03 AM     all     84.92      0.00     14.07      0.00      0.00      0.75      0.25      0.00      0.00      0.00
02:12:04 AM     all     82.25      0.00     16.50      0.00      0.00      0.75      0.50      0.00      0.00      0.00
02:12:05 AM     all     83.54      0.00     15.21      0.00      0.00      1.00      0.25      0.00      0.00      0.00
02:12:06 AM     all     83.96      0.00     15.04      0.00      0.00      0.75      0.25      0.00      0.00      0.00
02:12:07 AM     all     86.78      0.00     11.22      0.00      0.00      1.25      0.75      0.00      0.00      0.00
02:12:08 AM     all     80.95      0.00     18.05      0.00      0.00      0.75      0.25      0.00      0.00      0.00
02:12:09 AM     all     85.75      0.00     13.00      0.00      0.00      0.75      0.50      0.00      0.00      0.00
02:12:10 AM     all     88.50      0.00     10.50      0.00      0.00      0.75      0.25      0.00      0.00      0.00
02:12:11 AM     all     84.50      0.00     14.25      0.00      0.00      1.00      0.25      0.00      0.00      0.00
02:12:12 AM     all     83.75      0.00     14.75      0.00      0.00      1.00      0.50      0.00      0.00      0.00
02:12:13 AM     all     82.79      0.00     15.96      0.00      0.00      0.75      0.50      0.00      0.00      0.00
02:12:14 AM     all     83.25      0.00     15.50      0.00      0.00      1.00      0.25      0.00      0.00      0.00
02:12:15 AM     all     85.54      0.00     13.22      0.00      0.00      0.75      0.50      0.00      0.00      0.00
02:12:16 AM     all     84.21      0.00     14.79      0.00      0.00      0.75      0.25      0.00      0.00      0.00
02:12:17 AM     all     85.21      0.00     13.78      0.00      0.00      0.75      0.25      0.00      0.00      0.00
02:12:18 AM     all     82.79      0.00     15.71      0.00      0.00      1.00      0.50      0.00      0.00      0.00
02:12:19 AM     all     87.47      0.00     11.53      0.00      0.00      0.75      0.25      0.00      0.00      0.00
02:12:20 AM     all     85.79      0.00     12.72      0.00      0.00      1.00      0.50      0.00      0.00      0.00
02:12:21 AM     all     85.00      0.00     13.75      0.00      0.00      0.75      0.50      0.00      0.00      0.00
02:12:22 AM     all     82.21      0.00     16.79      0.00      0.00      0.75      0.25      0.00      0.00      0.00
02:12:23 AM     all     42.89      0.00     17.21      0.00      0.00      0.75      0.50      0.00      0.00     38.65
02:12:24 AM     all      1.25      0.00     17.29      0.00      0.00      0.25      0.25      0.00      0.00     80.95
02:12:25 AM     all      1.50      0.00     19.00      0.00      0.00      0.50      0.50      0.00      0.00     78.50
02:12:26 AM     all      1.00      0.00     13.25      0.00      0.00      0.25      0.25      0.00      0.00     85.25
02:12:27 AM     all      1.50      0.00     17.29      0.00      0.00      0.50      0.50      0.00      0.00     80.20
02:12:28 AM     all      1.50      0.00     18.25      0.25      0.00      0.25      0.50      0.00      0.00     79.25
02:12:29 AM     all      1.75      0.00     17.54      0.00      0.00      0.50      0.25      0.00      0.00     79.95
02:12:30 AM     all      1.25      0.00     18.70      0.00      0.00      0.50      0.50      0.00      0.00     79.05
02:12:31 AM     all      1.52      0.00     16.71      0.00      0.00      0.25      0.25      0.00      0.00     81.27
02:12:32 AM     all      1.25      0.00     18.25      0.00      0.00      0.50      0.50      0.00      0.00     79.50
02:12:33 AM     all      1.00      0.00     19.30      0.00      0.00      0.50      0.25      0.00      0.00     78.95
02:12:34 AM     all      1.76      0.00     12.31      0.00      0.00      0.25      0.50      0.00      0.00     85.18
02:12:35 AM     all      0.75      0.00     19.05      0.00      0.00      0.50      0.50      0.00      0.00     79.20
02:12:36 AM     all      0.76      0.00     18.14      0.00      0.00      0.50      0.25      0.00      0.00     80.35
02:12:37 AM     all      1.00      0.00     14.46      0.00      0.00      0.25      0.50      0.00      0.00     83.79
02:12:38 AM     all      0.76      0.00     19.29      0.00      0.00      0.51      0.25      0.00      0.00     79.19
02:12:39 AM     all      1.00      0.00     19.05      0.00      0.00      0.50      0.50      0.00      0.00     78.95
02:12:40 AM     all      1.25      0.00     14.79      0.00      0.00      0.50      0.50      0.00      0.00     82.96
02:12:41 AM     all      1.25      0.00     10.72      0.00      0.00      0.25      0.25      0.00      0.00     87.53
02:12:42 AM     all      0.75      0.00     18.09      0.00      0.00      0.50      0.50      0.00      0.00     80.15
02:12:43 AM     all      1.00      0.00     19.00      0.00      0.00      0.50      0.50      0.00      0.00     79.00
02:12:44 AM     all      1.75      0.00     21.00      0.00      0.00      0.50      0.50      0.00      0.00     76.25
02:12:45 AM     all      1.76      0.00     21.86      0.00      0.00      0.50      0.50      0.00      0.00     75.38
02:12:46 AM     all      1.52      0.00     19.70      0.00      0.00      0.51      0.51      0.00      0.00     77.78
02:12:47 AM     all      1.26      0.00     21.11      0.00      0.00      0.50      0.25      0.00      0.00     76.88
02:12:48 AM     all      1.00      0.00     22.75      0.25      0.00      0.50      0.50      0.00      0.00     75.00
02:12:49 AM     all      1.26      0.00     19.70      0.00      0.00      0.51      0.51      0.00      0.00     78.03
02:12:50 AM     all      1.51      0.00     23.62      0.00      0.00      0.50      0.50      0.00      0.00     73.87
02:12:51 AM     all      1.01      0.00     22.47      0.00      0.00      0.51      0.51      0.00      0.00     75.51
02:12:52 AM     all      1.50      0.00     22.06      0.00      0.00      0.50      0.50      0.00      0.00     75.44
02:12:53 AM     all      5.82      0.00     23.29      0.00      0.00      0.51      0.51      0.00      0.00     69.87
02:12:54 AM     all     82.25      0.00     16.75      0.00      0.00      0.75      0.25      0.00      0.00      0.00
02:12:55 AM     all     81.70      0.00     17.04      0.00      0.00      0.75      0.50      0.00      0.00      0.00
02:12:56 AM     all     83.08      0.00     15.42      0.00      0.00      1.00      0.50      0.00      0.00      0.00
02:12:57 AM     all     85.21      0.00     13.78      0.00      0.00      0.75      0.25      0.00      0.00      0.00
02:12:58 AM     all     83.46      0.00     15.54      0.00      0.00      0.75      0.25      0.00      0.00      0.00
02:12:59 AM     all     87.03      0.00     11.72      0.00      0.00      1.00      0.25      0.00      0.00      0.00
02:13:00 AM     all     80.45      0.00     18.30      0.00      0.00      0.75      0.50      0.00      0.00      0.00
02:13:01 AM     all     85.57      0.00     13.18      0.00      0.00      1.00      0.25      0.00      0.00      0.00
02:13:02 AM     all     84.04      0.00     14.71      0.00      0.00      0.75      0.50      0.00      0.00      0.00
02:13:03 AM     all     86.22      0.00     12.28      0.00      0.00      1.00      0.50      0.00      0.00      0.00
02:13:04 AM     all     83.04      0.00     15.46      0.00      0.00      0.75      0.50      0.00      0.00      0.25
02:13:05 AM     all     84.71      0.00     14.29      0.00      0.00      0.75      0.25      0.00      0.00      0.00
02:13:06 AM     all     81.55      0.00     16.96      0.00      0.00      1.00      0.50      0.00      0.00      0.00
02:13:07 AM     all     86.22      0.00     12.78      0.00      0.00      0.75      0.25      0.00      0.00      0.00
02:13:08 AM     all     85.29      0.00     13.47      0.00      0.00      0.75      0.50      0.00      0.00      0.00
02:13:09 AM     all     83.29      0.00     15.46      0.00      0.00      1.00      0.25      0.00      0.00      0.00
02:13:10 AM     all     83.96      0.00     15.04      0.00      0.00      0.75      0.25      0.00      0.00      0.00
02:13:11 AM     all     83.25      0.00     15.25      0.00      0.00      1.00      0.50      0.00      0.00      0.00
02:13:12 AM     all     85.71      0.00     13.28      0.00      0.00      0.75      0.25      0.00      0.00      0.00
02:13:13 AM     all     82.75      0.00     16.00      0.00      0.00      0.75      0.50      0.00      0.00      0.00
02:13:14 AM     all     84.79      0.00     13.97      0.00      0.00      1.00      0.25      0.00      0.00      0.00
02:13:15 AM     all     83.25      0.00     15.50      0.00      0.00      0.75      0.50      0.00      0.00      0.00
02:13:16 AM     all     82.71      0.00     16.29      0.00      0.00      0.75      0.25      0.00      0.00      0.00
02:13:17 AM     all     82.00      0.00     16.50      0.00      0.00      1.00      0.50      0.00      0.00      0.00
02:13:18 AM     all     83.29      0.00     15.21      0.00      0.00      1.00      0.50      0.00      0.00      0.00
02:13:19 AM     all     82.96      0.00     15.79      0.00      0.00      0.75      0.50      0.00      0.00      0.00
02:13:20 AM     all     84.29      0.00     14.46      0.00      0.00      1.00      0.25      0.00      0.00      0.00
02:13:21 AM     all     84.50      0.00     14.25      0.00      0.00      0.75      0.50      0.00      0.00      0.00
02:13:22 AM     all     82.75      0.00     16.25      0.00      0.00      0.75      0.25      0.00      0.00      0.00
02:13:23 AM     all     77.14      0.00     18.09      0.00      0.00      0.75      0.25      0.00      0.00      3.77
02:13:24 AM     all      1.25      0.00     19.50      0.00      0.00      0.50      0.50      0.00      0.00     78.25
02:13:25 AM     all      2.01      0.00     23.06      0.00      0.00      0.50      0.50      0.00      0.00     73.93
02:13:26 AM     all      0.75      0.00     20.60      0.00      0.00      0.25      0.50      0.00      0.00     77.89
02:13:27 AM     all      1.26      0.00     21.86      0.00      0.00      0.50      0.50      0.00      0.00     75.88
02:13:28 AM     all      1.26      0.00     23.12      0.00      0.00      0.50      0.50      0.00      0.00     74.62
02:13:29 AM     all      1.25      0.00     22.81      0.00      0.00      0.50      0.50      0.00      0.00     74.94
02:13:30 AM     all      1.51      0.00     22.36      0.00      0.00      0.50      0.25      0.00      0.00     75.38
02:13:31 AM     all      1.50      0.00     22.00      0.00      0.00      0.50      0.50      0.00      0.00     75.50
02:13:32 AM     all      1.25      0.00     23.06      0.00      0.00      0.25      0.50      0.00      0.00     74.94
02:13:33 AM     all      1.50      0.00     21.05      0.25      0.00      0.50      0.50      0.00      0.00     76.19
02:13:34 AM     all      1.25      0.00     22.56      0.00      0.00      0.50      0.50      0.00      0.00     75.19
02:13:35 AM     all      1.25      0.00     22.81      0.00      0.00      0.50      0.50      0.00      0.00     74.94
02:13:36 AM     all      1.26      0.00     21.36      0.00      0.00      0.50      0.50      0.00      0.00     76.38
02:13:37 AM     all      1.52      0.00     22.78      0.00      0.00      0.51      0.25      0.00      0.00     74.94
02:13:38 AM     all      2.01      0.00     22.06      0.00      0.00      0.25      0.50      0.00      0.00     75.19
02:13:39 AM     all      1.26      0.00     21.86      0.00      0.00      0.50      0.50      0.00      0.00     75.88
02:13:40 AM     all      1.26      0.00     22.11      0.00      0.00      0.50      0.50      0.00      0.00     75.63
02:13:41 AM     all      1.50      0.00     22.56      0.00      0.00      0.50      0.50      0.00      0.00     74.94
02:13:42 AM     all      1.51      0.00     21.91      0.00      0.00      0.50      0.50      0.00      0.00     75.57
02:13:43 AM     all      1.00      0.00     22.81      0.00      0.00      0.50      0.50      0.00      0.00     75.19
02:13:44 AM     all      1.52      0.00     20.51      0.00      0.00      0.25      0.51      0.00      0.00     77.22
02:13:45 AM     all      1.75      0.00     22.81      0.00      0.00      0.50      0.25      0.00      0.00     74.69
02:13:46 AM     all      1.26      0.00     21.36      0.00      0.00      0.50      0.50      0.00      0.00     76.38
02:13:47 AM     all      1.50      0.00     22.56      0.00      0.00      0.50      0.50      0.00      0.00     74.94
02:13:48 AM     all      2.00      0.00     22.25      0.25      0.00      0.50      0.50      0.00      0.00     74.50
02:13:49 AM     all      2.25      0.00     22.50      0.00      0.00      0.25      0.50      0.00      0.00     74.50
02:13:50 AM     all      1.01      0.00     21.41      0.00      0.00      0.50      0.50      0.00      0.00     76.57
02:13:51 AM     all      1.50      0.00     22.56      0.00      0.00      0.50      0.25      0.00      0.00     75.19
02:13:52 AM     all      1.75      0.00     21.25      0.00      0.00      0.50      0.50      0.00      0.00     76.00
02:13:53 AM     all      1.25      0.00     22.81      0.25      0.00      0.50      0.50      0.00      0.00     74.69
02:13:54 AM     all     49.75      0.00     20.50      0.00      0.00      0.50      0.50      0.00      0.00     28.75
02:13:55 AM     all     79.90      0.00     19.10      0.00      0.00      0.75      0.25      0.00      0.00      0.00
02:13:56 AM     all     84.29      0.00     14.21      0.00      0.00      1.00      0.50      0.00      0.00      0.00
02:13:57 AM     all     83.25      0.00     15.75      0.00      0.00      0.75      0.25      0.00      0.00      0.00
02:13:58 AM     all     83.04      0.00     15.71      0.00      0.00      0.75      0.50      0.00      0.00      0.00
02:13:59 AM     all     82.71      0.00     16.04      0.00      0.00      1.00      0.25      0.00      0.00      0.00
02:14:00 AM     all     83.50      0.00     15.25      0.00      0.00      0.75      0.50      0.00      0.00      0.00
02:14:01 AM     all     81.95      0.00     17.04      0.00      0.00      0.75      0.25      0.00      0.00      0.00
02:14:02 AM     all     84.58      0.00     13.93      0.00      0.00      1.00      0.50      0.00      0.00      0.00
02:14:03 AM     all     83.04      0.00     15.46      0.00      0.00      1.00      0.50      0.00      0.00      0.00
02:14:04 AM     all     84.21      0.00     14.79      0.00      0.00      0.75      0.25      0.00      0.00      0.00
02:14:05 AM     all     84.46      0.00     14.29      0.00      0.00      0.75      0.50      0.00      0.00      0.00
02:14:06 AM     all     85.04      0.00     13.97      0.00      0.00      0.75      0.25      0.00      0.00      0.00
02:14:07 AM     all     85.04      0.00     13.97      0.00      0.00      0.75      0.25      0.00      0.00      0.00
02:14:08 AM     all     82.75      0.00     15.75      0.00      0.00      1.00      0.50      0.00      0.00      0.00
02:14:09 AM     all     84.00      0.00     14.75      0.00      0.00      0.75      0.50      0.00      0.00      0.00
02:14:10 AM     all     85.50      0.00     13.25      0.00      0.00      1.00      0.25      0.00      0.00      0.00
02:14:11 AM     all     85.46      0.00     13.28      0.00      0.00      0.75      0.50      0.00      0.00      0.00
02:14:12 AM     all     84.58      0.00     13.93      0.00      0.00      1.00      0.50      0.00      0.00      0.00
02:14:13 AM     all     83.46      0.00     15.54      0.00      0.00      0.75      0.25      0.00      0.00      0.00
02:14:14 AM     all     85.00      0.00     13.75      0.00      0.00      0.75      0.50      0.00      0.00      0.00
02:14:15 AM     all     85.71      0.00     13.28      0.00      0.00      0.75      0.25      0.00      0.00      0.00
02:14:16 AM     all     86.53      0.00     11.97      0.00      0.00      1.00      0.50      0.00      0.00      0.00
02:14:17 AM     all     84.96      0.00     14.04      0.00      0.00      0.75      0.25      0.00      0.00      0.00
02:14:18 AM     all     84.58      0.00     14.18      0.00      0.00      1.00      0.25      0.00      0.00      0.00
02:14:19 AM     all     85.25      0.00     13.50      0.00      0.00      0.75      0.50      0.00      0.00      0.00
02:14:20 AM     all     86.97      0.00     12.03      0.00      0.00      0.75      0.25      0.00      0.00      0.00
02:14:21 AM     all     85.00      0.00     13.75      0.00      0.00      0.75      0.50      0.00      0.00      0.00
02:14:22 AM     all     84.00      0.00     14.75      0.00      0.00      1.00      0.25      0.00      0.00      0.00
02:14:23 AM     all     82.29      0.00     16.71      0.00      0.00      0.75      0.25      0.00      0.00      0.00
02:14:24 AM     all     32.41      0.00     21.61      0.00      0.00      0.50      0.50      0.00      0.00     44.97
02:14:25 AM     all      1.76      0.00     21.86      0.00      0.00      0.50      0.50      0.00      0.00     75.38
02:14:26 AM     all      1.01      0.00     20.85      0.00      0.00      0.50      0.50      0.00      0.00     77.14
02:14:27 AM     all      1.51      0.00     20.85      0.00      0.00      0.50      0.50      0.00      0.00     76.63
02:14:28 AM     all      1.50      0.00     22.56      0.00      0.00      0.50      0.50      0.00      0.00     74.94
02:14:29 AM     all      2.01      0.00     21.05      0.00      0.00      0.25      0.50      0.00      0.00     76.19
02:14:30 AM     all      1.50      0.00     22.25      0.00      0.00      0.50      0.50      0.00      0.00     75.25
02:14:31 AM     all      1.50      0.00     23.69      0.00      0.00      0.50      0.25      0.00      0.00     74.06
02:14:32 AM     all      2.00      0.00     23.00      0.00      0.00      0.50      0.50      0.00      0.00     74.00
02:14:33 AM     all      1.51      0.00     20.40      0.25      0.00      0.50      0.50      0.00      0.00     76.83
02:14:34 AM     all      1.75      0.00     23.00      0.00      0.00      0.50      0.50      0.00      0.00     74.25
02:14:35 AM     all      1.01      0.00     21.61      0.00      0.00      0.25      0.50      0.00      0.00     76.63
02:14:36 AM     all      1.26      0.00     22.86      0.00      0.00      0.50      0.50      0.00      0.00     74.87
02:14:37 AM     all      0.75      0.00     23.37      0.00      0.00      0.50      0.50      0.00      0.00     74.87
02:14:38 AM     all      1.76      0.00     23.37      0.00      0.00      0.50      0.25      0.00      0.00     74.12
02:14:39 AM     all      1.26      0.00     21.11      0.00      0.00      0.50      0.50      0.00      0.00     76.63
02:14:40 AM     all      1.26      0.00     22.98      0.00      0.00      0.25      0.51      0.00      0.00     75.00
02:14:41 AM     all      1.50      0.00     22.06      0.00      0.00      0.50      0.50      0.00      0.00     75.44
02:14:42 AM     all      1.50      0.00     21.95      0.00      0.00      0.50      0.50      0.00      0.00     75.56
02:14:43 AM     all      1.50      0.00     23.06      0.00      0.00      0.50      0.50      0.00      0.00     74.44
02:14:44 AM     all      2.03      0.00     22.53      0.00      0.00      0.51      0.25      0.00      0.00     74.68
02:14:45 AM     all      1.50      0.00     21.05      0.00      0.00      0.25      0.50      0.00      0.00     76.69
02:14:46 AM     all      1.25      0.00     23.44      0.00      0.00      0.50      0.50      0.00      0.00     74.31
02:14:47 AM     all      1.51      0.00     22.17      0.00      0.00      0.50      0.50      0.00      0.00     75.31
02:14:48 AM     all      1.51      0.00     20.91      0.00      0.00      0.50      0.50      0.00      0.00     76.57
02:14:49 AM     all      1.26      0.00     21.86      0.00      0.00      0.50      0.50      0.00      0.00     75.88
02:14:50 AM     all      1.01      0.00     22.61      0.00      0.00      0.50      0.50      0.00      0.00     75.38
02:14:51 AM     all      2.00      0.00     22.25      0.00      0.00      0.25      0.50      0.00      0.00     75.00
02:14:52 AM     all      1.50      0.00     22.06      0.00      0.00      0.50      0.50      0.00      0.00     75.44
02:14:53 AM     all      1.49      0.00     21.64      0.25      0.00      0.50      0.50      0.00      0.00     75.62
02:14:54 AM     all     17.72      0.00     21.52      0.00      0.00      0.51      0.25      0.00      0.00     60.00
02:14:55 AM     all     82.00      0.00     16.75      0.00      0.00      0.75      0.50      0.00      0.00      0.00
02:14:56 AM     all     82.50      0.00     16.00      0.00      0.00      1.00      0.50      0.00      0.00      0.00
02:14:57 AM     all     85.54      0.00     13.22      0.00      0.00      0.75      0.50      0.00      0.00      0.00
02:14:58 AM     all     82.71      0.00     16.04      0.00      0.00      1.00      0.25      0.00      0.00      0.00
02:14:59 AM     all     84.25      0.00     14.75      0.00      0.00      0.75      0.25      0.00      0.00      0.00
02:15:00 AM     all     83.54      0.00     15.21      0.00      0.00      0.75      0.50      0.00      0.00      0.00
02:15:01 AM     all     83.00      0.00     15.50      0.00      0.00      1.00      0.50      0.00      0.00      0.00
02:15:02 AM     all     83.29      0.00     14.96      0.00      0.00      1.00      0.50      0.00      0.00      0.25
02:15:03 AM     all     85.46      0.00     13.53      0.00      0.00      0.75      0.25      0.00      0.00      0.00
02:15:04 AM     all     86.53      0.00     12.47      0.00      0.00      0.75      0.25      0.00      0.00      0.00
02:15:05 AM     all     85.25      0.00     13.50      0.00      0.00      0.75      0.50      0.00      0.00      0.00
02:15:06 AM     all     84.29      0.00     14.21      0.00      0.00      1.00      0.50      0.00      0.00      0.00
02:15:07 AM     all     85.21      0.00     13.78      0.00      0.00      0.75      0.25      0.00      0.00      0.00
02:15:08 AM     all     85.50      0.00     13.00      0.00      0.00      1.00      0.50      0.00      0.00      0.00
02:15:09 AM     all     83.79      0.00     15.21      0.00      0.00      0.75      0.25      0.00      0.00      0.00
02:15:10 AM     all     81.66      0.00     17.09      0.00      0.00      0.75      0.50      0.00      0.00      0.00
02:15:11 AM     all     83.54      0.00     15.21      0.00      0.00      1.00      0.25      0.00      0.00      0.00
02:15:12 AM     all     86.00      0.00     12.75      0.00      0.00      0.75      0.50      0.00      0.00      0.00
02:15:13 AM     all     83.37      0.00     15.63      0.00      0.00      0.74      0.25      0.00      0.00      0.00
02:15:14 AM     all     83.21      0.00     15.54      0.00      0.00      1.00      0.25      0.00      0.00      0.00
02:15:15 AM     all     85.79      0.00     12.97      0.00      0.00      0.75      0.50      0.00      0.00      0.00
02:15:16 AM     all     82.46      0.00     16.54      0.00      0.00      0.75      0.25      0.00      0.00      0.00
02:15:17 AM     all     83.04      0.00     15.46      0.00      0.00      1.00      0.50      0.00      0.00      0.00
02:15:18 AM     all     85.00      0.00     13.75      0.00      0.00      0.75      0.50      0.00      0.00      0.00
02:15:19 AM     all     84.46      0.00     14.54      0.00      0.00      0.75      0.25      0.00      0.00      0.00
02:15:20 AM     all     80.75      0.00     17.75      0.00      0.00      1.00      0.50      0.00      0.00      0.00
02:15:21 AM     all     84.29      0.00     14.21      0.00      0.00      1.00      0.50      0.00      0.00      0.00
02:15:22 AM     all     86.78      0.00     12.22      0.00      0.00      0.75      0.25      0.00      0.00      0.00
02:15:23 AM     all     84.92      0.00     14.07      0.00      0.00      0.75      0.25      0.00      0.00      0.00
02:15:24 AM     all     65.25      0.00     18.75      0.00      0.00      0.75      0.50      0.00      0.00     14.75
02:15:25 AM     all      2.26      0.00     21.55      0.00      0.00      0.50      0.50      0.00      0.00     75.19
02:15:26 AM     all      1.01      0.00     21.41      0.00      0.00      0.50      0.50      0.00      0.00     76.57
02:15:27 AM     all      2.00      0.00     21.00      0.00      0.00      0.50      0.50      0.00      0.00     76.00
02:15:28 AM     all      1.01      0.00     22.86      0.00      0.00      0.50      0.50      0.00      0.00     75.13
02:15:29 AM     all      1.01      0.00     21.72      0.00      0.00      0.25      0.51      0.00      0.00     76.52
02:15:30 AM     all      1.26      0.00     23.68      0.25      0.00      0.50      0.25      0.00      0.00     74.06
02:15:31 AM     all      1.25      0.00     22.69      0.00      0.00      0.50      0.50      0.00      0.00     75.06
02:15:32 AM     all      1.01      0.00     22.92      0.00      0.00      0.50      0.50      0.00      0.00     75.06
02:15:33 AM     all      1.00      0.00     21.80      0.00      0.00      0.50      0.50      0.00      0.00     76.19
02:15:34 AM     all      1.51      0.00     22.42      0.00      0.00      0.50      0.50      0.00      0.00     75.06
02:15:35 AM     all      1.50      0.00     22.81      0.00      0.00      0.25      0.50      0.00      0.00     74.94
02:15:36 AM     all      1.25      0.00     23.56      0.00      0.00      0.50      0.25      0.00      0.00     74.44
02:15:37 AM     all      0.75      0.00     23.12      0.00      0.00      0.50      0.50      0.00      0.00     75.13
02:15:38 AM     all      1.01      0.00     22.67      0.00      0.00      0.50      0.50      0.00      0.00     75.31
02:15:39 AM     all      1.51      0.00     21.66      0.00      0.00      0.25      0.50      0.00      0.00     76.07
02:15:40 AM     all      1.01      0.00     22.28      0.00      0.00      0.51      0.51      0.00      0.00     75.70
02:15:41 AM     all      1.50      0.00     22.44      0.00      0.00      0.50      0.50      0.00      0.00     75.06
02:15:42 AM     all      1.76      0.00     20.65      0.00      0.00      0.50      0.25      0.00      0.00     76.83
02:15:43 AM     all      1.00      0.00     22.81      0.00      0.00      0.50      0.50      0.00      0.00     75.19
02:15:44 AM     all      2.01      0.00     21.61      0.00      0.00      0.50      0.50      0.00      0.00     75.38
02:15:45 AM     all      1.76      0.00     22.36      0.00      0.00      0.25      0.50      0.00      0.00     75.13
02:15:46 AM     all      1.01      0.00     20.91      0.00      0.00      0.50      0.50      0.00      0.00     77.08
02:15:47 AM     all      2.00      0.00     22.94      0.00      0.00      0.50      0.50      0.00      0.00     74.06
02:15:48 AM     all      1.00      0.00     18.30      0.50      0.00      0.50      0.50      0.00      0.00     79.20
02:15:49 AM     all      1.00      0.00     14.50      0.00      0.00      0.25      0.25      0.00      0.00     84.00
02:15:50 AM     all      1.25      0.00     19.30      0.25      0.00      0.50      0.50      0.00      0.00     78.20
02:15:51 AM     all      1.26      0.00     22.67      0.00      0.00      0.25      0.50      0.00      0.00     75.31
02:15:52 AM     all      1.26      0.00     21.86      0.00      0.00      0.50      0.50      0.00      0.00     75.88
02:15:53 AM     all      1.26      0.00     23.12      0.00      0.00      0.50      0.50      0.00      0.00     74.62
02:15:54 AM     all      1.00      0.00     23.50      0.00      0.00      0.50      0.50      0.00      0.00     74.50
02:15:55 AM     all     63.66      0.00     21.55      0.00      0.00      0.75      0.25      0.00      0.00     13.78
02:15:56 AM     all     83.79      0.00     14.71      0.00      0.00      0.75      0.50      0.00      0.00      0.25
02:15:57 AM     all     85.25      0.00     13.75      0.00      0.00      0.75      0.25      0.00      0.00      0.00
02:15:58 AM     all     83.96      0.00     15.04      0.00      0.00      0.75      0.25      0.00      0.00      0.00
02:15:59 AM     all     83.83      0.00     14.68      0.00      0.00      1.00      0.50      0.00      0.00      0.00
02:16:00 AM     all     83.25      0.00     15.75      0.00      0.00      0.75      0.25      0.00      0.00      0.00
02:16:01 AM     all     84.21      0.00     14.79      0.00      0.00      0.75      0.25      0.00      0.00      0.00
02:16:02 AM     all     83.96      0.00     14.79      0.00      0.00      0.75      0.50      0.00      0.00      0.00
02:16:03 AM     all     86.00      0.00     12.75      0.00      0.00      1.00      0.25      0.00      0.00      0.00
02:16:04 AM     all     83.04      0.00     15.71      0.00      0.00      0.75      0.50      0.00      0.00      0.00
02:16:05 AM     all     83.25      0.00     15.50      0.00      0.00      1.00      0.25      0.00      0.00      0.00
02:16:06 AM     all     82.75      0.00     16.00      0.00      0.00      0.75      0.50      0.00      0.00      0.00
02:16:07 AM     all     85.29      0.00     13.72      0.00      0.00      0.75      0.25      0.00      0.00      0.00
02:16:08 AM     all     83.79      0.00     14.71      0.00      0.00      1.00      0.50      0.00      0.00      0.00
02:16:09 AM     all     86.97      0.00     12.03      0.00      0.00      0.75      0.25      0.00      0.00      0.00
02:16:10 AM     all     86.03      0.00     12.72      0.00      0.00      1.00      0.25      0.00      0.00      0.00
02:16:11 AM     all     84.96      0.00     14.04      0.00      0.00      0.75      0.25      0.00      0.00      0.00
02:16:12 AM     all     83.54      0.00     14.96      0.00      0.00      1.00      0.50      0.00      0.00      0.00
02:16:13 AM     all     84.96      0.00     13.78      0.00      0.00      0.75      0.50      0.00      0.00      0.00
02:16:14 AM     all     84.04      0.00     14.96      0.00      0.00      0.75      0.25      0.00      0.00      0.00
02:16:15 AM     all     84.21      0.00     14.54      0.00      0.00      1.00      0.25      0.00      0.00      0.00
02:16:16 AM     all     85.00      0.00     13.75      0.00      0.00      0.75      0.50      0.00      0.00      0.00
02:16:17 AM     all     83.75      0.00     15.25      0.00      0.00      0.75      0.25      0.00      0.00      0.00
02:16:18 AM     all     84.54      0.00     13.97      0.00      0.00      1.00      0.50      0.00      0.00      0.00
02:16:19 AM     all     81.70      0.00     17.04      0.00      0.00      0.75      0.50      0.00      0.00      0.00
02:16:20 AM     all     84.00      0.00     15.00      0.00      0.00      0.75      0.25      0.00      0.00      0.00
02:16:21 AM     all     84.04      0.00     14.71      0.00      0.00      1.00      0.25      0.00      0.00      0.00
02:16:22 AM     all     83.71      0.00     15.29      0.00      0.00      0.75      0.25      0.00      0.00      0.00
02:16:23 AM     all     82.50      0.00     16.25      0.00      0.00      0.75      0.50      0.00      0.00      0.00
02:16:24 AM     all     81.45      0.00     17.29      0.00      0.00      1.00      0.25      0.00      0.00      0.00
02:16:25 AM     all     16.42      0.00     21.89      0.00      0.00      0.50      0.75      0.00      0.00     60.45
02:16:26 AM     all      1.50      0.00     21.45      0.00      0.00      0.50      0.50      0.00      0.00     76.06
02:16:27 AM     all      1.01      0.00     23.17      0.00      0.00      0.50      0.50      0.00      0.00     74.81
02:16:28 AM     all      1.50      0.00     22.06      0.00      0.00      0.50      0.25      0.00      0.00     75.69
02:16:29 AM     all      1.75      0.00     21.50      0.00      0.00      0.50      0.75      0.00      0.00     75.50
02:16:30 AM     all      1.01      0.00     23.12      0.00      0.00      0.25      0.50      0.00      0.00     75.13
02:16:31 AM     all      1.75      0.00     21.80      0.00      0.00      0.50      0.50      0.00      0.00     75.44
02:16:32 AM     all      0.75      0.00     23.62      0.00      0.00      0.50      0.25      0.00      0.00     74.87
02:16:33 AM     all      1.01      0.00     19.14      0.00      0.00      0.50      0.50      0.00      0.00     78.84
02:16:34 AM     all      1.75      0.00     22.31      0.00      0.00      0.50      0.50      0.00      0.00     74.94
02:16:35 AM     all      1.25      0.00     23.06      0.25      0.00      0.50      0.50      0.00      0.00     74.44
02:16:36 AM     all      1.26      0.00     21.66      0.00      0.00      0.25      0.25      0.00      0.00     76.57
02:16:37 AM     all      1.26      0.00     21.66      0.00      0.00      0.50      0.50      0.00      0.00     76.07
02:16:38 AM     all      1.01      0.00     21.66      0.00      0.00      0.50      0.50      0.00      0.00     76.32
02:16:39 AM     all      1.25      0.00     22.50      0.00      0.00      0.50      0.50      0.00      0.00     75.25
02:16:40 AM     all      1.75      0.00     21.80      0.00      0.00      0.50      0.50      0.00      0.00     75.44
02:16:41 AM     all      1.26      0.00     22.73      0.00      0.00      0.25      0.51      0.00      0.00     75.25
02:16:42 AM     all      1.50      0.00     21.00      0.00      0.00      0.50      0.50      0.00      0.00     76.50
02:16:43 AM     all      0.76      0.00     22.53      0.00      0.00      0.51      0.51      0.00      0.00     75.70
02:16:44 AM     all      0.76      0.00     21.97      0.00      0.00      0.51      0.51      0.00      0.00     76.26
02:16:45 AM     all      1.25      0.00     22.25      0.25      0.00      0.50      0.50      0.00      0.00     75.25
02:16:46 AM     all      1.50      0.00     23.00      0.00      0.00      0.50      0.50      0.00      0.00     74.50
02:16:47 AM     all      1.26      0.00     20.65      0.00      0.00      0.50      0.50      0.00      0.00     77.08
02:16:48 AM     all      1.26      0.00     22.17      0.00      0.00      0.25      0.25      0.00      0.00     76.07
02:16:49 AM     all      1.75      0.00     21.20      0.00      0.00      0.50      0.75      0.00      0.00     75.81
02:16:50 AM     all      1.26      0.00     22.73      0.00      0.00      0.51      0.51      0.00      0.00     75.00
02:16:51 AM     all      1.01      0.00     22.92      0.00      0.00      0.50      0.25      0.00      0.00     75.31
02:16:52 AM     all      1.76      0.00     20.91      0.00      0.00      0.50      0.50      0.00      0.00     76.32
02:16:53 AM     all      1.25      0.00     22.81      0.00      0.00      0.50      0.50      0.00      0.00     74.94
02:16:54 AM     all      2.26      0.00     23.37      0.00      0.00      0.25      0.50      0.00      0.00     73.62
02:16:55 AM     all     32.08      0.00     21.30      0.25      0.00      0.75      0.25      0.00      0.00     45.36
02:16:56 AM     all     79.25      0.00     19.50      0.00      0.00      0.75      0.50      0.00      0.00      0.00
02:16:57 AM     all     82.75      0.00     16.25      0.00      0.00      0.75      0.25      0.00      0.00      0.00
02:16:58 AM     all     84.50      0.00     14.25      0.00      0.00      0.75      0.50      0.00      0.00      0.00
02:16:59 AM     all     86.00      0.00     12.75      0.00      0.00      1.00      0.25      0.00      0.00      0.00
02:17:00 AM     all     83.21      0.00     15.79      0.00      0.00      0.75      0.25      0.00      0.00      0.00
02:17:01 AM     all     81.59      0.00     16.92      0.00      0.00      1.00      0.50      0.00      0.00      0.00
02:17:02 AM     all     85.25      0.00     13.50      0.00      0.00      0.75      0.50      0.00      0.00      0.00
02:17:03 AM     all     86.00      0.00     12.75      0.00      0.00      1.00      0.25      0.00      0.00      0.00
02:17:04 AM     all     84.29      0.00     14.46      0.00      0.00      0.75      0.50      0.00      0.00      0.00
02:17:05 AM     all     84.75      0.00     13.75      0.00      0.00      1.00      0.50      0.00      0.00      0.00
02:17:06 AM     all     84.00      0.00     15.00      0.00      0.00      0.75      0.25      0.00      0.00      0.00
02:17:07 AM     all     84.46      0.00     14.29      0.00      0.00      0.75      0.50      0.00      0.00      0.00
02:17:08 AM     all     84.54      0.00     14.21      0.00      0.00      1.00      0.25      0.00      0.00      0.00
02:17:09 AM     all     81.75      0.00     17.00      0.00      0.00      0.75      0.50      0.00      0.00      0.00
02:17:10 AM     all     81.00      0.00     17.75      0.00      0.00      0.75      0.50      0.00      0.00      0.00
02:17:11 AM     all     82.00      0.00     16.50      0.00      0.00      1.00      0.50      0.00      0.00      0.00
02:17:12 AM     all     85.71      0.00     13.28      0.00      0.00      0.75      0.25      0.00      0.00      0.00
02:17:13 AM     all     86.03      0.00     12.72      0.00      0.00      1.00      0.25      0.00      0.00      0.00
02:17:14 AM     all     84.21      0.00     14.54      0.00      0.00      0.75      0.50      0.00      0.00      0.00
02:17:15 AM     all     82.50      0.00     16.00      0.00      0.00      1.00      0.50      0.00      0.00      0.00
02:17:16 AM     all     83.75      0.00     15.00      0.00      0.00      0.75      0.50      0.00      0.00      0.00
02:17:17 AM     all     84.75      0.00     14.00      0.00      0.00      1.00      0.25      0.00      0.00      0.00
02:17:18 AM     all     83.00      0.00     15.75      0.00      0.00      0.75      0.50      0.00      0.00      0.00
02:17:19 AM     all     84.79      0.00     13.72      0.00      0.00      1.00      0.50      0.00      0.00      0.00
02:17:20 AM     all     84.71      0.00     14.29      0.00      0.00      0.75      0.25      0.00      0.00      0.00
02:17:21 AM     all     84.71      0.00     14.29      0.00      0.00      0.75      0.25      0.00      0.00      0.00
02:17:22 AM     all     85.82      0.00     12.69      0.00      0.00      1.00      0.50      0.00      0.00      0.00
02:17:23 AM     all     84.71      0.00     14.29      0.00      0.00      0.75      0.25      0.00      0.00      0.00
02:17:24 AM     all     82.25      0.00     16.50      0.00      0.00      0.75      0.50      0.00      0.00      0.00
02:17:25 AM     all     48.49      0.00     22.36      0.00      0.00      0.75      0.25      0.00      0.00     28.14
02:17:26 AM     all      1.25      0.00     19.45      0.00      0.00      0.50      0.50      0.00      0.00     78.30
02:17:27 AM     all      0.76      0.00     23.43      0.00      0.00      0.50      0.50      0.00      0.00     74.81
02:17:28 AM     all      1.76      0.00     21.41      0.00      0.00      0.25      0.50      0.00      0.00     76.07
02:17:29 AM     all      1.50      0.00     22.25      0.00      0.00      0.50      0.50      0.00      0.00     75.25
02:17:30 AM     all      1.26      0.00     22.42      0.00      0.00      0.50      0.25      0.00      0.00     75.57
02:17:31 AM     all      1.50      0.00     21.55      0.00      0.00      0.50      0.50      0.00      0.00     75.94
02:17:32 AM     all      1.26      0.00     23.17      0.00      0.00      0.50      0.50      0.00      0.00     74.56
02:17:33 AM     all      1.26      0.00     20.40      0.00      0.00      0.50      0.50      0.00      0.00     77.33
02:17:34 AM     all      1.51      0.00     22.61      0.00      0.00      0.25      0.50      0.00      0.00     75.13
02:17:35 AM     all      1.51      0.00     23.12      0.00      0.00      0.50      0.50      0.00      0.00     74.37
02:17:36 AM     all      1.26      0.00     21.66      0.00      0.00      0.50      0.25      0.00      0.00     76.32
02:17:37 AM     all      2.01      0.00     21.55      0.00      0.00      0.50      0.75      0.00      0.00     75.19
02:17:38 AM     all      1.01      0.00     23.43      0.00      0.00      0.25      0.25      0.00      0.00     75.06
02:17:39 AM     all      2.00      0.00     22.00      0.00      0.00      0.50      0.50      0.00      0.00     75.00
02:17:40 AM     all      1.01      0.00     22.11      0.25      0.00      0.50      0.50      0.00      0.00     75.63
02:17:41 AM     all      1.25      0.00     22.69      0.00      0.00      0.50      0.50      0.00      0.00     75.06
02:17:42 AM     all      0.76      0.00     21.77      0.00      0.00      0.51      0.51      0.00      0.00     76.46
02:17:43 AM     all      1.26      0.00     23.12      0.00      0.00      0.50      0.25      0.00      0.00     74.87
02:17:44 AM     all      1.51      0.00     21.41      0.00      0.00      0.25      0.50      0.00      0.00     76.32
02:17:45 AM     all      1.00      0.00     22.31      0.00      0.00      0.75      0.75      0.00      0.00     75.19
02:17:46 AM     all      2.02      0.00     20.40      0.00      0.00      0.25      0.50      0.00      0.00     76.83
02:17:47 AM     all      1.75      0.00     22.00      0.00      0.00      0.50      0.50      0.00      0.00     75.25
02:17:48 AM     all      1.26      0.00     20.10      0.00      0.00      0.50      0.25      0.00      0.00     77.89
02:17:49 AM     all      1.26      0.00     21.91      0.00      0.00      0.50      0.76      0.00      0.00     75.57
02:17:50 AM     all      1.76      0.00     21.91      0.25      0.00      0.50      0.50      0.00      0.00     75.06
02:17:51 AM     all      1.76      0.00     21.36      0.00      0.00      0.50      0.50      0.00      0.00     75.88
02:17:52 AM     all      1.01      0.00     22.28      0.00      0.00      0.51      0.51      0.00      0.00     75.70
02:17:53 AM     all      1.01      0.00     21.11      0.00      0.00      0.50      0.50      0.00      0.00     76.88
02:17:54 AM     all      1.51      0.00     22.61      0.00      0.00      0.50      0.50      0.00      0.00     74.87
02:17:55 AM     all      2.02      0.00     23.43      0.00      0.00      0.25      0.25      0.00      0.00     74.06
02:17:56 AM     all     77.56      0.00     17.46      0.00      0.00      1.00      0.50      0.00      0.00      3.49
02:17:57 AM     all     84.25      0.00     14.50      0.00      0.00      0.75      0.50      0.00      0.00      0.00
02:17:58 AM     all     85.00      0.00     14.00      0.00      0.00      0.75      0.25      0.00      0.00      0.00
02:17:59 AM     all     85.50      0.00     13.00      0.00      0.00      1.00      0.50      0.00      0.00      0.00
02:18:00 AM     all     85.07      0.00     13.93      0.00      0.00      0.75      0.25      0.00      0.00      0.00
02:18:01 AM     all     83.46      0.00     15.54      0.00      0.00      0.75      0.25      0.00      0.00      0.00
02:18:02 AM     all     83.25      0.00     15.50      0.00      0.00      0.75      0.50      0.00      0.00      0.00
02:18:03 AM     all     83.29      0.00     15.21      0.00      0.00      1.00      0.50      0.00      0.00      0.00
02:18:04 AM     all     83.25      0.00     15.25      0.00      0.00      1.00      0.50      0.00      0.00      0.00
02:18:05 AM     all     81.45      0.00     17.54      0.00      0.00      0.75      0.25      0.00      0.00      0.00
02:18:06 AM     all     83.04      0.00     15.46      0.00      0.00      0.75      0.50      0.00      0.00      0.25
02:18:07 AM     all     82.04      0.00     16.46      0.00      0.00      1.00      0.50      0.00      0.00      0.00
02:18:08 AM     all     81.00      0.00     17.50      0.00      0.00      1.00      0.50      0.00      0.00      0.00
02:18:09 AM     all     85.46      0.00     13.53      0.00      0.00      0.75      0.25      0.00      0.00      0.00
02:18:10 AM     all     82.50      0.00     16.25      0.00      0.00      0.75      0.50      0.00      0.00      0.00
02:18:11 AM     all     82.25      0.00     16.75      0.00      0.00      0.75      0.25      0.00      0.00      0.00
02:18:12 AM     all     83.25      0.00     15.25      0.00      0.00      1.00      0.50      0.00      0.00      0.00
02:18:13 AM     all     81.55      0.00     16.96      0.00      0.00      1.00      0.50      0.00      0.00      0.00
02:18:14 AM     all     84.00      0.00     15.00      0.00      0.00      0.75      0.25      0.00      0.00      0.00
02:18:15 AM     all     82.91      0.00     16.08      0.00      0.00      0.75      0.25      0.00      0.00      0.00
02:18:16 AM     all     84.50      0.00     14.50      0.00      0.00      0.75      0.25      0.00      0.00      0.00
02:18:17 AM     all     84.08      0.00     14.43      0.00      0.00      1.00      0.50      0.00      0.00      0.00
02:18:18 AM     all     83.17      0.00     15.83      0.00      0.00      0.75      0.25      0.00      0.00      0.00
02:18:19 AM     all     82.63      0.00     15.63      0.00      0.00      0.99      0.74      0.00      0.00      0.00
02:18:20 AM     all     85.21      0.00     13.78      0.00      0.00      0.75      0.25      0.00      0.00      0.00
02:18:21 AM     all     82.00      0.00     16.50      0.00      0.00      1.00      0.50      0.00      0.00      0.00
02:18:22 AM     all     82.25      0.00     16.50      0.00      0.00      0.75      0.50      0.00      0.00      0.00
02:18:23 AM     all     84.58      0.00     14.43      0.00      0.00      0.75      0.25      0.00      0.00      0.00
02:18:24 AM     all     86.47      0.00     12.53      0.00      0.00      0.75      0.25      0.00      0.00      0.00
02:18:25 AM     all     79.80      0.00     19.20      0.00      0.00      0.75      0.25      0.00      0.00      0.00
02:18:26 AM     all      4.79      0.00     20.15      0.00      0.00      0.50      0.50      0.00      0.00     74.06
02:18:27 AM     all      1.26      0.00     19.85      0.00      0.00      0.50      0.50      0.00      0.00     77.89
02:18:28 AM     all      1.01      0.00     22.61      0.00      0.00      0.50      0.50      0.00      0.00     75.38
02:18:29 AM     all      2.01      0.00     22.61      0.00      0.00      0.25      0.25      0.00      0.00     74.87
02:18:30 AM     all      1.52      0.00     21.46      0.00      0.00      0.51      0.51      0.00      0.00     76.01
02:18:31 AM     all      1.26      0.00     22.86      0.00      0.00      0.50      0.50      0.00      0.00     74.87
02:18:32 AM     all      1.00      0.00     23.06      0.00      0.00      0.50      0.50      0.00      0.00     74.94
02:18:33 AM     all      1.76      0.00     20.35      0.00      0.00      0.50      0.50      0.00      0.00     76.88
02:18:34 AM     all      1.01      0.00     22.86      0.00      0.00      0.50      0.50      0.00      0.00     75.13
02:18:35 AM     all      1.26      0.00     21.91      0.25      0.00      0.25      0.50      0.00      0.00     75.82
02:18:36 AM     all      1.01      0.00     21.66      0.00      0.00      0.50      0.25      0.00      0.00     76.57
02:18:37 AM     all      1.26      0.00     22.42      0.00      0.00      0.50      0.50      0.00      0.00     75.31
02:18:38 AM     all      1.01      0.00     22.17      0.00      0.00      0.50      0.50      0.00      0.00     75.82
02:18:39 AM     all      1.50      0.00     23.56      0.00      0.00      0.25      0.50      0.00      0.00     74.19
02:18:40 AM     all      1.26      0.00     23.37      0.00      0.00      0.50      0.50      0.00      0.00     74.37
02:18:41 AM     all      1.25      0.00     21.25      0.00      0.00      0.50      0.50      0.00      0.00     76.50
02:18:42 AM     all      1.77      0.00     21.72      0.00      0.00      0.51      0.25      0.00      0.00     75.76
02:18:43 AM     all      1.25      0.00     22.56      0.00      0.00      0.50      0.50      0.00      0.00     75.19
02:18:44 AM     all      1.50      0.00     21.05      0.00      0.00      0.50      0.50      0.00      0.00     76.44
02:18:45 AM     all      1.50      0.00     23.00      0.00      0.00      0.25      0.50      0.00      0.00     74.75
02:18:46 AM     all      1.51      0.00     20.60      0.00      0.00      0.50      0.50      0.00      0.00     76.88
02:18:47 AM     all      1.51      0.00     22.11      0.00      0.00      0.50      0.25      0.00      0.00     75.63
02:18:48 AM     all      1.25      0.00     22.81      0.00      0.00      0.50      0.50      0.00      0.00     74.94
02:18:49 AM     all      1.50      0.00     21.95      0.00      0.00      0.25      0.50      0.00      0.00     75.81
02:18:50 AM     all      1.26      0.00     22.61      0.00      0.00      0.50      0.50      0.00      0.00     75.13
02:18:51 AM     all      0.75      0.00     22.11      0.00      0.00      0.50      0.50      0.00      0.00     76.13
02:18:52 AM     all      1.75      0.00     22.81      0.00      0.00      0.50      0.50      0.00      0.00     74.44
02:18:53 AM     all      1.26      0.00     22.17      0.00      0.00      0.50      0.25      0.00      0.00     75.82
02:18:54 AM     all      1.50      0.00     22.25      0.00      0.00      0.50      0.50      0.00      0.00     75.25
02:18:55 AM     all      1.51      0.00     22.86      0.75      0.00      0.25      0.50      0.00      0.00     74.12
02:18:56 AM     all     51.38      0.00     20.80      0.00      0.00      0.75      0.50      0.00      0.00     26.57
02:18:57 AM     all     79.50      0.00     19.25      0.00      0.00      0.75      0.50      0.00      0.00      0.00
02:18:58 AM     all     85.50      0.00     13.25      0.00      0.00      1.00      0.25      0.00      0.00      0.00
02:18:59 AM     all     85.29      0.00     13.72      0.00      0.00      0.75      0.25      0.00      0.00      0.00
02:19:00 AM     all     82.71      0.00     16.04      0.00      0.00      0.75      0.50      0.00      0.00      0.00
02:19:01 AM     all     83.54      0.00     15.21      0.00      0.00      1.00      0.25      0.00      0.00      0.00
02:19:02 AM     all     85.25      0.00     13.25      0.00      0.00      1.00      0.50      0.00      0.00      0.00
02:19:03 AM     all     83.50      0.00     15.50      0.00      0.00      0.75      0.25      0.00      0.00      0.00
02:19:04 AM     all     87.97      0.00     11.03      0.00      0.00      0.75      0.25      0.00      0.00      0.00
02:19:05 AM     all     84.75      0.00     14.00      0.00      0.00      0.75      0.50      0.00      0.00      0.00
02:19:06 AM     all     85.54      0.00     12.97      0.00      0.00      1.00      0.50      0.00      0.00      0.00
02:19:07 AM     all     85.50      0.00     13.50      0.00      0.00      0.75      0.25      0.00      0.00      0.00
02:19:08 AM     all     85.21      0.00     13.53      0.00      0.00      1.00      0.25      0.00      0.00      0.00
02:19:09 AM     all     85.82      0.00     12.94      0.00      0.00      0.75      0.50      0.00      0.00      0.00
02:19:10 AM     all     86.18      0.00     12.81      0.00      0.00      0.75      0.25      0.00      0.00      0.00
02:19:11 AM     all     86.53      0.00     12.22      0.00      0.00      0.75      0.50      0.00      0.00      0.00
02:19:12 AM     all     86.25      0.00     12.50      0.00      0.00      1.00      0.25      0.00      0.00      0.00
02:19:13 AM     all     86.25      0.00     12.50      0.00      0.00      0.75      0.50      0.00      0.00      0.00
02:19:14 AM     all     82.04      0.00     16.46      0.00      0.00      1.00      0.50      0.00      0.00      0.00
02:19:15 AM     all     81.95      0.00     16.79      0.00      0.00      0.75      0.25      0.00      0.00      0.25
02:19:16 AM     all     84.50      0.00     14.25      0.00      0.00      0.75      0.50      0.00      0.00      0.00
02:19:17 AM     all     85.29      0.00     13.47      0.00      0.00      1.00      0.25      0.00      0.00      0.00
02:19:18 AM     all     83.50      0.00     15.25      0.00      0.00      0.75      0.50      0.00      0.00      0.00
02:19:19 AM     all     86.50      0.00     12.25      0.00      0.00      0.75      0.50      0.00      0.00      0.00
02:19:20 AM     all     85.71      0.00     13.28      0.00      0.00      0.75      0.25      0.00      0.00      0.00
02:19:21 AM     all     83.37      0.00     15.14      0.00      0.00      0.99      0.50      0.00      0.00      0.00
02:19:22 AM     all     81.41      0.00     17.59      0.00      0.00      0.75      0.25      0.00      0.00      0.00
02:19:23 AM     all     82.50      0.00     16.50      0.00      0.00      0.75      0.25      0.00      0.00      0.00
02:19:24 AM     all     83.79      0.00     14.71      0.00      0.00      1.00      0.50      0.00      0.00      0.00
02:19:25 AM     all     86.25      0.00     12.75      0.00      0.00      0.75      0.25      0.00      0.00      0.00
02:19:26 AM     all     29.43      0.00      7.48      0.00      0.00      0.50      0.25      0.00      0.00     62.34
02:19:27 AM     all      0.00      0.00      0.25      0.00      0.00      0.00      0.00      0.00      0.00     99.75
02:19:28 AM     all      0.25      0.00      0.25      0.00      0.00      0.00      0.00      0.00      0.00     99.50
02:19:29 AM     all      0.25      0.00     14.50      0.00      0.00      0.75      0.50      0.00      0.00     84.00
02:19:30 AM     all      1.75      0.00     21.55      0.00      0.00      0.75      0.75      0.00      0.00     75.19
02:19:31 AM     all      1.50      0.00     22.50      0.00      0.00      0.50      0.50      0.00      0.00     75.00
02:19:32 AM     all      1.01      0.00     23.68      0.00      0.00      0.50      0.25      0.00      0.00     74.56
02:19:33 AM     all      1.50      0.00     22.00      0.00      0.00      0.50      0.50      0.00      0.00     75.50
02:19:34 AM     all      1.01      0.00     22.61      0.00      0.00      0.50      0.50      0.00      0.00     75.38
02:19:35 AM     all      1.74      0.00     23.38      0.25      0.00      0.50      0.50      0.00      0.00     73.63
02:19:36 AM     all      1.76      0.00     20.91      0.00      0.00      0.50      0.50      0.00      0.00     76.32
02:19:37 AM     all      1.50      0.00     22.31      0.00      0.00      0.25      0.50      0.00      0.00     75.44
02:19:38 AM     all      1.27      0.00     22.78      0.00      0.00      0.51      0.25      0.00      0.00     75.19
02:19:39 AM     all      1.74      0.00     22.39      0.00      0.00      0.50      0.50      0.00      0.00     74.88
02:19:40 AM     all      1.01      0.00     21.27      0.00      0.00      0.51      0.51      0.00      0.00     76.71
02:19:41 AM     all      1.50      0.00     23.50      0.00      0.00      0.25      0.50      0.00      0.00     74.25
02:19:42 AM     all      0.76      0.00     22.98      0.00      0.00      0.51      0.51      0.00      0.00     75.25
02:19:43 AM     all      1.51      0.00     21.11      0.00      0.00      0.50      0.50      0.00      0.00     76.38
02:19:44 AM     all      1.50      0.00     23.31      0.00      0.00      0.50      0.25      0.00      0.00     74.44
02:19:45 AM     all      1.75      0.00     22.69      0.00      0.00      0.50      0.50      0.00      0.00     74.56
02:19:46 AM     all      1.51      0.00     21.91      0.00      0.00      0.50      0.50      0.00      0.00     75.57
02:19:47 AM     all      1.26      0.00     22.11      0.00      0.00      0.25      0.50      0.00      0.00     75.88
02:19:48 AM     all      1.75      0.00     21.05      0.00      0.00      0.50      0.50      0.00      0.00     76.19
02:19:49 AM     all      1.25      0.00     22.06      0.00      0.00      0.50      0.50      0.00      0.00     75.69
02:19:50 AM     all      1.75      0.00     20.80      0.00      0.00      0.50      0.50      0.00      0.00     76.44
02:19:51 AM     all      1.50      0.00     22.50      0.00      0.00      0.50      0.50      0.00      0.00     75.00
02:19:52 AM     all      1.01      0.00     21.21      0.00      0.00      0.51      0.51      0.00      0.00     76.77
02:19:53 AM     all      1.00      0.00     23.25      0.00      0.00      0.50      0.50      0.00      0.00     74.75
02:19:54 AM     all      1.76      0.00     20.65      0.25      0.00      0.50      0.50      0.00      0.00     76.32
02:19:55 AM     all      1.26      0.00     22.36      0.25      0.00      0.25      0.25      0.00      0.00     75.63
02:19:56 AM     all      1.50      0.00     20.50      0.00      0.00      0.50      0.50      0.00      0.00     77.00
02:19:57 AM     all      1.50      0.00     21.25      0.00      0.00      0.50      0.50      0.00      0.00     76.25
02:19:58 AM     all      1.50      0.00     22.50      0.00      0.00      0.50      0.50      0.00      0.00     75.00
02:19:59 AM     all     30.58      0.00     22.06      0.00      0.00      0.50      0.50      0.00      0.00     46.37
02:20:00 AM     all     81.00      0.00     18.00      0.00      0.00      0.75      0.25      0.00      0.00      0.00
02:20:01 AM     all     85.75      0.00     12.75      0.00      0.00      1.00      0.50      0.00      0.00      0.00
02:20:02 AM     all     82.00      0.00     17.00      0.00      0.00      0.75      0.25      0.00      0.00      0.00
02:20:03 AM     all     82.16      0.00     16.83      0.00      0.00      0.75      0.25      0.00      0.00      0.00
02:20:04 AM     all     85.07      0.00     13.43      0.00      0.00      1.00      0.50      0.00      0.00      0.00
02:20:05 AM     all     84.00      0.00     15.00      0.00      0.00      0.75      0.25      0.00      0.00      0.00
02:20:06 AM     all     85.21      0.00     13.53      0.00      0.00      0.75      0.50      0.00      0.00      0.00
02:20:07 AM     all     83.33      0.00     15.42      0.00      0.00      1.00      0.25      0.00      0.00      0.00
02:20:08 AM     all     84.46      0.00     14.29      0.00      0.00      0.75      0.50      0.00      0.00      0.00
02:20:09 AM     all     86.53      0.00     12.22      0.00      0.00      1.00      0.25      0.00      0.00      0.00
02:20:10 AM     all     83.71      0.00     15.04      0.00      0.00      0.75      0.50      0.00      0.00      0.00
02:20:11 AM     all     83.58      0.00     14.93      0.00      0.00      1.00      0.50      0.00      0.00      0.00
02:20:12 AM     all     82.50      0.00     16.25      0.00      0.00      0.75      0.50      0.00      0.00      0.00
02:20:13 AM     all     84.71      0.00     14.29      0.00      0.00      0.75      0.25      0.00      0.00      0.00
02:20:14 AM     all     85.75      0.00     12.75      0.00      0.00      1.00      0.50      0.00      0.00      0.00
02:20:15 AM     all     83.25      0.00     15.75      0.00      0.00      0.75      0.25      0.00      0.00      0.00
02:20:16 AM     all     84.04      0.00     14.46      0.00      0.00      1.00      0.50      0.00      0.00      0.00
02:20:17 AM     all     84.21      0.00     14.79      0.00      0.00      0.75      0.25      0.00      0.00      0.00
02:20:18 AM     all     82.79      0.00     15.71      0.00      0.00      1.00      0.50      0.00      0.00      0.00
02:20:19 AM     all     85.75      0.00     13.00      0.00      0.00      0.75      0.50      0.00      0.00      0.00
02:20:20 AM     all     80.95      0.00     17.79      0.00      0.00      0.75      0.50      0.00      0.00      0.00
02:20:21 AM     all     83.79      0.00     14.96      0.00      0.00      1.00      0.25      0.00      0.00      0.00
02:20:22 AM     all     87.72      0.00     11.28      0.00      0.00      0.75      0.25      0.00      0.00      0.00
02:20:23 AM     all     86.50      0.00     12.00      0.00      0.00      1.00      0.50      0.00      0.00      0.00
02:20:24 AM     all     80.50      0.00     18.25      0.00      0.00      0.75      0.50      0.00      0.00      0.00
02:20:25 AM     all     86.72      0.00     12.03      0.00      0.00      0.75      0.50      0.00      0.00      0.00
02:20:26 AM     all     84.04      0.00     14.71      0.00      0.00      1.00      0.25      0.00      0.00      0.00
02:20:27 AM     all     83.75      0.00     15.00      0.00      0.00      0.75      0.50      0.00      0.00      0.00
02:20:28 AM     all     82.96      0.00     16.04      0.00      0.00      0.75      0.25      0.00      0.00      0.00
02:20:29 AM     all     52.74      0.00     15.92      0.00      0.00      0.75      0.50      0.00      0.00     30.10
02:20:30 AM     all      1.01      0.00     20.65      0.00      0.00      0.50      0.25      0.00      0.00     77.58
02:20:31 AM     all      1.00      0.00     22.50      0.00      0.00      0.50      0.50      0.00      0.00     75.50
02:20:32 AM     all      1.50      0.00     21.80      0.00      0.00      0.25      0.50      0.00      0.00     75.94
02:20:33 AM     all      2.25      0.00     22.00      0.00      0.00      0.50      0.50      0.00      0.00     74.75
02:20:34 AM     all      1.00      0.00     21.55      0.00      0.00      0.50      0.50      0.00      0.00     76.44
02:20:35 AM     all      1.26      0.00     23.12      0.00      0.00      0.50      0.50      0.00      0.00     74.62
02:20:36 AM     all      0.50      0.00     23.56      0.00      0.00      0.50      0.50      0.00      0.00     74.94
02:20:37 AM     all      1.75      0.00     21.80      0.00      0.00      0.50      0.50      0.00      0.00     75.44
02:20:38 AM     all      1.50      0.00     22.56      0.00      0.00      0.25      0.50      0.00      0.00     75.19
02:20:39 AM     all      1.77      0.00     21.97      0.00      0.00      0.51      0.25      0.00      0.00     75.51
02:20:40 AM     all      1.76      0.00     21.66      0.00      0.00      0.50      0.50      0.00      0.00     75.57
02:20:41 AM     all      1.50      0.00     23.50      0.00      0.00      0.50      0.50      0.00      0.00     74.00
02:20:42 AM     all      1.26      0.00     22.92      0.00      0.00      0.25      0.50      0.00      0.00     75.06
02:20:43 AM     all      1.50      0.00     20.55      0.00      0.00      0.50      0.50      0.00      0.00     76.94
02:20:44 AM     all      1.25      0.00     23.94      0.00      0.00      0.50      0.50      0.00      0.00     73.82
02:20:45 AM     all      1.01      0.00     22.86      0.25      0.00      0.50      0.50      0.00      0.00     74.87
02:20:46 AM     all      1.26      0.00     21.21      0.00      0.00      0.51      0.25      0.00      0.00     76.77
02:20:47 AM     all      1.26      0.00     23.37      0.00      0.00      0.50      0.50      0.00      0.00     74.37
02:20:48 AM     all      0.76      0.00     22.17      0.00      0.00      0.25      0.50      0.00      0.00     76.32
02:20:49 AM     all      1.51      0.00     22.17      0.00      0.00      0.50      0.50      0.00      0.00     75.31
02:20:50 AM     all      1.75      0.00     22.50      0.00      0.00      0.50      0.50      0.00      0.00     74.75
02:20:51 AM     all      1.51      0.00     22.86      0.00      0.00      0.50      0.25      0.00      0.00     74.87
02:20:52 AM     all      1.50      0.00     21.55      0.00      0.00      0.25      0.50      0.00      0.00     76.19
02:20:53 AM     all      1.52      0.00     21.97      0.00      0.00      0.51      0.51      0.00      0.00     75.51
02:20:54 AM     all      1.75      0.00     22.06      0.00      0.00      0.50      0.50      0.00      0.00     75.19
02:20:55 AM     all      1.74      0.00     21.64      0.25      0.00      0.50      0.50      0.00      0.00     75.37
02:20:56 AM     all      0.51      0.00     18.69      0.00      0.00      0.51      0.51      0.00      0.00     79.80
02:20:57 AM     all      1.25      0.00     23.06      0.00      0.00      0.50      0.25      0.00      0.00     74.94
02:20:58 AM     all      1.51      0.00     21.36      0.00      0.00      0.25      0.50      0.00      0.00     76.38
02:20:59 AM     all      2.24      0.00     22.64      0.00      0.00      0.50      0.50      0.00      0.00     74.13
02:21:00 AM     all      1.00      0.00      1.25      0.25      0.00      0.00      0.00      0.00      0.00     97.49
02:21:01 AM     all      0.25      0.00      0.50      0.00      0.00      0.25      0.25      0.00      0.00     98.76
02:21:02 AM     all      0.25      0.00      0.25      0.00      0.00      0.00      0.00      0.00      0.00     99.50
02:21:03 AM     all      0.25      0.00      0.25      0.00      0.00      0.25      0.00      0.00      0.00     99.25
Average:        all     40.08      0.00     18.11      0.01      0.00      0.63      0.42      0.00      0.00     40.75
