Linux 4.9.253-tegra (nano-desktop) 	08/17/2023 	_aarch64_	(4 CPU)

02:32:03 AM     CPU      %usr     %nice      %sys   %iowait    %steal      %irq     %soft    %guest    %gnice     %idle
02:32:04 AM     all      1.26      0.00     30.40      0.00      0.00      0.50      0.50      0.00      0.00     67.34
02:32:05 AM     all      1.00      0.00     15.50      0.00      0.00      0.50      0.25      0.00      0.00     82.75
02:32:06 AM     all      1.26      0.00     16.58      0.00      0.00      0.25      0.50      0.00      0.00     81.41
02:32:07 AM     all      1.00      0.00     16.50      1.50      0.00      0.50      0.50      0.00      0.00     80.00
02:32:08 AM     all      1.76      0.00     15.08      0.00      0.00      0.25      0.25      0.00      0.00     82.66
02:32:09 AM     all      1.00      0.00     16.96      0.00      0.00      0.50      0.50      0.00      0.00     81.05
02:32:10 AM     all      1.25      0.00     19.55      0.00      0.00      0.50      0.25      0.00      0.00     78.45
02:32:11 AM     all      1.50      0.00     16.00      0.00      0.00      0.25      0.50      0.00      0.00     81.75
02:32:12 AM     all      1.76      0.00     15.33      0.00      0.00      0.50      0.50      0.00      0.00     81.91
02:32:13 AM     all      0.76      0.00     15.40      0.00      0.00      0.25      0.25      0.00      0.00     83.33
02:32:14 AM     all      1.75      0.00     15.96      0.00      0.00      0.50      0.50      0.00      0.00     81.30
02:32:15 AM     all      0.51      0.00     16.41      0.00      0.00      0.25      0.25      0.00      0.00     82.58
02:32:16 AM     all      1.26      0.00     15.08      0.00      0.00      0.50      0.50      0.00      0.00     82.66
02:32:17 AM     all      0.76      0.00     15.37      0.25      0.00      0.25      0.25      0.00      0.00     83.12
02:32:18 AM     all      0.75      0.00     17.09      0.00      0.00      0.50      0.50      0.00      0.00     81.16
02:32:19 AM     all      1.25      0.00     12.53      0.00      0.00      0.25      0.25      0.00      0.00     85.71
02:32:20 AM     all      1.24      0.00     17.66      0.00      0.00      0.50      0.50      0.00      0.00     80.10
02:32:21 AM     all      0.75      0.00     17.29      0.00      0.00      0.25      0.25      0.00      0.00     81.45
02:32:22 AM     all      1.26      0.00     16.62      0.00      0.00      0.50      0.50      0.00      0.00     81.11
02:32:23 AM     all      1.00      0.00     15.04      0.00      0.00      0.50      0.25      0.00      0.00     83.21
02:32:24 AM     all      1.25      0.00     18.75      0.00      0.00      0.25      0.50      0.00      0.00     79.25
02:32:25 AM     all      1.50      0.00     17.54      0.00      0.00      0.50      0.50      0.00      0.00     79.95
02:32:26 AM     all      0.75      0.00     16.58      0.00      0.00      0.50      0.25      0.00      0.00     81.91
02:32:27 AM     all      1.50      0.00     16.54      0.00      0.00      0.25      0.50      0.00      0.00     81.20
02:32:28 AM     all      1.50      0.00     16.54      0.25      0.00      0.50      0.25      0.00      0.00     80.95
02:32:29 AM     all      0.50      0.00     19.90      0.00      0.00      0.25      0.50      0.00      0.00     78.84
02:32:30 AM     all      1.00      0.00     15.04      0.00      0.00      0.50      0.25      0.00      0.00     83.21
02:32:31 AM     all      1.26      0.00     16.33      0.00      0.00      0.25      0.25      0.00      0.00     81.91
02:32:32 AM     all      1.00      0.00     16.29      0.00      0.00      0.50      0.50      0.00      0.00     81.70
02:32:33 AM     all      1.25      0.00     27.07      1.00      0.00      0.25      0.25      0.00      0.00     70.18
02:32:34 AM     all      0.50      0.00     96.03      1.24      0.00      0.50      0.25      0.00      0.00      1.49
02:32:35 AM     all      0.50      0.00     93.78      2.74      0.00      0.50      0.25      0.00      0.00      2.24
02:32:36 AM     all      0.25      0.00     94.97      1.76      0.00      0.50      0.25      0.00      0.00      2.26
02:32:37 AM     all      0.25      0.00     97.26      1.25      0.00      0.25      0.00      0.00      0.00      1.00
02:32:38 AM     all      1.25      0.00     92.48      2.51      0.00      0.75      0.25      0.00      0.00      2.76
02:32:39 AM     all      0.25      0.00     95.98      1.76      0.00      0.25      0.25      0.00      0.00      1.51
02:32:40 AM     all      1.25      0.00     93.02      2.49      0.00      0.50      0.25      0.00      0.00      2.49
02:32:41 AM     all      0.50      0.00     95.01      1.50      0.00      0.50      0.00      0.00      0.00      2.49
02:32:42 AM     all      0.50      0.00     93.27      1.75      0.00      0.50      0.25      0.00      0.00      3.74
02:32:43 AM     all      0.50      0.00     94.76      2.00      0.00      0.25      0.25      0.00      0.00      2.24
02:32:44 AM     all      0.74      0.00     92.80      3.23      0.00      0.50      0.00      0.00      0.00      2.73
02:32:45 AM     all      0.50      0.00     94.29      2.48      0.00      0.50      0.25      0.00      0.00      1.99
02:32:46 AM     all      0.50      0.00     94.72      2.01      0.00      0.50      0.25      0.00      0.00      2.01
02:32:47 AM     all      0.74      0.00     94.81      1.73      0.00      0.49      0.25      0.00      0.00      1.98
02:32:48 AM     all      0.25      0.00     95.23      1.26      0.00      0.25      0.00      0.00      0.00      3.02
02:32:49 AM     all      0.75      0.00     94.25      2.25      0.00      0.50      0.25      0.00      0.00      2.00
02:32:50 AM     all      0.74      0.00     94.79      1.74      0.00      0.50      0.25      0.00      0.00      1.99
02:32:51 AM     all      0.25      0.00     93.94      2.27      0.00      0.25      0.00      0.00      0.00      3.28
02:32:52 AM     all      0.50      0.00     95.51      1.50      0.00      0.50      0.25      0.00      0.00      1.75
02:32:53 AM     all      0.99      0.00     93.80      1.74      0.00      0.50      0.25      0.00      0.00      2.73
02:32:54 AM     all      0.50      0.00     92.98      2.76      0.00      0.75      0.25      0.00      0.00      2.76
02:32:55 AM     all      0.75      0.00     94.51      2.00      0.00      0.50      0.25      0.00      0.00      2.00
02:32:56 AM     all      0.75      0.00     94.47      1.76      0.00      0.50      0.25      0.00      0.00      2.26
02:32:57 AM     all      1.00      0.00     92.54      2.49      0.00      0.50      0.25      0.00      0.00      3.23
02:32:58 AM     all      1.01      0.00     94.95      1.77      0.00      0.51      0.00      0.00      0.00      1.77
02:32:59 AM     all      1.01      0.00     92.71      2.76      0.00      0.50      0.25      0.00      0.00      2.76
02:33:00 AM     all      0.75      0.00     92.48      2.76      0.00      0.50      0.25      0.00      0.00      3.26
02:33:01 AM     all      0.25      0.00     95.30      2.23      0.00      0.25      0.25      0.00      0.00      1.73
02:33:02 AM     all      0.50      0.00     95.30      1.98      0.00      0.50      0.00      0.00      0.00      1.73
02:33:03 AM     all      1.49      0.00     81.09      1.49      0.00      0.50      0.50      0.00      0.00     14.93
02:33:04 AM     all      1.26      0.00     17.09      0.00      0.00      0.25      0.25      0.00      0.00     81.16
02:33:05 AM     all      1.75      0.00     16.04      0.00      0.00      0.50      0.50      0.00      0.00     81.20
02:33:06 AM     all      1.01      0.00     15.33      0.00      0.00      0.50      0.25      0.00      0.00     82.91
02:33:07 AM     all      1.25      0.00     18.80      0.00      0.00      0.25      0.50      0.00      0.00     79.20
02:33:08 AM     all      1.25      0.00     16.29      0.00      0.00      0.50      0.50      0.00      0.00     81.45
02:33:09 AM     all      0.76      0.00     14.86      0.00      0.00      0.25      0.25      0.00      0.00     83.88
02:33:10 AM     all      1.75      0.00     15.54      0.00      0.00      0.50      0.50      0.00      0.00     81.70
02:33:11 AM     all      0.76      0.00     16.41      0.00      0.00      0.25      0.51      0.00      0.00     82.07
02:33:12 AM     all      1.25      0.00     16.04      0.00      0.00      0.50      0.25      0.00      0.00     81.95
02:33:13 AM     all      1.51      0.00     15.83      0.00      0.00      0.25      0.25      0.00      0.00     82.16
02:33:14 AM     all      1.75      0.00     15.50      0.00      0.00      0.50      0.50      0.00      0.00     81.75
02:33:15 AM     all      1.25      0.00     15.46      0.00      0.00      0.25      0.50      0.00      0.00     82.54
02:33:16 AM     all      1.50      0.00     17.00      0.00      0.00      0.50      0.25      0.00      0.00     80.75
02:33:17 AM     all      1.00      0.00     16.25      0.00      0.00      0.25      0.50      0.00      0.00     82.00
02:33:18 AM     all      1.01      0.00     15.11      0.00      0.00      0.50      0.25      0.00      0.00     83.12
02:33:19 AM     all      0.75      0.00     17.00      0.25      0.00      0.50      0.50      0.00      0.00     81.00
02:33:20 AM     all      1.74      0.00     15.92      0.00      0.00      0.25      0.50      0.00      0.00     81.59
02:33:21 AM     all      1.01      0.00     15.87      0.00      0.00      0.50      0.25      0.00      0.00     82.37
02:33:22 AM     all      1.50      0.00     15.54      0.00      0.00      0.25      0.50      0.00      0.00     82.21
02:33:23 AM     all      1.50      0.00     15.46      0.00      0.00      0.50      0.50      0.00      0.00     82.04
02:33:24 AM     all      0.76      0.00     16.41      0.00      0.00      0.25      0.25      0.00      0.00     82.32
02:33:25 AM     all      0.76      0.00     16.67      0.00      0.00      0.51      0.25      0.00      0.00     81.82
02:33:26 AM     all      1.99      0.00     16.92      0.00      0.00      0.50      0.50      0.00      0.00     80.10
02:33:27 AM     all      0.75      0.00     17.29      0.00      0.00      0.25      0.50      0.00      0.00     81.20
02:33:28 AM     all      1.26      0.00     16.58      0.00      0.00      0.50      0.25      0.00      0.00     81.41
02:33:29 AM     all      1.26      0.00     16.37      0.25      0.00      0.25      0.50      0.00      0.00     81.36
02:33:30 AM     all      1.25      0.00     16.04      0.00      0.00      0.50      0.25      0.00      0.00     81.95
02:33:31 AM     all      1.50      0.00     13.78      0.00      0.00      0.25      0.50      0.00      0.00     83.96
02:33:32 AM     all      0.76      0.00     18.39      0.00      0.00      0.50      0.25      0.00      0.00     80.10
02:33:33 AM     all      2.00      0.00     19.00      0.00      0.00      0.50      0.50      0.00      0.00     78.00
02:33:34 AM     all      1.24      0.00     67.74      1.99      0.00      0.50      0.50      0.00      0.00     28.04
02:33:35 AM     all      0.75      0.00     94.72      2.01      0.00      0.25      0.00      0.00      0.00      2.26
02:33:36 AM     all      0.74      0.00     93.55      1.74      0.00      0.50      0.25      0.00      0.00      3.23
02:33:37 AM     all      0.49      0.00     89.90      6.40      0.00      0.49      0.25      0.00      0.00      2.46
02:33:38 AM     all      0.77      0.00     94.59      2.06      0.00      0.52      0.00      0.00      0.00      2.06
02:33:39 AM     all      0.75      0.00     94.01      2.24      0.00      0.25      0.25      0.00      0.00      2.49
02:33:40 AM     all      0.25      0.00     94.68      2.03      0.00      0.51      0.25      0.00      0.00      2.28
02:33:41 AM     all      0.25      0.00     91.63      5.17      0.00      0.49      0.25      0.00      0.00      2.22
02:33:42 AM     all      0.50      0.00     94.79      1.99      0.00      0.50      0.00      0.00      0.00      2.23
02:33:43 AM     all      0.74      0.00     94.06      2.23      0.00      0.25      0.25      0.00      0.00      2.48
02:33:44 AM     all      1.24      0.00     93.81      1.98      0.00      0.50      0.25      0.00      0.00      2.23
02:33:45 AM     all      0.50      0.00     89.03      5.24      0.00      0.50      0.25      0.00      0.00      4.49
02:33:46 AM     all      0.25      0.00     96.25      1.00      0.00      0.50      0.25      0.00      0.00      1.75
02:33:47 AM     all      0.25      0.00     94.72      2.26      0.00      0.50      0.00      0.00      0.00      2.26
02:33:48 AM     all      0.50      0.00     94.26      2.00      0.00      0.50      0.25      0.00      0.00      2.49
02:33:49 AM     all      0.25      0.00     90.32      4.71      0.00      0.25      0.25      0.00      0.00      4.22
02:33:50 AM     all      0.75      0.00     94.97      2.01      0.00      0.50      0.00      0.00      0.00      1.76
02:33:51 AM     all      0.50      0.00     94.49      1.75      0.00      0.50      0.25      0.00      0.00      2.51
02:33:52 AM     all      0.50      0.00     95.49      1.50      0.00      0.50      0.25      0.00      0.00      1.75
02:33:53 AM     all      0.25      0.00     93.75      3.50      0.00      0.50      0.25      0.00      0.00      1.75
02:33:54 AM     all      0.25      0.00     95.73      1.51      0.00      0.50      0.00      0.00      0.00      2.01
02:33:55 AM     all      1.00      0.00     93.25      2.50      0.00      0.50      0.25      0.00      0.00      2.50
02:33:56 AM     all      0.50      0.00     93.73      2.51      0.00      0.50      0.25      0.00      0.00      2.51
02:33:57 AM     all      0.25      0.00     97.75      0.75      0.00      0.25      0.00      0.00      0.00      1.00
02:33:58 AM     all      1.00      0.00     88.75      4.00      0.00      0.50      0.25      0.00      0.00      5.50
02:33:59 AM     all      0.25      0.00     94.72      2.01      0.00      0.50      0.25      0.00      0.00      2.26
02:34:00 AM     all      0.76      0.00     93.94      2.53      0.00      0.51      0.25      0.00      0.00      2.02
02:34:01 AM     all      0.99      0.00     88.86      6.19      0.00      0.50      0.25      0.00      0.00      3.22
02:34:02 AM     all      0.25      0.00     94.46      2.02      0.00      0.25      0.25      0.00      0.00      2.77
02:34:03 AM     all      1.50      0.00     94.00      1.50      0.00      0.50      0.00      0.00      0.00      2.50
02:34:04 AM     all      1.25      0.00     35.41      1.00      0.00      0.25      0.25      0.00      0.00     61.85
02:34:05 AM     all      0.00      0.00      0.25      0.00      0.00      0.25      0.00      0.00      0.00     99.50
02:34:06 AM     all      0.00      0.00      0.25      0.00      0.00      0.00      0.00      0.00      0.00     99.75
02:34:07 AM     all      1.50      0.00      9.48      0.00      0.00      0.75      0.75      0.00      0.00     87.53
02:34:08 AM     all      1.25      0.00     16.75      0.00      0.00      1.00      0.50      0.00      0.00     80.50
02:34:09 AM     all      1.25      0.00     16.54      0.00      0.00      0.50      0.50      0.00      0.00     81.20
02:34:10 AM     all      1.50      0.00     16.79      0.00      0.00      0.25      0.50      0.00      0.00     80.95
02:34:11 AM     all      1.26      0.00     16.62      0.00      0.00      0.50      0.25      0.00      0.00     81.36
02:34:12 AM     all      1.50      0.00     16.54      0.00      0.00      0.25      0.50      0.00      0.00     81.20
02:34:13 AM     all      1.50      0.00     16.75      0.00      0.00      0.50      0.50      0.00      0.00     80.75
02:34:14 AM     all      0.75      0.00     10.55      0.00      0.00      0.25      0.25      0.00      0.00     88.19
02:34:15 AM     all      1.01      0.00     16.37      0.00      0.00      0.50      0.50      0.00      0.00     81.61
02:34:16 AM     all      1.52      0.00     15.15      0.00      0.00      0.51      0.25      0.00      0.00     82.58
02:34:17 AM     all      0.75      0.00     17.54      0.00      0.00      0.25      0.50      0.00      0.00     80.95
02:34:18 AM     all      1.50      0.00     19.30      0.00      0.00      0.50      0.25      0.00      0.00     78.45
02:34:19 AM     all      1.50      0.00     16.00      0.00      0.00      0.50      0.50      0.00      0.00     81.50
02:34:20 AM     all      1.51      0.00     16.58      0.00      0.00      0.25      0.25      0.00      0.00     81.41
02:34:21 AM     all      1.01      0.00     14.57      0.00      0.00      0.50      0.50      0.00      0.00     83.42
02:34:22 AM     all      1.00      0.00     17.00      0.00      0.00      0.25      0.50      0.00      0.00     81.25
02:34:23 AM     all      1.01      0.00     15.40      0.00      0.00      0.25      0.25      0.00      0.00     83.08
02:34:24 AM     all      1.50      0.00     15.21      0.25      0.00      0.50      0.50      0.00      0.00     82.04
02:34:25 AM     all      1.26      0.00     15.83      0.00      0.00      0.50      0.25      0.00      0.00     82.16
02:34:26 AM     all      1.25      0.00     16.54      0.00      0.00      0.25      0.50      0.00      0.00     81.45
02:34:27 AM     all      1.00      0.00     16.79      0.00      0.00      0.50      0.25      0.00      0.00     81.45
02:34:28 AM     all      0.76      0.00     19.24      0.00      0.00      0.25      0.51      0.00      0.00     79.24
02:34:29 AM     all      1.50      0.00     15.50      0.00      0.00      0.50      0.50      0.00      0.00     82.00
02:34:30 AM     all      1.01      0.00     15.70      0.00      0.00      0.25      0.25      0.00      0.00     82.78
02:34:31 AM     all      1.25      0.00     16.96      0.00      0.00      0.50      0.50      0.00      0.00     80.80
02:34:32 AM     all      1.26      0.00     16.88      0.00      0.00      0.25      0.25      0.00      0.00     81.36
02:34:33 AM     all      0.76      0.00     17.13      0.00      0.00      0.50      0.50      0.00      0.00     81.11
02:34:34 AM     all      0.75      0.00     16.33      0.00      0.00      0.50      0.50      0.00      0.00     81.91
02:34:35 AM     all      1.25      0.00     17.50      0.00      0.00      0.50      0.25      0.00      0.00     80.50
02:34:36 AM     all      1.50      0.00     16.25      0.00      0.00      0.25      0.50      0.00      0.00     81.50
02:34:37 AM     all      1.26      0.00     41.46      0.25      0.00      0.50      0.25      0.00      0.00     56.28
02:34:38 AM     all      0.74      0.00     94.80      1.73      0.00      0.25      0.25      0.00      0.00      2.23
02:34:39 AM     all      0.75      0.00     95.50      1.50      0.00      0.50      0.00      0.00      0.00      1.75
02:34:40 AM     all      0.49      0.00     93.83      2.47      0.00      0.49      0.25      0.00      0.00      2.47
02:34:41 AM     all      0.50      0.00     94.74      2.01      0.00      0.50      0.25      0.00      0.00      2.01
02:34:42 AM     all      0.74      0.00     94.81      2.22      0.00      0.49      0.00      0.00      0.00      1.73
02:34:43 AM     all      0.25      0.00     95.26      1.50      0.00      0.50      0.25      0.00      0.00      2.24
02:34:44 AM     all      0.50      0.00     94.76      1.75      0.00      0.50      0.25      0.00      0.00      2.24
02:34:45 AM     all      0.99      0.00     93.83      2.47      0.00      0.49      0.25      0.00      0.00      1.98
02:34:46 AM     all      0.50      0.00     96.25      1.75      0.00      0.25      0.00      0.00      0.00      1.25
02:34:47 AM     all      0.25      0.00     94.72      1.51      0.00      0.50      0.25      0.00      0.00      2.76
02:34:48 AM     all      0.75      0.00     94.74      2.01      0.00      0.50      0.00      0.00      0.00      2.01
02:34:49 AM     all      0.74      0.00     92.31      2.98      0.00      0.50      0.25      0.00      0.00      3.23
02:34:50 AM     all      1.01      0.00     91.96      3.27      0.00      0.50      0.25      0.00      0.00      3.02
02:34:51 AM     all      0.25      0.00     94.96      2.02      0.00      0.50      0.25      0.00      0.00      2.02
02:34:52 AM     all      0.25      0.00     95.74      1.25      0.00      0.25      0.25      0.00      0.00      2.26
02:34:53 AM     all      0.50      0.00     89.25      4.25      0.00      0.50      0.25      0.00      0.00      5.25
02:34:54 AM     all      0.25      0.00     93.94      2.27      0.00      0.51      0.00      0.00      0.00      3.03
02:34:55 AM     all      0.25      0.00     93.98      1.50      0.00      0.50      0.25      0.00      0.00      3.51
02:34:56 AM     all      0.50      0.00     94.22      1.76      0.00      0.25      0.25      0.00      0.00      3.02
02:34:57 AM     all      0.50      0.00     88.83      4.96      0.00      0.50      0.25      0.00      0.00      4.96
02:34:58 AM     all      0.50      0.00     94.99      1.75      0.00      0.50      0.00      0.00      0.00      2.26
02:34:59 AM     all      0.50      0.00     94.00      2.50      0.00      0.50      0.25      0.00      0.00      2.25
02:35:00 AM     all      0.76      0.00     94.95      2.02      0.00      0.25      0.25      0.00      0.00      1.77
02:35:01 AM     all      0.75      0.00     88.56      4.73      0.00      0.50      0.25      0.00      0.00      5.22
02:35:02 AM     all      0.50      0.00     94.46      2.77      0.00      0.50      0.00      0.00      0.00      1.76
02:35:03 AM     all      0.50      0.00     94.50      2.00      0.00      0.50      0.25      0.00      0.00      2.25
02:35:04 AM     all      0.50      0.00     95.26      1.75      0.00      0.25      0.25      0.00      0.00      2.00
02:35:05 AM     all      1.00      0.00     88.97      3.76      0.00      0.50      0.25      0.00      0.00      5.51
02:35:06 AM     all      0.75      0.00     94.99      1.50      0.00      0.50      0.00      0.00      0.00      2.26
02:35:07 AM     all      1.24      0.00     74.50      2.48      0.00      0.50      0.25      0.00      0.00     21.04
02:35:08 AM     all      0.75      0.00     14.82      0.00      0.00      0.25      0.50      0.00      0.00     83.67
02:35:09 AM     all      1.00      0.00     17.29      0.00      0.00      0.50      0.25      0.00      0.00     80.95
02:35:10 AM     all      0.75      0.00     15.58      0.00      0.00      0.25      0.50      0.00      0.00     82.91
02:35:11 AM     all      1.26      0.00     19.65      0.00      0.00      0.50      0.25      0.00      0.00     78.34
02:35:12 AM     all      1.51      0.00     15.33      0.00      0.00      0.25      0.50      0.00      0.00     82.41
02:35:13 AM     all      1.26      0.00     15.37      0.00      0.00      0.50      0.25      0.00      0.00     82.62
02:35:14 AM     all      1.25      0.00     16.04      0.00      0.00      0.50      0.50      0.00      0.00     81.70
02:35:15 AM     all      1.26      0.00     16.33      0.00      0.00      0.25      0.25      0.00      0.00     81.91
02:35:16 AM     all      1.25      0.00     16.54      0.00      0.00      0.50      0.50      0.00      0.00     81.20
02:35:17 AM     all      0.76      0.00     17.13      0.00      0.00      0.25      0.50      0.00      0.00     81.36
02:35:18 AM     all      1.01      0.00     16.20      0.00      0.00      0.51      0.51      0.00      0.00     81.77
02:35:19 AM     all      1.75      0.00     16.54      0.00      0.00      0.50      0.25      0.00      0.00     80.95
02:35:20 AM     all      1.00      0.00     16.54      0.00      0.00      0.25      0.50      0.00      0.00     81.70
02:35:21 AM     all      1.26      0.00     15.83      0.00      0.00      0.50      0.25      0.00      0.00     82.16
02:35:22 AM     all      1.50      0.00     15.25      0.00      0.00      0.25      0.50      0.00      0.00     82.50
02:35:23 AM     all      1.25      0.00     15.75      0.00      0.00      0.50      0.25      0.00      0.00     82.25
02:35:24 AM     all      1.75      0.00     16.00      0.00      0.00      0.25      0.50      0.00      0.00     81.50
02:35:25 AM     all      1.26      0.00     15.58      0.00      0.00      0.50      0.25      0.00      0.00     82.41
02:35:26 AM     all      0.75      0.00     16.29      0.00      0.00      0.25      0.50      0.00      0.00     82.21
02:35:27 AM     all      1.25      0.00     15.29      0.00      0.00      0.50      0.25      0.00      0.00     82.71
02:35:28 AM     all      0.75      0.00     17.21      0.25      0.00      0.25      0.50      0.00      0.00     81.05
02:35:29 AM     all      1.01      0.00     16.83      0.00      0.00      0.50      0.25      0.00      0.00     81.41
02:35:30 AM     all      1.25      0.00     14.29      0.00      0.00      0.25      0.50      0.00      0.00     83.71
02:35:31 AM     all      1.00      0.00     16.04      0.00      0.00      0.50      0.50      0.00      0.00     81.95
02:35:32 AM     all      1.01      0.00     16.12      0.00      0.00      0.25      0.25      0.00      0.00     82.37
02:35:33 AM     all      0.51      0.00     16.46      0.00      0.00      0.51      0.25      0.00      0.00     82.28
02:35:34 AM     all      1.25      0.00     15.75      0.00      0.00      0.25      0.50      0.00      0.00     82.25
02:35:35 AM     all      1.50      0.00     14.79      0.00      0.00      0.50      0.50      0.00      0.00     82.71
02:35:36 AM     all      1.25      0.00     16.54      0.00      0.00      0.25      0.25      0.00      0.00     81.70
02:35:37 AM     all      0.76      0.00     16.88      0.00      0.00      0.50      0.50      0.00      0.00     81.36
02:35:38 AM     all      1.25      0.00     79.50      1.50      0.00      0.50      0.25      0.00      0.00     17.00
02:35:39 AM     all      0.25      0.00     93.72      2.51      0.00      0.50      0.25      0.00      0.00      2.76
02:35:40 AM     all      0.25      0.00     94.42      2.28      0.00      0.25      0.00      0.00      0.00      2.79
02:35:41 AM     all      0.74      0.00     95.53      1.49      0.00      0.50      0.25      0.00      0.00      1.49
02:35:42 AM     all      1.00      0.00     93.02      2.74      0.00      0.50      0.25      0.00      0.00      2.49
02:35:43 AM     all      0.50      0.00     94.51      2.24      0.00      0.50      0.25      0.00      0.00      2.00
02:35:44 AM     all      0.50      0.00     95.23      2.01      0.00      0.50      0.00      0.00      0.00      1.76
02:35:45 AM     all      1.00      0.00     95.25      1.25      0.00      0.50      0.25      0.00      0.00      1.75
02:35:46 AM     all      0.50      0.00     92.00      3.00      0.00      0.75      0.50      0.00      0.00      3.25
02:35:47 AM     all      0.25      0.00     96.22      2.02      0.00      0.25      0.00      0.00      0.00      1.26
02:35:48 AM     all      0.50      0.00     94.26      2.00      0.00      0.50      0.25      0.00      0.00      2.49
02:35:49 AM     all      0.50      0.00     95.29      1.49      0.00      0.50      0.25      0.00      0.00      1.99
02:35:50 AM     all      0.50      0.00     94.71      2.02      0.00      0.50      0.00      0.00      0.00      2.27
02:35:51 AM     all      0.50      0.00     95.24      1.75      0.00      0.50      0.25      0.00      0.00      1.75
02:35:52 AM     all      0.75      0.00     94.49      2.01      0.00      0.25      0.25      0.00      0.00      2.26
02:35:53 AM     all      0.25      0.00     93.73      1.50      0.00      0.50      0.25      0.00      0.00      3.76
02:35:54 AM     all      0.75      0.00     93.00      2.50      0.00      0.50      0.25      0.00      0.00      3.00
02:35:55 AM     all      0.74      0.00     96.07      1.47      0.00      0.49      0.00      0.00      0.00      1.23
02:35:56 AM     all      0.75      0.00     95.48      1.01      0.00      0.50      0.25      0.00      0.00      2.01
02:35:57 AM     all      0.25      0.00     94.79      2.48      0.00      0.25      0.25      0.00      0.00      1.99
02:35:58 AM     all      0.25      0.00     95.29      1.74      0.00      0.50      0.00      0.00      0.00      2.23
02:35:59 AM     all      0.50      0.00     95.76      1.50      0.00      0.50      0.25      0.00      0.00      1.50
02:36:00 AM     all      1.50      0.00     94.51      1.25      0.00      0.50      0.25      0.00      0.00      2.00
02:36:01 AM     all      0.50      0.00     95.53      2.23      0.00      0.50      0.00      0.00      0.00      1.24
02:36:02 AM     all      0.00      0.00     94.47      2.01      0.00      0.25      0.25      0.00      0.00      3.02
02:36:03 AM     all      1.01      0.00     93.47      2.01      0.00      0.50      0.25      0.00      0.00      2.76
02:36:04 AM     all      0.75      0.00     94.00      2.25      0.00      0.50      0.25      0.00      0.00      2.25
02:36:05 AM     all      0.75      0.00     94.00      2.25      0.00      0.50      0.00      0.00      0.00      2.50
02:36:06 AM     all      0.50      0.00     95.99      1.50      0.00      0.25      0.25      0.00      0.00      1.50
02:36:07 AM     all      1.00      0.00     93.02      2.24      0.00      0.50      0.25      0.00      0.00      2.99
02:36:08 AM     all      1.51      0.00     30.15      1.01      0.00      0.50      0.50      0.00      0.00     66.33
02:36:09 AM     all      1.01      0.00     16.37      0.00      0.00      0.50      0.25      0.00      0.00     81.86
02:36:10 AM     all      1.50      0.00     15.29      0.00      0.00      0.25      0.50      0.00      0.00     82.46
02:36:11 AM     all      1.25      0.00     15.54      0.00      0.00      0.50      0.25      0.00      0.00     82.46
02:36:12 AM     all      0.75      0.00     16.79      0.00      0.00      0.25      0.50      0.00      0.00     81.70
02:36:13 AM     all      2.26      0.00     19.55      0.25      0.00      0.50      0.50      0.00      0.00     76.94
02:36:14 AM     all      1.26      0.00     15.37      0.00      0.00      0.25      0.25      0.00      0.00     82.87
02:36:15 AM     all      1.01      0.00     16.37      0.00      0.00      0.50      0.50      0.00      0.00     81.61
02:36:16 AM     all      1.01      0.00     15.62      0.00      0.00      0.25      0.25      0.00      0.00     82.87
02:36:17 AM     all      1.24      0.00     15.88      0.00      0.00      0.50      0.50      0.00      0.00     81.89
02:36:18 AM     all      1.24      0.00     17.12      0.25      0.00      0.25      0.50      0.00      0.00     80.65
02:36:19 AM     all      1.26      0.00     16.58      0.00      0.00      0.50      0.25      0.00      0.00     81.41
02:36:20 AM     all      1.24      0.00     15.42      0.00      0.00      0.50      0.50      0.00      0.00     82.34
02:36:21 AM     all      1.26      0.00     16.62      0.00      0.00      0.25      0.25      0.00      0.00     81.61
02:36:22 AM     all      1.25      0.00     17.25      0.00      0.00      0.50      0.50      0.00      0.00     80.50
02:36:23 AM     all      1.26      0.00     16.83      0.00      0.00      0.25      0.25      0.00      0.00     81.41
02:36:24 AM     all      1.50      0.00     16.75      0.00      0.00      0.50      0.50      0.00      0.00     80.75
02:36:25 AM     all      1.25      0.00     17.21      0.00      0.00      0.25      0.25      0.00      0.00     81.05
02:36:26 AM     all      1.00      0.00     14.79      0.00      0.00      0.50      0.50      0.00      0.00     83.21
02:36:27 AM     all      1.01      0.00     17.09      0.00      0.00      0.50      0.50      0.00      0.00     80.90
02:36:28 AM     all      1.26      0.00     15.33      0.00      0.00      0.25      0.25      0.00      0.00     82.91
02:36:29 AM     all      1.49      0.00     16.42      0.00      0.00      0.50      0.50      0.00      0.00     81.09
02:36:30 AM     all      1.00      0.00     16.29      0.00      0.00      0.25      0.25      0.00      0.00     82.21
02:36:31 AM     all      1.25      0.00     15.00      0.00      0.00      0.50      0.50      0.00      0.00     82.75
02:36:32 AM     all      1.01      0.00     16.58      0.00      0.00      0.50      0.25      0.00      0.00     81.66
02:36:33 AM     all      1.75      0.00     16.00      0.00      0.00      0.25      0.50      0.00      0.00     81.50
02:36:34 AM     all      1.74      0.00     16.67      0.00      0.00      0.50      0.50      0.00      0.00     80.60
02:36:35 AM     all      1.01      0.00     15.15      0.00      0.00      0.25      0.25      0.00      0.00     83.33
02:36:36 AM     all      1.00      0.00     16.04      0.00      0.00      0.50      0.50      0.00      0.00     81.95
02:36:37 AM     all      1.25      0.00     16.54      0.00      0.00      0.50      0.25      0.00      0.00     81.45
02:36:38 AM     all      0.75      0.00     43.50      0.75      0.00      0.50      0.50      0.00      0.00     54.00
02:36:39 AM     all      1.25      0.00     94.00      1.75      0.00      0.25      0.25      0.00      0.00      2.50
02:36:40 AM     all      0.51      0.00     92.42      1.77      0.00      0.51      0.25      0.00      0.00      4.55
02:36:41 AM     all      1.00      0.00     93.73      2.51      0.00      0.50      0.25      0.00      0.00      2.01
02:36:42 AM     all      0.25      0.00     95.51      2.00      0.00      0.50      0.00      0.00      0.00      1.75
02:36:43 AM     all      0.75      0.00     91.00      4.75      0.00      0.50      0.25      0.00      0.00      2.75
02:36:44 AM     all      1.00      0.00     94.78      1.74      0.00      0.50      0.25      0.00      0.00      1.74
02:36:45 AM     all      0.25      0.00     95.50      1.75      0.00      0.50      0.25      0.00      0.00      1.75
02:36:46 AM     all      0.74      0.00     95.53      1.49      0.00      0.50      0.00      0.00      0.00      1.74
02:36:47 AM     all      0.75      0.00     93.75      2.50      0.00      0.25      0.25      0.00      0.00      2.50
02:36:49 AM     all      0.50      0.00     92.29      2.24      0.00      0.50      0.25      0.00      0.00      4.23
02:36:50 AM     all      0.75      0.00     93.48      2.26      0.00      0.50      0.25      0.00      0.00      2.76
02:36:51 AM     all      0.75      0.00     93.03      2.24      0.00      0.50      0.25      0.00      0.00      3.23
02:36:52 AM     all      1.00      0.00     90.48      3.01      0.00      0.50      0.25      0.00      0.00      4.76
02:36:53 AM     all      0.75      0.00     94.51      2.24      0.00      0.50      0.25      0.00      0.00      1.75
02:36:54 AM     all      0.50      0.00     93.45      2.77      0.00      0.50      0.25      0.00      0.00      2.52
02:36:55 AM     all      0.50      0.00     94.25      2.50      0.00      0.50      0.25      0.00      0.00      2.00
02:36:56 AM     all      0.75      0.00     91.77      3.74      0.00      0.50      0.25      0.00      0.00      2.99
02:36:57 AM     all      0.51      0.00     94.68      2.03      0.00      0.51      0.00      0.00      0.00      2.28
02:36:58 AM     all      1.00      0.00     94.53      1.99      0.00      0.25      0.25      0.00      0.00      1.99
02:36:59 AM     all      0.25      0.00     94.47      1.51      0.00      0.50      0.25      0.00      0.00      3.02
02:37:00 AM     all      0.75      0.00     94.75      1.75      0.00      0.50      0.00      0.00      0.00      2.25
02:37:01 AM     all      1.00      0.00     91.48      4.01      0.00      0.50      0.25      0.00      0.00      2.76
02:37:02 AM     all      0.99      0.00     93.05      2.48      0.00      0.74      0.25      0.00      0.00      2.48
02:37:03 AM     all      0.25      0.00     94.51      2.24      0.00      0.50      0.25      0.00      0.00      2.24
02:37:04 AM     all      0.50      0.00     96.76      1.50      0.00      0.25      0.00      0.00      0.00      1.00
02:37:05 AM     all      0.50      0.00     90.00      4.50      0.00      0.75      0.25      0.00      0.00      4.00
02:37:06 AM     all      0.75      0.00     93.53      2.99      0.00      0.50      0.25      0.00      0.00      1.99
02:37:07 AM     all      0.75      0.00     94.00      2.25      0.00      0.50      0.25      0.00      0.00      2.25
02:37:08 AM     all      0.50      0.00     95.26      1.75      0.00      0.50      0.25      0.00      0.00      1.75
02:37:09 AM     all      1.26      0.00     74.56      2.77      0.00      0.50      0.25      0.00      0.00     20.65
02:37:10 AM     all      1.50      0.00     17.04      0.00      0.00      0.25      0.50      0.00      0.00     80.70
02:37:11 AM     all      0.76      0.00     16.12      0.00      0.00      0.50      0.25      0.00      0.00     82.37
02:37:12 AM     all      1.00      0.00     15.54      0.00      0.00      0.50      0.50      0.00      0.00     82.46
02:37:13 AM     all      1.52      0.00     15.23      0.00      0.00      0.25      0.25      0.00      0.00     82.74
02:37:14 AM     all      1.00      0.00     16.25      0.25      0.00      0.50      0.25      0.00      0.00     81.75
02:37:15 AM     all      1.26      0.00     15.08      0.00      0.00      0.25      0.50      0.00      0.00     82.91
02:37:16 AM     all      1.01      0.00     16.33      0.00      0.00      0.50      0.25      0.00      0.00     81.91
02:37:17 AM     all      1.01      0.00     15.58      0.00      0.00      0.25      0.50      0.00      0.00     82.66
02:37:18 AM     all      1.50      0.00     15.96      0.00      0.00      0.50      0.25      0.00      0.00     81.80
02:37:19 AM     all      1.26      0.00     16.33      0.00      0.00      0.25      0.50      0.00      0.00     81.66
02:37:20 AM     all      1.25      0.00     16.25      0.00      0.00      0.50      0.50      0.00      0.00     81.50
02:37:21 AM     all      1.49      0.00     15.67      0.00      0.00      0.50      0.50      0.00      0.00     81.84
02:37:22 AM     all      1.51      0.00     15.58      0.00      0.00      0.25      0.25      0.00      0.00     82.41
02:37:23 AM     all      1.25      0.00     20.30      0.00      0.00      0.50      0.50      0.00      0.00     77.44
02:37:24 AM     all      1.25      0.00     16.04      0.00      0.00      0.25      0.25      0.00      0.00     82.21
02:37:25 AM     all      0.75      0.00     20.35      0.00      0.00      0.50      0.50      0.00      0.00     77.89
02:37:26 AM     all      1.76      0.00     14.57      0.00      0.00      0.25      0.50      0.00      0.00     82.91
02:37:27 AM     all      1.01      0.00     12.56      0.00      0.00      0.50      0.25      0.00      0.00     85.68
02:37:28 AM     all      1.00      0.00     16.79      0.00      0.00      0.25      0.50      0.00      0.00     81.45
02:37:29 AM     all      1.25      0.00     17.04      0.00      0.00      0.50      0.25      0.00      0.00     80.95
02:37:30 AM     all      1.25      0.00     17.00      0.00      0.00      0.50      0.50      0.00      0.00     80.75
02:37:31 AM     all      1.49      0.00     17.41      0.00      0.00      0.25      0.25      0.00      0.00     80.60
02:37:32 AM     all      1.26      0.00     16.83      0.00      0.00      0.50      0.50      0.00      0.00     80.90
02:37:33 AM     all      1.25      0.00     19.25      0.00      0.00      0.25      0.50      0.00      0.00     78.75
02:37:34 AM     all      0.50      0.00      6.27      0.00      0.00      0.25      0.25      0.00      0.00     92.73
02:37:35 AM     all      0.25      0.00      6.52      0.00      0.00      0.25      0.00      0.00      0.00     92.98
02:37:36 AM     all      2.00      0.00     18.75      0.00      0.00      0.50      0.50      0.00      0.00     78.25
02:37:37 AM     all      1.00      0.00     20.05      0.00      0.00      0.50      0.50      0.00      0.00     77.94
02:37:38 AM     all      1.00      0.00     17.00      0.00      0.00      0.25      0.50      0.00      0.00     81.25
02:37:39 AM     all      1.75      0.00     16.46      0.00      0.00      0.50      0.25      0.00      0.00     81.05
02:37:40 AM     all      0.50      0.00     83.54      3.24      0.00      0.50      0.25      0.00      0.00     11.97
02:37:41 AM     all      0.25      0.00     94.51      1.50      0.00      0.50      0.25      0.00      0.00      2.99
02:37:42 AM     all      0.50      0.00     95.48      2.01      0.00      0.25      0.25      0.00      0.00      1.51
02:37:43 AM     all      0.50      0.00     95.54      1.73      0.00      0.50      0.00      0.00      0.00      1.73
02:37:44 AM     all      0.50      0.00     89.53      5.74      0.00      0.50      0.25      0.00      0.00      3.49
02:37:45 AM     all      0.75      0.00     93.75      2.50      0.00      0.50      0.25      0.00      0.00      2.25
02:37:46 AM     all      0.50      0.00     95.52      1.49      0.00      0.50      0.25      0.00      0.00      1.74
02:37:47 AM     all      1.01      0.00     94.21      1.76      0.00      0.25      0.25      0.00      0.00      2.52
02:37:48 AM     all      0.50      0.00     89.05      6.72      0.00      0.50      0.25      0.00      0.00      2.99
02:37:49 AM     all      0.51      0.00     95.96      1.52      0.00      0.51      0.00      0.00      0.00      1.52
02:37:50 AM     all      0.50      0.00     95.48      1.26      0.00      0.50      0.25      0.00      0.00      2.01
02:37:51 AM     all      0.25      0.00     94.57      2.22      0.00      0.49      0.25      0.00      0.00      2.22
02:37:52 AM     all      0.50      0.00     93.48      3.01      0.00      0.50      0.25      0.00      0.00      2.26
02:37:53 AM     all      0.75      0.00     95.00      2.00      0.00      0.25      0.00      0.00      0.00      2.00
02:37:54 AM     all      0.50      0.00     94.03      2.24      0.00      0.50      0.25      0.00      0.00      2.49
02:37:55 AM     all      0.00      0.00     94.53      1.74      0.00      0.50      0.25      0.00      0.00      2.99
02:37:56 AM     all      0.25      0.00     97.22      1.01      0.00      0.25      0.00      0.00      0.00      1.26
02:37:57 AM     all      0.50      0.00     90.75      4.75      0.00      0.50      0.25      0.00      0.00      3.25
02:37:58 AM     all      0.49      0.00     94.33      1.72      0.00      0.74      0.25      0.00      0.00      2.46
02:37:59 AM     all      0.25      0.00     94.51      1.75      0.00      0.50      0.25      0.00      0.00      2.74
02:38:00 AM     all      0.75      0.00     94.25      2.00      0.00      0.25      0.00      0.00      0.00      2.75
02:38:01 AM     all      1.00      0.00     93.53      2.24      0.00      0.50      0.25      0.00      0.00      2.49
02:38:02 AM     all      0.50      0.00     91.77      2.99      0.00      0.50      0.25      0.00      0.00      3.99
02:38:03 AM     all      0.25      0.00     95.75      1.25      0.00      0.50      0.25      0.00      0.00      2.00
02:38:04 AM     all      0.50      0.00     93.98      3.01      0.00      0.50      0.00      0.00      0.00      2.01
02:38:05 AM     all      0.51      0.00     89.34      4.31      0.00      0.51      0.25      0.00      0.00      5.08
02:38:06 AM     all      0.50      0.00     93.28      2.74      0.00      0.25      0.25      0.00      0.00      2.99
02:38:07 AM     all      1.01      0.00     93.69      2.02      0.00      0.51      0.25      0.00      0.00      2.53
02:38:08 AM     all      0.74      0.00     94.33      1.97      0.00      0.49      0.25      0.00      0.00      2.22
02:38:09 AM     all      0.25      0.00     93.77      2.99      0.00      0.50      0.00      0.00      0.00      2.49
02:38:10 AM     all      1.01      0.00     13.92      0.25      0.00      0.25      0.51      0.00      0.00     84.05
02:38:11 AM     all      1.00      0.00     16.04      0.00      0.00      0.50      0.25      0.00      0.00     82.21
02:38:12 AM     all      1.50      0.00     16.96      0.00      0.00      0.25      0.50      0.00      0.00     80.80
02:38:13 AM     all      1.01      0.00     16.41      0.00      0.00      0.51      0.51      0.00      0.00     81.57
02:38:14 AM     all      1.51      0.00     16.83      0.00      0.00      0.25      0.25      0.00      0.00     81.16
02:38:15 AM     all      1.00      0.00     16.04      0.00      0.00      0.50      0.50      0.00      0.00     81.95
02:38:16 AM     all      0.51      0.00     15.91      0.00      0.00      0.25      0.25      0.00      0.00     83.08
02:38:17 AM     all      1.51      0.00     16.83      0.00      0.00      0.50      0.50      0.00      0.00     80.65
02:38:18 AM     all      2.51      0.00     16.54      0.00      0.00      0.50      0.50      0.00      0.00     79.95
02:38:19 AM     all      0.51      0.00     15.91      0.00      0.00      0.25      0.51      0.00      0.00     82.83
02:38:20 AM     all      1.25      0.00     15.50      0.25      0.00      0.50      0.25      0.00      0.00     82.25
02:38:21 AM     all      1.00      0.00     16.79      0.00      0.00      0.25      0.50      0.00      0.00     81.45
02:38:22 AM     all      1.77      0.00     19.44      0.00      0.00      0.51      0.25      0.00      0.00     78.03
02:38:23 AM     all      1.50      0.00     15.25      0.00      0.00      0.25      0.50      0.00      0.00     82.50
02:38:24 AM     all      1.50      0.00     15.04      0.00      0.00      0.50      0.50      0.00      0.00     82.46
02:38:25 AM     all      1.26      0.00     16.37      0.25      0.00      0.25      0.25      0.00      0.00     81.61
02:38:26 AM     all      0.76      0.00     15.62      0.00      0.00      0.50      0.25      0.00      0.00     82.87
02:38:27 AM     all      1.25      0.00     15.29      0.00      0.00      0.50      0.50      0.00      0.00     82.46
02:38:28 AM     all      1.25      0.00     15.54      0.00      0.00      0.25      0.25      0.00      0.00     82.71
02:38:29 AM     all      1.01      0.00     16.83      0.00      0.00      0.25      0.50      0.00      0.00     81.41
02:38:30 AM     all      1.50      0.00     20.00      0.00      0.00      0.50      0.50      0.00      0.00     77.50
02:38:31 AM     all      1.00      0.00     16.04      0.00      0.00      0.50      0.50      0.00      0.00     81.95
02:38:32 AM     all      1.26      0.00     15.40      0.00      0.00      0.25      0.25      0.00      0.00     82.83
02:38:33 AM     all      1.00      0.00     16.00      0.00      0.00      0.50      0.50      0.00      0.00     82.00
02:38:34 AM     all      0.76      0.00     12.85      0.00      0.00      0.25      0.25      0.00      0.00     85.89
02:38:35 AM     all      1.50      0.00     16.54      1.00      0.00      0.50      0.50      0.00      0.00     79.95
02:38:36 AM     all      1.01      0.00     16.83      0.00      0.00      0.50      0.50      0.00      0.00     81.16
02:38:37 AM     all      1.99      0.00     16.63      0.00      0.00      0.50      0.50      0.00      0.00     80.40
02:38:38 AM     all      1.01      0.00     15.87      0.00      0.00      0.25      0.25      0.00      0.00     82.62
02:38:39 AM     all      1.00      0.00     16.54      0.00      0.00      0.50      0.50      0.00      0.00     81.45
02:38:40 AM     all      1.01      0.00     45.48      0.75      0.00      0.25      0.25      0.00      0.00     52.26
02:38:41 AM     all      0.75      0.00     93.47      2.51      0.00      0.50      0.25      0.00      0.00      2.51
02:38:42 AM     all      0.50      0.00     94.03      2.49      0.00      0.50      0.25      0.00      0.00      2.24
02:38:43 AM     all      0.50      0.00     94.22      2.26      0.00      0.25      0.00      0.00      0.00      2.76
02:38:44 AM     all      0.50      0.00     94.99      1.75      0.00      0.50      0.25      0.00      0.00      2.01
02:38:45 AM     all      1.25      0.00     93.00      2.75      0.00      0.50      0.25      0.00      0.00      2.25
02:38:46 AM     all      0.50      0.00     94.03      1.74      0.00      0.50      0.25      0.00      0.00      2.99
02:38:47 AM     all      0.50      0.00     93.25      2.50      0.00      0.50      0.25      0.00      0.00      3.00
02:38:48 AM     all      1.00      0.00     94.50      1.75      0.00      0.50      0.25      0.00      0.00      2.00
02:38:49 AM     all      0.75      0.00     92.73      2.51      0.00      0.50      0.00      0.00      0.00      3.51
02:38:50 AM     all      0.50      0.00     95.50      1.50      0.00      0.25      0.25      0.00      0.00      2.00
02:38:51 AM     all      0.75      0.00     92.48      3.26      0.00      0.50      0.00      0.00      0.00      3.01
02:38:52 AM     all      0.76      0.00     93.20      2.52      0.00      0.76      0.50      0.00      0.00      2.27
02:38:53 AM     all      0.50      0.00     95.77      0.75      0.00      0.50      0.25      0.00      0.00      2.24
02:38:54 AM     all      1.00      0.00     87.78      5.99      0.00      0.50      0.00      0.00      0.00      4.74
02:38:55 AM     all      0.75      0.00     94.72      1.76      0.00      0.50      0.25      0.00      0.00      2.01
02:38:56 AM     all      0.75      0.00     95.00      1.50      0.00      0.50      0.25      0.00      0.00      2.00
02:38:57 AM     all      0.75      0.00     94.74      1.50      0.00      0.25      0.00      0.00      0.00      2.76
02:38:58 AM     all      0.51      0.00     90.13      4.05      0.00      0.51      0.25      0.00      0.00      4.56
02:38:59 AM     all      0.50      0.00     94.50      2.00      0.00      0.50      0.25      0.00      0.00      2.25
02:39:00 AM     all      0.50      0.00     95.74      1.75      0.00      0.25      0.00      0.00      0.00      1.75
02:39:01 AM     all      1.50      0.00     91.73      3.26      0.00      0.50      0.25      0.00      0.00      2.76
02:39:02 AM     all      0.50      0.00     89.95      3.02      0.00      1.01      0.50      0.00      0.00      5.03
02:39:03 AM     all      0.50      0.00     95.50      1.50      0.00      0.25      0.00      0.00      0.00      2.25
02:39:04 AM     all      0.75      0.00     93.50      2.25      0.00      0.50      0.25      0.00      0.00      2.75
02:39:05 AM     all      0.49      0.00     94.81      1.48      0.00      0.49      0.25      0.00      0.00      2.47
02:39:06 AM     all      0.50      0.00     94.97      1.76      0.00      0.50      0.00      0.00      0.00      2.26
02:39:07 AM     all      0.74      0.00     91.07      2.73      0.00      0.25      0.25      0.00      0.00      4.96
02:39:08 AM     all      0.51      0.00     93.42      2.53      0.00      0.51      0.25      0.00      0.00      2.78
02:39:09 AM     all      1.00      0.00     92.29      2.24      0.00      0.50      0.25      0.00      0.00      3.73
02:39:10 AM     all      1.25      0.00     67.42      2.26      0.00      0.50      0.25      0.00      0.00     28.32
02:39:11 AM     all      0.75      0.00     14.54      0.00      0.00      0.50      0.50      0.00      0.00     83.71
02:39:12 AM     all      1.01      0.00     15.15      0.00      0.00      0.25      0.51      0.00      0.00     83.08
02:39:13 AM     all      1.50      0.00     16.04      0.00      0.00      0.50      0.25      0.00      0.00     81.70
02:39:14 AM     all      1.01      0.00     15.11      0.00      0.00      0.25      0.50      0.00      0.00     83.12
02:39:15 AM     all      1.75      0.00     15.75      0.00      0.00      0.50      0.25      0.00      0.00     81.75
02:39:16 AM     all      1.00      0.00     13.00      0.00      0.00      0.50      0.50      0.00      0.00     85.00
02:39:17 AM     all      0.76      0.00     19.08      0.00      0.00      0.25      0.25      0.00      0.00     79.64
02:39:18 AM     all      1.24      0.00     17.16      0.00      0.00      0.50      0.50      0.00      0.00     80.60
02:39:19 AM     all      1.01      0.00     17.09      0.00      0.00      0.25      0.50      0.00      0.00     81.16
02:39:20 AM     all      1.25      0.00     17.04      0.00      0.00      0.50      0.25      0.00      0.00     80.95
02:39:21 AM     all      1.50      0.00     16.75      0.00      0.00      0.50      0.50      0.00      0.00     80.75
02:39:22 AM     all      1.75      0.00     16.50      0.00      0.00      0.25      0.50      0.00      0.00     81.00
02:39:23 AM     all      0.76      0.00     15.15      0.00      0.00      0.51      0.25      0.00      0.00     83.33
02:39:24 AM     all      1.00      0.00     17.46      0.00      0.00      0.25      0.50      0.00      0.00     80.80
02:39:25 AM     all      1.00      0.00     16.54      0.00      0.00      0.50      0.25      0.00      0.00     81.70
02:39:26 AM     all      1.01      0.00     11.08      0.00      0.00      0.25      0.50      0.00      0.00     87.15
02:39:27 AM     all      1.26      0.00     19.35      0.00      0.00      0.50      0.25      0.00      0.00     78.64
02:39:28 AM     all      1.00      0.00     16.79      0.00      0.00      0.50      0.50      0.00      0.00     81.20
02:39:29 AM     all      1.00      0.00     16.25      0.00      0.00      0.25      0.25      0.00      0.00     82.25
02:39:30 AM     all      1.00      0.00     15.50      0.00      0.00      0.50      0.50      0.00      0.00     82.50
02:39:31 AM     all      1.00      0.00     15.75      0.25      0.00      0.25      0.25      0.00      0.00     82.50
02:39:32 AM     all      1.50      0.00     15.54      0.00      0.00      0.50      0.50      0.00      0.00     81.95
02:39:33 AM     all      1.00      0.00     16.79      0.00      0.00      0.25      0.50      0.00      0.00     81.45
02:39:34 AM     all      0.75      0.00     15.83      0.00      0.00      0.50      0.25      0.00      0.00     82.66
02:39:35 AM     all      1.00      0.00     17.04      0.00      0.00      0.25      0.50      0.00      0.00     81.20
02:39:36 AM     all      1.51      0.00     20.10      0.00      0.00      0.50      0.25      0.00      0.00     77.64
02:39:37 AM     all      0.75      0.00     17.21      0.00      0.00      0.25      0.50      0.00      0.00     81.30
02:39:38 AM     all      1.50      0.00     15.04      0.00      0.00      0.50      0.25      0.00      0.00     82.71
02:39:39 AM     all      1.24      0.00     16.42      0.00      0.00      0.25      0.50      0.00      0.00     81.59
02:39:40 AM     all      1.76      0.00     16.33      0.00      0.00      0.50      0.25      0.00      0.00     81.16
02:39:41 AM     all      1.00      0.00     79.20      1.25      0.00      0.50      0.50      0.00      0.00     17.54
02:39:42 AM     all      0.75      0.00     90.98      2.26      0.00      0.50      0.25      0.00      0.00      5.26
02:39:43 AM     all      0.25      0.00     94.50      2.00      0.00      0.25      0.00      0.00      0.00      3.00
02:39:44 AM     all      0.75      0.00     93.98      1.75      0.00      0.50      0.25      0.00      0.00      2.76
02:39:45 AM     all      1.01      0.00     94.70      1.77      0.00      0.51      0.25      0.00      0.00      1.77
02:39:46 AM     all      0.50      0.00     90.98      3.76      0.00      0.50      0.25      0.00      0.00      4.01
02:39:47 AM     all      1.01      0.00     94.21      2.27      0.00      0.25      0.00      0.00      0.00      2.27
02:39:48 AM     all      0.25      0.00     94.76      1.50      0.00      0.50      0.25      0.00      0.00      2.74
02:39:49 AM     all      0.75      0.00     94.26      1.50      0.00      0.50      0.25      0.00      0.00      2.74
02:39:50 AM     all      0.00      0.00     97.24      0.75      0.00      0.50      0.00      0.00      0.00      1.51
02:39:51 AM     all      1.01      0.00     89.45      5.28      0.00      0.25      0.25      0.00      0.00      3.77
02:39:52 AM     all      0.25      0.00     95.30      1.73      0.00      0.50      0.25      0.00      0.00      1.98
02:39:53 AM     all      0.50      0.00     92.27      3.24      0.00      0.50      0.25      0.00      0.00      3.24
02:39:54 AM     all      0.50      0.00     96.03      1.24      0.00      0.50      0.25      0.00      0.00      1.49
02:39:55 AM     all      0.50      0.00     91.07      2.23      0.00      0.50      0.00      0.00      0.00      5.71
02:39:56 AM     all      0.50      0.00     95.51      1.50      0.00      0.50      0.25      0.00      0.00      1.75
02:39:57 AM     all      0.75      0.00     94.72      1.76      0.00      0.25      0.25      0.00      0.00      2.26
02:39:58 AM     all      1.01      0.00     92.96      2.26      0.00      0.75      0.25      0.00      0.00      2.76
02:39:59 AM     all      0.50      0.00     89.20      6.53      0.00      0.25      0.25      0.00      0.00      3.27
02:40:00 AM     all      1.00      0.00     95.49      1.50      0.00      0.50      0.00      0.00      0.00      1.50
02:40:01 AM     all      1.50      0.00     92.02      2.24      0.00      0.50      0.25      0.00      0.00      3.49
02:40:02 AM     all      0.50      0.00     95.47      1.76      0.00      0.50      0.25      0.00      0.00      1.51
02:40:03 AM     all      0.25      0.00     89.08      4.22      0.00      0.50      0.25      0.00      0.00      5.71
02:40:04 AM     all      0.50      0.00     94.96      1.51      0.00      0.50      0.25      0.00      0.00      2.27
02:40:05 AM     all      0.75      0.00     92.50      3.00      0.00      0.50      0.00      0.00      0.00      3.25
02:40:06 AM     all      0.75      0.00     96.01      1.50      0.00      0.25      0.25      0.00      0.00      1.25
02:40:07 AM     all      0.25      0.00     93.56      3.22      0.00      0.50      0.25      0.00      0.00      2.23
02:40:08 AM     all      1.00      0.00     94.01      2.24      0.00      0.50      0.25      0.00      0.00      2.00
02:40:09 AM     all      0.75      0.00     93.50      2.50      0.00      0.50      0.00      0.00      0.00      2.75
02:40:10 AM     all      0.75      0.00     94.99      1.50      0.00      0.75      0.25      0.00      0.00      1.75
02:40:11 AM     all      1.26      0.00     35.52      0.50      0.00      0.76      0.50      0.00      0.00     61.46
02:40:12 AM     all      1.26      0.00     19.85      0.00      0.00      0.75      0.75      0.00      0.00     77.39
02:40:13 AM     all      1.26      0.00     20.45      0.00      0.00      0.51      0.51      0.00      0.00     77.27
02:40:14 AM     all      1.50      0.00     20.05      0.00      0.00      0.50      0.50      0.00      0.00     77.44
02:40:15 AM     all      1.27      0.00     20.25      0.00      0.00      0.25      0.25      0.00      0.00     77.97
02:40:16 AM     all      1.51      0.00     18.64      1.01      0.00      0.50      0.76      0.00      0.00     77.58
02:40:17 AM     all      2.00      0.00     20.00      0.00      0.00      0.50      0.50      0.00      0.00     77.00
02:40:18 AM     all      1.51      0.00     20.60      0.00      0.00      0.50      0.50      0.00      0.00     76.88
02:40:19 AM     all      1.26      0.00     19.95      0.00      0.00      0.25      0.51      0.00      0.00     78.03
02:40:20 AM     all      1.26      0.00     20.85      0.00      0.00      0.50      0.50      0.00      0.00     76.88
02:40:21 AM     all      1.01      0.00     20.71      0.00      0.00      0.51      0.25      0.00      0.00     77.53
02:40:22 AM     all      1.50      0.00     20.55      0.00      0.00      0.50      0.50      0.00      0.00     76.94
02:40:23 AM     all      1.50      0.00     19.80      0.00      0.00      0.25      0.50      0.00      0.00     77.94
02:40:24 AM     all      3.24      0.00     20.70      0.00      0.00      0.50      0.50      0.00      0.00     75.06
02:40:25 AM     all      1.25      0.00     19.80      0.00      0.00      0.50      0.50      0.00      0.00     77.94
02:40:26 AM     all      1.50      0.00     16.54      0.25      0.00      0.50      0.25      0.00      0.00     80.95
02:40:27 AM     all      1.50      0.00     19.25      0.00      0.00      0.25      0.50      0.00      0.00     78.50
02:40:28 AM     all      1.74      0.00     20.65      0.00      0.00      0.50      0.50      0.00      0.00     76.62
02:40:29 AM     all      1.50      0.00     19.80      0.00      0.00      0.50      0.50      0.00      0.00     77.69
02:40:30 AM     all      1.50      0.00     19.95      0.00      0.00      0.50      0.50      0.00      0.00     77.56
02:40:31 AM     all      1.76      0.00     18.84      0.00      0.00      0.50      0.50      0.00      0.00     78.39
02:40:32 AM     all      1.00      0.00     21.00      0.00      0.00      0.50      0.50      0.00      0.00     77.00
02:40:33 AM     all      1.75      0.00     20.00      0.00      0.00      0.25      0.25      0.00      0.00     77.75
02:40:34 AM     all      1.26      0.00     19.60      0.00      0.00      0.50      0.50      0.00      0.00     78.14
02:40:35 AM     all      1.99      0.00     20.35      0.00      0.00      0.50      0.74      0.00      0.00     76.43
02:40:36 AM     all      1.26      0.00     21.46      0.00      0.00      0.51      0.25      0.00      0.00     76.52
02:40:37 AM     all      2.25      0.00     19.75      0.00      0.00      0.25      0.50      0.00      0.00     77.25
02:40:38 AM     all      1.75      0.00     21.20      0.00      0.00      0.50      0.50      0.00      0.00     76.06
02:40:39 AM     all      1.50      0.00     20.00      0.00      0.00      0.50      0.50      0.00      0.00     77.50
02:40:40 AM     all      1.77      0.00     20.20      0.00      0.00      0.51      0.25      0.00      0.00     77.27
02:40:41 AM     all      1.24      0.00     50.75      0.75      0.00      0.50      0.50      0.00      0.00     46.27
02:40:42 AM     all      1.76      0.00     91.96      2.51      0.00      0.50      0.25      0.00      0.00      3.02
02:40:43 AM     all      0.25      0.00     95.51      1.25      0.00      0.50      0.25      0.00      0.00      2.24
02:40:44 AM     all      0.76      0.00     90.40      3.03      0.00      0.25      0.25      0.00      0.00      5.30
02:40:45 AM     all      1.00      0.00     94.50      2.00      0.00      0.50      0.00      0.00      0.00      2.00
02:40:46 AM     all      0.50      0.00     95.26      1.50      0.00      0.50      0.25      0.00      0.00      2.00
02:40:47 AM     all      0.74      0.00     93.05      2.48      0.00      0.50      0.25      0.00      0.00      2.98
02:40:48 AM     all      0.74      0.00     89.14      6.67      0.00      0.49      0.25      0.00      0.00      2.72
02:40:49 AM     all      0.51      0.00     94.94      2.03      0.00      0.25      0.25      0.00      0.00      2.03
02:40:50 AM     all      0.25      0.00     96.24      1.00      0.00      0.50      0.00      0.00      0.00      2.01
02:40:51 AM     all      1.01      0.00     92.19      2.77      0.00      0.50      0.25      0.00      0.00      3.27
02:40:52 AM     all      1.00      0.00     89.78      3.49      0.00      0.50      0.25      0.00      0.00      4.99
02:40:53 AM     all      1.25      0.00     92.75      2.00      0.00      0.50      0.25      0.00      0.00      3.25
02:40:54 AM     all      0.50      0.00     94.50      1.75      0.00      0.50      0.25      0.00      0.00      2.50
02:40:55 AM     all      0.75      0.00     92.75      2.50      0.00      0.25      0.25      0.00      0.00      3.50
02:40:56 AM     all      0.25      0.00     96.24      1.25      0.00      0.50      0.00      0.00      0.00      1.75
02:40:57 AM     all      0.74      0.00     94.54      1.99      0.00      0.50      0.25      0.00      0.00      1.99
02:40:58 AM     all      0.99      0.00     94.29      1.74      0.00      0.50      0.25      0.00      0.00      2.23
02:40:59 AM     all      0.50      0.00     94.25      2.50      0.00      0.25      0.25      0.00      0.00      2.25
02:41:00 AM     all      0.76      0.00     93.69      1.77      0.00      0.51      0.25      0.00      0.00      3.03
02:41:01 AM     all      1.01      0.00     95.23      2.01      0.00      0.50      0.00      0.00      0.00      1.26
02:41:02 AM     all      1.49      0.00     92.54      1.74      0.00      0.50      0.25      0.00      0.00      3.48
02:41:03 AM     all      0.25      0.00     93.91      2.79      0.00      0.51      0.25      0.00      0.00      2.28
02:41:04 AM     all      0.75      0.00     92.23      4.01      0.00      0.25      0.25      0.00      0.00      2.51
02:41:05 AM     all      0.50      0.00     94.26      2.24      0.00      0.50      0.25      0.00      0.00      2.24
02:41:06 AM     all      0.25      0.00     93.47      2.26      0.00      0.50      0.00      0.00      0.00      3.52
02:41:07 AM     all      0.50      0.00     94.29      1.74      0.00      0.50      0.25      0.00      0.00      2.73
02:41:08 AM     all      0.75      0.00     95.26      1.75      0.00      0.25      0.25      0.00      0.00      1.75
02:41:09 AM     all      0.50      0.00     95.26      1.75      0.00      0.50      0.00      0.00      0.00      2.00
02:41:10 AM     all      0.50      0.00     93.73      2.26      0.00      0.50      0.25      0.00      0.00      2.76
02:41:11 AM     all      0.50      0.00     59.65      2.26      0.00      0.50      0.25      0.00      0.00     36.84
02:41:12 AM     all      0.75      0.00      8.29      0.00      0.00      0.00      0.25      0.00      0.00     90.70
02:41:13 AM     all      0.25      0.00      8.77      0.00      0.00      0.50      0.25      0.00      0.00     90.23
02:41:14 AM     all      0.75      0.00      8.29      0.00      0.00      0.25      0.25      0.00      0.00     90.45
02:41:15 AM     all      0.50      0.00      8.77      0.00      0.00      0.25      0.25      0.00      0.00     90.23
02:41:16 AM     all      0.50      0.00      8.79      0.00      0.00      0.25      0.25      0.00      0.00     90.20
02:41:17 AM     all      1.00      0.00      9.75      0.00      0.00      0.25      0.25      0.00      0.00     88.75
02:41:18 AM     all      0.75      0.00     11.78      0.00      0.00      0.25      0.25      0.00      0.00     86.97
02:41:19 AM     all      1.00      0.00     11.28      0.00      0.00      0.50      0.25      0.00      0.00     86.97
02:41:20 AM     all      1.50      0.00     16.00      0.00      0.00      0.25      0.50      0.00      0.00     81.75
02:41:21 AM     all      1.51      0.00     15.33      0.00      0.00      0.50      0.25      0.00      0.00     82.41
02:41:22 AM     all      0.75      0.00     16.29      0.00      0.00      0.25      0.50      0.00      0.00     82.21
02:41:23 AM     all      1.26      0.00     16.08      0.00      0.00      0.50      0.50      0.00      0.00     81.66
02:41:24 AM     all      0.76      0.00     10.10      0.00      0.00      0.25      0.25      0.00      0.00     88.64
02:41:25 AM     all      0.50      0.00     14.04      0.00      0.00      0.50      0.25      0.00      0.00     84.71
02:41:26 AM     all      1.50      0.00     14.54      0.00      0.00      0.25      0.50      0.00      0.00     83.21
02:41:27 AM     all      1.50      0.00     16.54      0.25      0.00      0.50      0.25      0.00      0.00     80.95
02:41:28 AM     all      1.75      0.00     16.75      0.00      0.00      0.25      0.50      0.00      0.00     80.75
02:41:29 AM     all      1.25      0.00     16.79      0.00      0.00      0.50      0.50      0.00      0.00     80.95
02:41:30 AM     all      2.00      0.00     16.46      0.00      0.00      0.50      0.25      0.00      0.00     80.80
02:41:31 AM     all      1.01      0.00     15.37      0.00      0.00      0.25      0.50      0.00      0.00     82.87
02:41:32 AM     all      0.75      0.00      7.52      0.00      0.00      0.25      0.25      0.00      0.00     91.23
02:41:33 AM     all      0.50      0.00      9.80      0.00      0.00      0.50      0.25      0.00      0.00     88.94
02:41:34 AM     all      0.50      0.00      9.77      0.00      0.00      0.25      0.25      0.00      0.00     89.22
02:41:35 AM     all      1.26      0.00     15.11      0.00      0.00      0.25      0.25      0.00      0.00     83.12
02:41:36 AM     all      1.49      0.00     15.67      0.00      0.00      0.50      0.50      0.00      0.00     81.84
02:41:37 AM     all      1.25      0.00     16.29      0.25      0.00      0.25      0.25      0.00      0.00     81.70
02:41:38 AM     all      1.25      0.00     16.71      0.00      0.00      0.50      0.50      0.00      0.00     81.05
02:41:39 AM     all      1.50      0.00     17.00      0.00      0.00      0.25      0.50      0.00      0.00     80.75
02:41:40 AM     all      1.25      0.00     16.29      0.00      0.00      0.50      0.25      0.00      0.00     81.70
02:41:41 AM     all      1.01      0.00     15.62      0.00      0.00      0.25      0.25      0.00      0.00     82.87
02:41:42 AM     all      1.25      0.00     73.75      2.25      0.00      0.50      0.50      0.00      0.00     21.75
02:41:43 AM     all      1.02      0.00     92.13      2.54      0.00      0.51      0.00      0.00      0.00      3.81
02:41:44 AM     all      0.49      0.00     93.09      2.47      0.00      0.49      0.25      0.00      0.00      3.21
02:41:45 AM     all      0.75      0.00     88.28      5.24      0.00      0.50      0.25      0.00      0.00      4.99
02:41:46 AM     all      0.50      0.00     94.74      2.26      0.00      0.25      0.25      0.00      0.00      2.01
02:41:47 AM     all      1.00      0.00     95.50      1.25      0.00      0.50      0.00      0.00      0.00      1.75
02:41:48 AM     all      0.25      0.00     96.49      1.50      0.00      0.50      0.25      0.00      0.00      1.00
02:41:49 AM     all      1.26      0.00     88.69      5.28      0.00      0.50      0.25      0.00      0.00      4.02
02:41:50 AM     all      0.50      0.00     92.04      2.99      0.00      0.75      0.25      0.00      0.00      3.48
02:41:51 AM     all      1.00      0.00     93.23      2.01      0.00      0.50      0.00      0.00      0.00      3.26
02:41:52 AM     all      1.25      0.00     95.26      1.25      0.00      0.25      0.25      0.00      0.00      1.75
02:41:53 AM     all      0.75      0.00     88.25      4.00      0.00      0.75      0.25      0.00      0.00      6.00
02:41:54 AM     all      0.25      0.00     94.51      2.00      0.00      0.50      0.25      0.00      0.00      2.49
02:41:55 AM     all      1.00      0.00     93.50      2.00      0.00      0.50      0.25      0.00      0.00      2.75
02:41:56 AM     all      0.25      0.00     96.80      0.99      0.00      0.49      0.00      0.00      0.00      1.48
02:41:57 AM     all      0.25      0.00     91.29      2.74      0.00      0.50      0.25      0.00      0.00      4.98
02:41:58 AM     all      1.00      0.00     93.53      2.24      0.00      0.50      0.25      0.00      0.00      2.49
02:41:59 AM     all      0.25      0.00     94.21      2.77      0.00      0.25      0.00      0.00      0.00      2.52
02:42:00 AM     all      0.75      0.00     96.24      1.00      0.00      0.50      0.25      0.00      0.00      1.25
02:42:01 AM     all      0.74      0.00     94.80      1.98      0.00      0.50      0.25      0.00      0.00      1.73
02:42:02 AM     all      0.50      0.00     91.25      4.50      0.00      0.25      0.00      0.00      0.00      3.50
02:42:03 AM     all      0.25      0.00     93.53      1.99      0.00      0.50      0.25      0.00      0.00      3.48
02:42:04 AM     all      0.75      0.00     93.72      2.26      0.00      0.50      0.25      0.00      0.00      2.51
02:42:05 AM     all      0.75      0.00     94.97      1.76      0.00      0.50      0.00      0.00      0.00      2.01
02:42:06 AM     all      0.50      0.00     92.50      2.75      0.00      0.50      0.25      0.00      0.00      3.50
02:42:07 AM     all      0.75      0.00     93.03      2.74      0.00      0.50      0.25      0.00      0.00      2.74
02:42:08 AM     all      0.74      0.00     95.06      2.22      0.00      0.25      0.25      0.00      0.00      1.48
02:42:09 AM     all      0.75      0.00     94.01      2.00      0.00      0.50      0.25      0.00      0.00      2.49
02:42:10 AM     all      1.00      0.00     91.52      2.49      0.00      0.50      0.25      0.00      0.00      4.24
02:42:11 AM     all      0.50      0.00     93.27      2.74      0.00      0.50      0.00      0.00      0.00      2.99
02:42:12 AM     all      2.02      0.00     34.09      0.76      0.00      0.51      0.51      0.00      0.00     62.12
02:42:13 AM     all      0.51      0.00     16.92      0.00      0.00      0.25      0.51      0.00      0.00     81.82
02:42:14 AM     all      1.26      0.00     16.58      0.00      0.00      0.50      0.50      0.00      0.00     81.16
02:42:15 AM     all      0.76      0.00     16.41      0.00      0.00      0.51      0.25      0.00      0.00     82.07
02:42:16 AM     all      1.26      0.00     15.87      0.00      0.00      0.25      0.50      0.00      0.00     82.12
02:42:17 AM     all      0.75      0.00     17.04      0.25      0.00      0.50      0.50      0.00      0.00     80.95
02:42:18 AM     all      1.52      0.00     13.64      0.00      0.00      0.25      0.25      0.00      0.00     84.34
02:42:19 AM     all      1.25      0.00     17.46      0.00      0.00      0.50      0.25      0.00      0.00     80.55
02:42:20 AM     all      1.26      0.00     19.65      0.00      0.00      0.25      0.50      0.00      0.00     78.34
02:42:21 AM     all      1.25      0.00     15.21      0.00      0.00      0.50      0.50      0.00      0.00     82.54
02:42:22 AM     all      1.50      0.00     15.79      0.00      0.00      0.50      0.25      0.00      0.00     81.95
02:42:23 AM     all      1.00      0.00     16.54      0.00      0.00      0.25      0.50      0.00      0.00     81.70
02:42:24 AM     all      1.00      0.00     17.04      0.00      0.00      0.50      0.25      0.00      0.00     81.20
02:42:25 AM     all      1.25      0.00     15.54      0.00      0.00      0.25      0.50      0.00      0.00     82.46
02:42:26 AM     all      0.50      0.00     12.53      0.00      0.00      0.50      0.25      0.00      0.00     86.22
02:42:27 AM     all      1.51      0.00     15.08      0.00      0.00      0.25      0.50      0.00      0.00     82.66
02:42:28 AM     all      1.00      0.00     15.54      0.00      0.00      0.50      0.25      0.00      0.00     82.71
02:42:29 AM     all      1.50      0.00     12.53      0.00      0.00      0.25      0.25      0.00      0.00     85.46
02:42:30 AM     all      1.00      0.00     15.54      0.00      0.00      0.50      0.50      0.00      0.00     82.46
02:42:31 AM     all      1.26      0.00     15.33      0.00      0.00      0.25      0.50      0.00      0.00     82.66
02:42:32 AM     all      0.75      0.00     16.29      0.25      0.00      0.50      0.25      0.00      0.00     81.95
02:42:33 AM     all      1.26      0.00     16.83      0.00      0.00      0.25      0.50      0.00      0.00     81.16
02:42:34 AM     all      2.25      0.00     16.75      0.00      0.00      0.50      0.25      0.00      0.00     80.25
02:42:35 AM     all      1.00      0.00     13.00      0.00      0.00      0.25      0.50      0.00      0.00     85.25
02:42:36 AM     all      1.01      0.00     17.09      0.00      0.00      0.50      0.25      0.00      0.00     81.16
02:42:37 AM     all      1.50      0.00     15.54      0.00      0.00      0.50      0.50      0.00      0.00     81.95
02:42:38 AM     all      1.51      0.00     16.58      0.00      0.00      0.25      0.25      0.00      0.00     81.41
02:42:39 AM     all      1.49      0.00     15.42      0.00      0.00      0.50      0.50      0.00      0.00     82.09
02:42:40 AM     all      1.25      0.00     17.04      0.00      0.00      0.25      0.25      0.00      0.00     81.20
02:42:41 AM     all      1.25      0.00     15.50      0.00      0.00      0.50      0.50      0.00      0.00     82.25
02:42:42 AM     all      1.00      0.00      4.01      0.00      0.00      0.00      0.25      0.00      0.00     94.74
02:42:43 AM     all      0.25      0.00      0.50      0.00      0.00      0.25      0.00      0.00      0.00     99.00
02:42:44 AM     all      0.25      0.00      0.25      0.00      0.00      0.00      0.00      0.00      0.00     99.50
Average:        all      0.94      0.00     52.56      1.12      0.00      0.43      0.30      0.00      0.00     44.65
