Linux 4.9.253-tegra (nano-desktop) 	08/17/2023 	_aarch64_	(4 CPU)

12:15:50 AM     CPU      %usr     %nice      %sys   %iowait    %steal      %irq     %soft    %guest    %gnice     %idle
12:15:51 AM     all     25.13      0.00      0.50      0.00      0.00      0.50      0.25      0.00      0.00     73.62
12:15:52 AM     all     25.19      0.00      0.25      0.00      0.00      0.50      0.00      0.00      0.00     74.06
12:15:53 AM     all     25.19      0.00      0.50      0.00      0.00      0.50      0.00      0.00      0.00     73.80
12:15:54 AM     all     25.19      0.00      0.00      0.00      0.00      0.50      0.25      0.00      0.00     74.06
12:15:55 AM     all     25.32      0.00      0.00      0.00      0.00      0.51      0.00      0.00      0.00     74.18
12:15:56 AM     all     25.25      0.00      0.25      0.25      0.00      0.25      0.00      0.00      0.00     73.99
12:15:57 AM     all     23.31      0.00      5.51      0.00      0.00      0.50      0.25      0.00      0.00     70.43
12:15:58 AM     all     64.50      0.00     17.00      0.00      0.00      1.00      0.50      0.00      0.00     17.00
12:15:59 AM     all     98.74      0.00      0.75      0.00      0.00      0.50      0.00      0.00      0.00      0.00
12:16:00 AM     all     57.64      0.00      1.75      0.00      0.00      0.75      0.25      0.00      0.00     39.60
12:16:01 AM     all     66.33      0.00      0.75      0.00      0.00      0.50      0.00      0.00      0.00     32.41
12:16:02 AM     all     98.50      0.00      0.75      0.00      0.00      0.75      0.00      0.00      0.00      0.00
12:16:03 AM     all     59.19      0.00      0.25      0.00      0.00      0.50      0.25      0.00      0.00     39.80
12:16:04 AM     all     80.00      0.00      0.25      0.00      0.00      0.50      0.25      0.00      0.00     19.00
12:16:05 AM     all     91.71      0.00      0.50      0.00      0.00      0.75      0.00      0.00      0.00      7.04
12:16:06 AM     all     58.79      0.00      0.50      0.25      0.00      0.50      0.50      0.00      0.00     39.45
12:16:07 AM     all     98.50      0.00      0.75      0.00      0.00      0.75      0.00      0.00      0.00      0.00
12:16:08 AM     all     77.39      0.00      0.50      0.00      0.00      0.50      0.25      0.00      0.00     21.36
12:16:09 AM     all     67.84      0.00      0.50      0.00      0.00      0.50      0.25      0.00      0.00     30.90
12:16:10 AM     all     98.50      0.00      0.75      0.00      0.00      0.75      0.00      0.00      0.00      0.00
12:16:11 AM     all     65.66      0.00      0.75      0.00      0.00      0.50      0.25      0.00      0.00     32.83
12:16:12 AM     all     84.92      0.00      0.50      0.00      0.00      0.50      0.00      0.00      0.00     14.07
12:16:13 AM     all     90.75      0.00      0.75      0.00      0.00      0.75      0.25      0.00      0.00      7.50
12:16:14 AM     all     68.25      0.00      0.50      0.00      0.00      0.50      0.25      0.00      0.00     30.50
12:16:15 AM     all     97.24      0.00      1.00      0.00      0.00      0.50      0.00      0.00      0.00      1.25
12:16:16 AM     all     63.98      0.00      0.50      0.00      0.00      0.50      0.25      0.00      0.00     34.76
12:16:17 AM     all     96.76      0.00      0.75      0.00      0.00      0.75      0.25      0.00      0.00      1.50
12:16:18 AM     all     93.48      0.00      0.25      0.00      0.00      0.50      0.00      0.00      0.00      5.76
12:16:19 AM     all     60.80      0.00      0.50      0.00      0.00      0.50      0.25      0.00      0.00     37.94
12:16:20 AM     all     97.25      0.00      0.75      0.00      0.00      0.50      0.00      0.00      0.00      1.50
12:16:21 AM     all     75.44      0.00      0.75      0.00      0.00      0.75      0.25      0.00      0.00     22.81
12:16:22 AM     all     82.66      0.00      0.25      0.00      0.00      0.50      0.25      0.00      0.00     16.33
12:16:23 AM     all     69.10      0.00      0.50      0.00      0.00      0.75      0.25      0.00      0.00     29.40
12:16:24 AM     all     95.00      0.00      0.50      0.00      0.00      0.50      0.00      0.00      0.00      4.00
12:16:25 AM     all     84.54      0.00      0.50      0.00      0.00      0.50      0.25      0.00      0.00     14.21
12:16:26 AM     all     67.76      0.00      0.50      1.26      0.00      0.50      0.25      0.00      0.00     29.72
12:16:27 AM     all     98.75      0.00      0.50      0.00      0.00      0.75      0.00      0.00      0.00      0.00
12:16:28 AM     all     42.57      0.00      0.76      0.00      0.00      0.50      0.25      0.00      0.00     55.92
12:16:29 AM     all     25.32      0.00      0.76      0.00      0.00      0.51      0.00      0.00      0.00     73.42
12:16:30 AM     all     25.00      0.00      0.25      0.00      0.00      0.25      0.25      0.00      0.00     74.24
12:16:31 AM     all     25.19      0.00      0.25      0.25      0.00      0.50      0.00      0.00      0.00     73.80
12:16:32 AM     all     25.06      0.00      0.50      0.00      0.00      0.50      0.25      0.00      0.00     73.68
12:16:33 AM     all     24.94      0.00      0.76      0.00      0.00      0.50      0.00      0.00      0.00     73.80
12:16:34 AM     all     25.25      0.00      0.25      0.00      0.00      0.25      0.00      0.00      0.00     74.24
12:16:35 AM     all     24.62      0.00      0.75      0.00      0.00      0.50      0.25      0.00      0.00     73.87
12:16:36 AM     all     25.13      0.00      0.50      0.00      0.00      0.50      0.00      0.00      0.00     73.87
12:16:37 AM     all     25.19      0.00      0.25      0.00      0.00      0.50      0.25      0.00      0.00     73.80
12:16:38 AM     all     25.32      0.00      0.25      0.00      0.00      0.25      0.00      0.00      0.00     74.18
12:16:39 AM     all     25.31      0.00      0.99      0.00      0.00      0.50      0.25      0.00      0.00     72.95
12:16:40 AM     all     25.19      0.00      0.50      0.00      0.00      0.50      0.00      0.00      0.00     73.80
12:16:41 AM     all     25.06      0.00      0.75      0.00      0.00      0.25      0.25      0.00      0.00     73.68
12:16:42 AM     all     24.24      0.00      1.01      0.00      0.00      0.51      0.00      0.00      0.00     74.24
12:16:43 AM     all     25.00      0.00      0.75      0.00      0.00      0.50      0.25      0.00      0.00     73.50
12:16:44 AM     all     25.25      0.00      0.25      0.00      0.00      0.51      0.00      0.00      0.00     73.99
12:16:45 AM     all     25.06      0.00      0.50      0.00      0.00      0.50      0.25      0.00      0.00     73.68
12:16:46 AM     all     25.25      0.00      0.25      0.25      0.00      0.25      0.00      0.00      0.00     73.99
12:16:47 AM     all     25.13      0.00      0.50      0.00      0.00      0.50      0.25      0.00      0.00     73.62
12:16:48 AM     all     25.13      0.00      0.50      0.00      0.00      0.50      0.00      0.00      0.00     73.87
12:16:49 AM     all     24.43      0.00      1.01      0.00      0.00      0.50      0.25      0.00      0.00     73.80
12:16:50 AM     all     25.51      0.00      0.00      0.00      0.00      0.25      0.25      0.00      0.00     73.99
12:16:51 AM     all     25.19      0.00      0.50      0.00      0.00      0.50      0.00      0.00      0.00     73.80
12:16:52 AM     all     25.13      0.00      0.50      0.00      0.00      0.50      0.00      0.00      0.00     73.87
12:16:53 AM     all     25.69      0.00      0.50      0.00      0.00      0.50      0.25      0.00      0.00     73.05
12:16:54 AM     all     25.25      0.00      0.25      0.00      0.00      0.51      0.00      0.00      0.00     73.99
12:16:55 AM     all     25.00      0.00      1.00      0.00      0.00      0.25      0.25      0.00      0.00     73.50
12:16:56 AM     all     24.00      0.00      1.75      0.00      0.00      0.50      0.25      0.00      0.00     73.50
12:16:57 AM     all     24.24      0.00      1.01      0.00      0.00      0.51      0.00      0.00      0.00     74.24
12:16:58 AM     all     24.31      0.00      1.00      0.00      0.00      0.50      0.25      0.00      0.00     73.93
12:16:59 AM     all     23.93      0.00      1.51      0.00      0.00      0.50      0.00      0.00      0.00     74.06
12:17:00 AM     all     25.31      0.00      2.26      0.00      0.00      0.25      0.25      0.00      0.00     71.93
12:17:01 AM     all     24.12      0.00      1.76      0.00      0.00      0.50      0.00      0.00      0.00     73.62
12:17:02 AM     all     24.06      0.00      1.50      0.00      0.00      0.50      0.25      0.00      0.00     73.68
12:17:03 AM     all     24.50      0.00      1.50      0.00      0.00      0.50      0.00      0.00      0.00     73.50
12:17:04 AM     all     25.06      0.00      0.50      0.00      0.00      0.50      0.25      0.00      0.00     73.68
12:17:05 AM     all     24.87      0.00      1.01      0.00      0.00      0.50      0.00      0.00      0.00     73.62
12:17:06 AM     all     24.88      0.00      1.24      0.25      0.00      0.25      0.25      0.00      0.00     73.13
12:17:07 AM     all     24.81      0.00      1.99      0.00      0.00      0.50      0.00      0.00      0.00     72.70
12:17:08 AM     all     25.06      0.00      0.75      0.00      0.00      0.50      0.25      0.00      0.00     73.43
12:17:09 AM     all     25.06      0.00      1.00      0.00      0.00      0.25      0.00      0.00      0.00     73.68
12:17:10 AM     all     53.10      0.00      6.95      0.00      0.00      0.74      0.25      0.00      0.00     38.96
12:17:11 AM     all     97.99      0.00      1.51      0.00      0.00      0.50      0.00      0.00      0.00      0.00
12:17:12 AM     all     61.85      0.00      2.00      0.00      0.00      0.50      0.25      0.00      0.00     35.41
12:17:13 AM     all     53.28      0.00      2.02      0.00      0.00      0.51      0.00      0.00      0.00     44.19
12:17:14 AM     all     97.00      0.00      2.25      0.00      0.00      0.50      0.25      0.00      0.00      0.00
12:17:15 AM     all     67.33      0.00      2.00      0.00      0.00      0.75      0.00      0.00      0.00     29.93
12:17:16 AM     all     47.86      0.00      1.76      1.01      0.00      0.50      0.25      0.00      0.00     48.61
12:17:17 AM     all     97.99      0.00      1.50      0.00      0.00      0.50      0.00      0.00      0.00      0.00
12:17:18 AM     all     64.93      0.00      1.24      0.00      0.00      0.50      0.25      0.00      0.00     33.08
12:17:19 AM     all     68.32      0.00      2.23      0.00      0.00      0.74      0.25      0.00      0.00     28.47
12:17:20 AM     all     95.76      0.00      1.75      0.00      0.00      0.50      0.00      0.00      0.00      2.00
12:17:21 AM     all     60.99      0.00      2.22      0.25      0.00      0.49      0.25      0.00      0.00     35.80
12:17:22 AM     all     78.11      0.00      1.49      0.00      0.00      0.50      0.25      0.00      0.00     19.65
12:17:23 AM     all     95.00      0.00      1.50      0.00      0.00      0.50      0.00      0.00      0.00      3.00
12:17:24 AM     all     58.46      0.00      1.00      0.00      0.00      0.50      0.25      0.00      0.00     39.80
12:17:25 AM     all     82.84      0.00      1.49      0.00      0.00      0.50      0.25      0.00      0.00     14.93
12:17:26 AM     all     94.25      0.00      1.00      0.00      0.00      0.75      0.25      0.00      0.00      3.75
12:17:27 AM     all     57.71      0.00      1.49      0.00      0.00      0.50      0.25      0.00      0.00     40.05
12:17:28 AM     all     94.74      0.00      0.75      0.00      0.00      0.50      0.00      0.00      0.00      4.01
12:17:29 AM     all     83.33      0.00      0.75      0.00      0.00      0.50      0.25      0.00      0.00     15.17
12:17:30 AM     all     79.85      0.00      0.50      0.00      0.00      0.75      0.00      0.00      0.00     18.91
12:17:31 AM     all     95.00      0.00      0.50      0.00      0.00      0.50      0.25      0.00      0.00      3.75
12:17:32 AM     all     61.81      0.00      1.01      0.00      0.00      0.50      0.25      0.00      0.00     36.43
12:17:33 AM     all     92.98      0.00      1.25      0.00      0.00      0.50      0.00      0.00      0.00      5.26
12:17:34 AM     all     79.30      0.00      0.50      0.00      0.00      0.75      0.25      0.00      0.00     19.20
12:17:35 AM     all     74.63      0.00      1.24      0.00      0.00      0.50      0.25      0.00      0.00     23.38
12:17:36 AM     all     74.63      0.00      1.00      0.00      0.00      0.50      0.25      0.00      0.00     23.63
12:17:37 AM     all     97.24      0.00      0.50      0.00      0.00      0.50      0.00      0.00      0.00      1.75
12:17:38 AM     all     92.79      0.00      0.50      0.00      0.00      0.75      0.25      0.00      0.00      5.72
12:17:39 AM     all     64.84      0.00      1.25      0.00      0.00      0.25      0.25      0.00      0.00     33.42
12:17:40 AM     all     68.67      0.00      1.25      0.00      0.00      0.50      0.00      0.00      0.00     29.57
12:17:41 AM     all      0.50      0.00      1.49      0.00      0.00      0.25      0.00      0.00      0.00     97.77
12:17:42 AM     all      0.25      0.00      1.49      0.00      0.00      0.00      0.25      0.00      0.00     98.02
12:17:43 AM     all      4.49      0.00      1.75      0.00      0.00      0.25      0.00      0.00      0.00     93.52
12:17:44 AM     all     25.06      0.00      1.74      0.00      0.00      0.50      0.25      0.00      0.00     72.46
12:17:45 AM     all     24.88      0.00      1.49      0.00      0.00      0.50      0.25      0.00      0.00     72.89
12:17:46 AM     all     25.69      0.00      1.25      0.00      0.00      0.50      0.00      0.00      0.00     72.57
12:17:47 AM     all     24.88      0.00      1.24      0.00      0.00      0.50      0.25      0.00      0.00     73.13
12:17:48 AM     all     25.25      0.00      1.25      0.00      0.00      0.25      0.00      0.00      0.00     73.25
12:17:49 AM     all     25.12      0.00      1.24      0.00      0.00      0.50      0.25      0.00      0.00     72.89
12:17:50 AM     all     23.08      0.00      1.99      0.00      0.00      0.74      0.25      0.00      0.00     73.95
12:17:51 AM     all     25.69      0.00      1.00      0.00      0.00      0.25      0.00      0.00      0.00     73.07
12:17:52 AM     all     24.94      0.00      1.25      0.00      0.00      0.50      0.25      0.00      0.00     73.07
12:17:53 AM     all     25.74      0.00      0.99      0.00      0.00      0.50      0.00      0.00      0.00     72.77
12:17:54 AM     all     24.94      0.00      1.98      0.00      0.00      0.49      0.25      0.00      0.00     72.35
12:17:55 AM     all     25.06      0.00      0.75      0.00      0.00      0.25      0.25      0.00      0.00     73.68
12:17:56 AM     all     25.50      0.00      1.49      0.25      0.00      0.50      0.00      0.00      0.00     72.28
12:17:57 AM     all     23.31      0.00      1.00      0.00      0.00      0.75      0.25      0.00      0.00     74.69
12:17:58 AM     all     25.44      0.00      1.00      0.00      0.00      0.25      0.25      0.00      0.00     73.07
12:17:59 AM     all     25.06      0.00      1.49      0.00      0.00      0.50      0.00      0.00      0.00     72.95
12:18:00 AM     all     26.12      0.00      2.24      0.00      0.00      0.50      0.25      0.00      0.00     70.90
12:18:01 AM     all     25.56      0.00      0.75      0.00      0.00      0.25      0.00      0.00      0.00     73.43
12:18:02 AM     all     25.37      0.00      1.00      0.00      0.00      0.75      0.25      0.00      0.00     72.64
12:18:03 AM     all     25.13      0.00      0.50      0.00      0.00      0.25      0.25      0.00      0.00     73.87
12:18:04 AM     all     24.56      0.00      1.25      0.00      0.00      0.50      0.00      0.00      0.00     73.68
12:18:05 AM     all     24.87      0.00      0.25      0.00      0.00      0.50      0.25      0.00      0.00     74.12
12:18:06 AM     all     25.00      0.00      0.75      0.25      0.00      0.50      0.00      0.00      0.00     73.50
12:18:07 AM     all     25.13      0.00      0.50      0.00      0.00      0.50      0.25      0.00      0.00     73.62
12:18:08 AM     all     25.06      0.00      0.50      0.00      0.00      0.50      0.25      0.00      0.00     73.68
12:18:09 AM     all     25.25      0.00      0.50      0.00      0.00      0.50      0.00      0.00      0.00     73.75
12:18:10 AM     all     25.19      0.00      0.25      0.00      0.00      0.25      0.00      0.00      0.00     74.31
12:18:11 AM     all     23.87      0.00      0.75      0.00      0.00      0.50      0.25      0.00      0.00     74.62
12:18:12 AM     all     25.50      0.00      0.75      0.00      0.00      0.75      0.25      0.00      0.00     72.75
12:18:13 AM     all     25.44      0.00      0.25      0.00      0.00      0.25      0.00      0.00      0.00     74.06
12:18:14 AM     all     25.25      0.00      0.75      0.00      0.00      0.50      0.25      0.00      0.00     73.25
12:18:15 AM     all     25.63      0.00      0.00      0.00      0.00      0.50      0.00      0.00      0.00     73.87
12:18:16 AM     all     25.19      0.00      0.50      0.00      0.00      0.25      0.25      0.00      0.00     73.80
12:18:17 AM     all     25.63      0.00      0.75      0.00      0.00      0.50      0.00      0.00      0.00     73.12
12:18:18 AM     all     23.87      0.00      1.76      0.00      0.00      0.50      0.25      0.00      0.00     73.62
12:18:19 AM     all     84.25      0.00      5.00      0.00      0.00      0.75      0.25      0.00      0.00      9.75
12:18:20 AM     all     98.75      0.00      0.75      0.00      0.00      0.50      0.00      0.00      0.00      0.00
12:18:21 AM     all     38.69      0.00      0.50      0.00      0.00      0.50      0.25      0.00      0.00     60.05
12:18:22 AM     all     75.44      0.00      0.25      0.00      0.00      0.75      0.25      0.00      0.00     23.31
12:18:23 AM     all     99.00      0.00      0.50      0.00      0.00      0.50      0.00      0.00      0.00      0.00
12:18:24 AM     all     53.38      0.00      0.25      0.00      0.00      0.75      0.25      0.00      0.00     45.36
12:18:25 AM     all     68.84      0.00      0.25      0.00      0.00      0.50      0.00      0.00      0.00     30.40
12:18:26 AM     all     98.00      0.00      0.75      0.00      0.00      0.75      0.25      0.00      0.00      0.25
12:18:27 AM     all     51.76      0.00      0.25      0.00      0.00      0.25      0.25      0.00      0.00     47.49
12:18:28 AM     all     86.93      0.00      0.25      0.00      0.00      0.75      0.00      0.00      0.00     12.06
12:18:29 AM     all     95.01      0.00      0.25      0.00      0.00      0.50      0.25      0.00      0.00      3.99
12:18:30 AM     all     43.47      0.00      0.50      0.00      0.00      0.50      0.00      0.00      0.00     55.53
12:18:31 AM     all     92.00      0.00      0.50      0.25      0.00      0.75      0.25      0.00      0.00      6.25
12:18:32 AM     all     89.72      0.00      0.75      0.00      0.00      0.50      0.00      0.00      0.00      9.02
12:18:33 AM     all     54.50      0.00      0.75      0.00      0.00      0.50      0.25      0.00      0.00     44.00
12:18:34 AM     all     92.23      0.00      1.25      0.00      0.00      0.75      0.25      0.00      0.00      5.51
12:18:35 AM     all     77.06      0.00      1.00      0.00      0.00      0.50      0.25      0.00      0.00     21.20
12:18:36 AM     all     75.76      0.00      0.51      0.00      0.00      0.51      0.25      0.00      0.00     22.98
12:18:37 AM     all     91.98      0.00      0.50      0.00      0.00      0.50      0.00      0.00      0.00      7.02
12:18:38 AM     all     76.00      0.00      1.00      0.00      0.00      0.50      0.25      0.00      0.00     22.25
12:18:39 AM     all     95.01      0.00      0.75      0.00      0.00      0.75      0.00      0.00      0.00      3.49
12:18:40 AM     all     72.80      0.00      0.76      0.00      0.00      0.50      0.25      0.00      0.00     25.69
12:18:41 AM     all     78.39      0.00      1.76      0.75      0.00      0.75      0.25      0.00      0.00     18.09
12:18:42 AM     all     96.01      0.00      3.24      0.00      0.00      0.50      0.25      0.00      0.00      0.00
12:18:43 AM     all     65.24      0.00      2.27      9.07      0.00      0.50      0.25      0.00      0.00     22.67
12:18:44 AM     all     84.92      0.00      0.75      1.76      0.00      0.75      0.25      0.00      0.00     11.56
12:18:45 AM     all     76.88      0.00      0.25      0.00      0.00      0.50      0.25      0.00      0.00     22.11
12:18:46 AM     all     97.00      0.00      2.25      0.00      0.00      0.75      0.00      0.00      0.00      0.00
12:18:47 AM     all     81.25      0.00      1.25      8.00      0.00      0.50      0.25      0.00      0.00      8.75
12:18:48 AM     all     76.01      0.00      2.27      4.55      0.00      0.51      0.25      0.00      0.00     16.41
12:18:49 AM     all     23.06      0.00      1.00      0.00      0.00      0.25      0.00      0.00      0.00     75.69
12:18:50 AM     all      0.00      0.00      0.25      0.00      0.00      0.00      0.25      0.00      0.00     99.50
12:18:51 AM     all      0.50      0.00      0.25      0.00      0.00      0.25      0.00      0.00      0.00     99.00
12:18:52 AM     all     20.00      0.00      1.25      0.00      0.00      0.50      0.25      0.00      0.00     78.00
12:18:53 AM     all     25.13      0.00      0.50      0.00      0.00      0.50      0.00      0.00      0.00     73.87
12:18:54 AM     all     24.75      0.00      0.75      0.00      0.00      0.50      0.25      0.00      0.00     73.75
12:18:55 AM     all     27.93      0.00      3.24      0.00      0.00      0.50      0.25      0.00      0.00     68.08
12:18:56 AM     all     25.69      0.00      1.51      0.25      0.00      0.50      0.00      0.00      0.00     72.04
12:18:57 AM     all     25.06      0.00      0.00      0.00      0.00      0.25      0.25      0.00      0.00     74.43
12:18:58 AM     all     25.69      0.00      1.51      0.00      0.00      0.50      0.00      0.00      0.00     72.29
12:18:59 AM     all     20.10      0.00      1.76      0.00      0.00      0.50      0.25      0.00      0.00     77.39
12:19:00 AM     all     25.63      0.00      1.26      0.00      0.00      0.50      0.25      0.00      0.00     72.36
12:19:01 AM     all     25.06      0.00      0.50      0.25      0.00      0.50      0.00      0.00      0.00     73.68
12:19:02 AM     all     25.31      0.00      0.25      0.00      0.00      0.50      0.25      0.00      0.00     73.68
12:19:03 AM     all     25.81      0.00      0.75      0.00      0.00      0.50      0.00      0.00      0.00     72.93
12:19:04 AM     all     25.38      0.00      0.00      0.00      0.00      0.25      0.25      0.00      0.00     74.12
12:19:05 AM     all     24.87      0.00      0.50      0.00      0.00      0.50      0.00      0.00      0.00     74.12
12:19:06 AM     all     15.08      0.00      0.75      0.00      0.00      0.50      0.25      0.00      0.00     83.42
12:19:07 AM     all     32.99      0.00      6.85      1.27      0.00      0.51      0.25      0.00      0.00     58.12
12:19:08 AM     all     25.13      0.00      0.50      0.00      0.00      0.50      0.00      0.00      0.00     73.87
12:19:09 AM     all     24.81      0.00      0.50      0.00      0.00      0.25      0.25      0.00      0.00     74.19
12:19:10 AM     all     25.19      0.00      0.75      0.00      0.00      0.50      0.00      0.00      0.00     73.57
12:19:11 AM     all     25.06      0.00      0.25      0.00      0.00      0.50      0.00      0.00      0.00     74.19
12:19:12 AM     all     25.00      0.00      0.50      0.25      0.00      0.25      0.25      0.00      0.00     73.75
12:19:13 AM     all     24.50      0.00      1.00      0.00      0.00      0.50      0.25      0.00      0.00     73.75
12:19:14 AM     all     25.13      0.00      0.25      0.00      0.00      0.50      0.00      0.00      0.00     74.12
12:19:15 AM     all     25.06      0.00      0.25      0.00      0.00      0.25      0.25      0.00      0.00     74.19
12:19:16 AM     all     25.25      0.00      0.50      0.00      0.00      0.50      0.00      0.00      0.00     73.75
12:19:17 AM     all     25.31      0.00      0.50      0.00      0.00      0.25      0.00      0.00      0.00     73.93
12:19:18 AM     all     24.75      0.00      0.75      0.00      0.00      0.50      0.25      0.00      0.00     73.75
12:19:19 AM     all     25.06      0.00      0.25      0.00      0.00      0.50      0.00      0.00      0.00     74.19
12:19:20 AM     all     21.75      0.00      1.00      0.00      0.00      0.50      0.25      0.00      0.00     76.50
12:19:21 AM     all     25.13      0.00      0.25      0.00      0.00      0.25      0.00      0.00      0.00     74.37
12:19:22 AM     all     25.00      0.00      0.50      0.25      0.00      0.50      0.25      0.00      0.00     73.50
12:19:23 AM     all     25.25      0.00      0.25      0.00      0.00      0.50      0.00      0.00      0.00     74.00
12:19:24 AM     all     24.81      0.00      0.50      0.00      0.00      0.50      0.25      0.00      0.00     73.93
12:19:25 AM     all     25.06      0.00      0.75      0.00      0.00      0.25      0.00      0.00      0.00     73.93
12:19:26 AM     all     25.00      0.00      0.25      0.00      0.00      0.50      0.25      0.00      0.00     74.00
12:19:27 AM     all     73.82      0.00      7.23      0.00      0.00      0.50      0.25      0.00      0.00     18.20
12:19:28 AM     all     98.50      0.00      0.75      0.00      0.00      0.75      0.00      0.00      0.00      0.00
12:19:29 AM     all     46.00      0.00      0.75      0.00      0.00      0.50      0.25      0.00      0.00     52.50
12:19:30 AM     all     59.80      0.00      0.50      0.00      0.00      0.50      0.00      0.00      0.00     39.20
12:19:31 AM     all     98.51      0.00      0.75      0.00      0.00      0.50      0.25      0.00      0.00      0.00
12:19:32 AM     all     61.21      0.00      0.25      0.00      0.00      0.50      0.25      0.00      0.00     37.78
12:19:33 AM     all     76.50      0.00      0.25      0.00      0.00      0.50      0.00      0.00      0.00     22.75
12:19:34 AM     all     88.69      0.00      0.75      0.00      0.00      0.50      0.25      0.00      0.00      9.80
12:19:35 AM     all     63.82      0.00      0.00      0.00      0.00      0.50      0.25      0.00      0.00     35.43
12:19:36 AM     all     99.25      0.00      0.25      0.00      0.00      0.50      0.00      0.00      0.00      0.00
12:19:37 AM     all     73.87      0.00      0.25      0.00      0.00      0.50      0.25      0.00      0.00     25.13
12:19:38 AM     all     81.50      0.00      0.25      0.00      0.00      0.50      0.25      0.00      0.00     17.50
12:19:39 AM     all     99.50      0.00      0.00      0.00      0.00      0.50      0.00      0.00      0.00      0.00
12:19:40 AM     all     66.17      0.00      0.00      0.00      0.00      0.50      0.25      0.00      0.00     33.08
12:19:41 AM     all     92.71      0.00      0.00      0.00      0.00      0.50      0.00      0.00      0.00      6.78
12:19:42 AM     all     84.00      0.00      1.00      0.00      0.00      0.50      0.25      0.00      0.00     14.25
12:19:43 AM     all     75.38      0.00      0.25      0.00      0.00      0.75      0.25      0.00      0.00     23.37
12:19:44 AM     all     95.24      0.00      0.25      0.00      0.00      0.50      0.00      0.00      0.00      4.01
12:19:45 AM     all     72.18      0.00      0.75      0.00      0.00      0.50      0.25      0.00      0.00     26.32
12:19:46 AM     all     96.01      0.00      0.50      0.00      0.00      0.50      0.25      0.00      0.00      2.74
12:19:47 AM     all     77.83      0.00      0.50      0.25      0.00      0.50      0.00      0.00      0.00     20.91
12:19:48 AM     all     80.80      0.00      0.75      0.00      0.00      0.25      0.25      0.00      0.00     17.96
12:19:49 AM     all     96.51      0.00      1.00      0.00      0.00      0.75      0.25      0.00      0.00      1.50
12:19:50 AM     all     69.35      0.00      0.50      0.00      0.00      0.50      0.25      0.00      0.00     29.40
12:19:51 AM     all     78.89      0.00      0.50      0.00      0.00      0.50      0.00      0.00      0.00     20.10
12:19:52 AM     all     86.22      0.00      0.50      0.00      0.00      0.50      0.25      0.00      0.00     12.53
12:19:53 AM     all     98.25      0.00      0.50      0.00      0.00      0.75      0.00      0.00      0.00      0.50
12:19:54 AM     all     75.44      0.00      0.50      0.00      0.00      0.50      0.25      0.00      0.00     23.31
12:19:55 AM     all     83.71      0.00      0.25      0.00      0.00      0.50      0.25      0.00      0.00     15.29
12:19:56 AM     all     93.27      0.00      1.00      0.00      0.00      0.75      0.25      0.00      0.00      4.74
12:19:57 AM     all     36.52      0.00      0.50      0.25      0.00      0.25      0.00      0.00      0.00     62.47
12:19:58 AM     all     24.94      0.00      1.00      0.00      0.00      0.50      0.25      0.00      0.00     73.32
12:19:59 AM     all     25.13      0.00      0.25      0.00      0.00      0.50      0.00      0.00      0.00     74.12
12:20:00 AM     all     25.81      0.00      1.25      0.00      0.00      0.25      0.25      0.00      0.00     72.43
12:20:01 AM     all     25.06      0.00      0.75      0.00      0.00      0.50      0.00      0.00      0.00     73.68
12:20:02 AM     all     20.55      0.00      0.75      0.00      0.00      0.25      0.25      0.00      0.00     78.20
12:20:03 AM     all     22.75      0.00      0.75      0.00      0.00      0.75      0.25      0.00      0.00     75.50
12:20:04 AM     all     25.19      0.00      0.25      0.00      0.00      0.25      0.00      0.00      0.00     74.31
12:20:05 AM     all     24.88      0.00      0.75      0.00      0.00      0.50      0.25      0.00      0.00     73.63
12:20:06 AM     all     25.13      0.00      0.25      0.00      0.00      0.50      0.00      0.00      0.00     74.12
12:20:07 AM     all     25.06      0.00      0.50      0.00      0.00      0.50      0.00      0.00      0.00     73.93
12:20:08 AM     all     25.25      0.00      0.25      0.00      0.00      0.25      0.25      0.00      0.00     74.00
12:20:09 AM     all     23.56      0.00      1.00      0.00      0.00      0.50      0.25      0.00      0.00     74.69
12:20:10 AM     all     25.06      0.00      0.50      0.00      0.00      0.25      0.00      0.00      0.00     74.19
12:20:11 AM     all     24.87      0.00      0.50      0.00      0.00      0.50      0.00      0.00      0.00     74.12
12:20:12 AM     all     24.94      0.00      0.50      0.25      0.00      0.50      0.25      0.00      0.00     73.57
12:20:13 AM     all     25.06      0.00      0.50      0.00      0.00      0.50      0.00      0.00      0.00     73.93
12:20:14 AM     all     25.06      0.00      0.25      0.00      0.00      0.25      0.25      0.00      0.00     74.19
12:20:15 AM     all     25.13      0.00      0.25      0.00      0.00      0.50      0.00      0.00      0.00     74.12
12:20:16 AM     all     23.81      0.00      0.75      0.00      0.00      0.50      0.25      0.00      0.00     74.69
12:20:17 AM     all     25.06      0.00      0.50      0.00      0.00      0.50      0.00      0.00      0.00     73.93
12:20:18 AM     all     25.06      0.00      0.25      0.00      0.00      0.25      0.25      0.00      0.00     74.19
12:20:19 AM     all     25.00      0.00      0.00      0.00      0.00      0.51      0.00      0.00      0.00     74.49
12:20:20 AM     all     25.06      0.00      0.99      0.00      0.00      0.50      0.25      0.00      0.00     73.20
12:20:21 AM     all     25.25      0.00      0.00      0.00      0.00      0.25      0.00      0.00      0.00     74.49
12:20:22 AM     all     25.00      0.00      0.25      0.25      0.00      0.50      0.00      0.00      0.00     74.00
12:20:23 AM     all     17.50      0.00      1.25      0.00      0.00      0.50      0.25      0.00      0.00     80.50
12:20:24 AM     all     24.87      0.00      0.50      0.00      0.00      0.25      0.25      0.00      0.00     74.12
12:20:25 AM     all     25.13      0.00      0.25      0.00      0.00      0.50      0.00      0.00      0.00     74.12
12:20:26 AM     all     25.13      0.00      0.00      0.00      0.00      0.50      0.25      0.00      0.00     74.12
12:20:27 AM     all     25.13      0.00      0.50      0.00      0.00      0.25      0.00      0.00      0.00     74.12
12:20:28 AM     all     24.94      0.00      0.25      0.00      0.00      0.25      0.00      0.00      0.00     74.56
12:20:29 AM     all     24.94      0.00      0.75      0.00      0.00      0.50      0.25      0.00      0.00     73.57
12:20:30 AM     all     24.12      0.00      0.50      0.00      0.00      0.50      0.00      0.00      0.00     74.87
12:20:31 AM     all     25.25      0.00      0.25      0.00      0.00      0.50      0.25      0.00      0.00     73.75
12:20:32 AM     all     25.13      0.00      0.25      0.25      0.00      0.25      0.00      0.00      0.00     74.12
12:20:33 AM     all     25.25      0.00      0.25      0.00      0.00      0.50      0.25      0.00      0.00     73.75
12:20:34 AM     all     25.06      0.00      0.50      0.00      0.00      0.50      0.00      0.00      0.00     73.93
12:20:35 AM     all     24.94      0.00      0.00      0.00      0.00      0.25      0.25      0.00      0.00     74.56
12:20:36 AM     all     29.35      0.00      6.22      0.00      0.00      0.50      0.25      0.00      0.00     63.68
12:20:37 AM     all     98.75      0.00      0.50      0.00      0.00      0.75      0.00      0.00      0.00      0.00
12:20:38 AM     all     90.00      0.00      0.50      0.00      0.00      0.50      0.25      0.00      0.00      8.75
12:20:39 AM     all     29.00      0.00      0.75      0.00      0.00      0.50      0.00      0.00      0.00     69.75
12:20:40 AM     all     92.75      0.00      0.50      0.00      0.00      0.50      0.25      0.00      0.00      6.00
12:20:41 AM     all     94.00      0.00      0.50      0.00      0.00      0.50      0.00      0.00      0.00      5.00
12:20:42 AM     all     39.35      0.00      0.25      0.00      0.00      0.50      0.25      0.00      0.00     59.65
12:20:43 AM     all     92.73      0.00      0.25      0.00      0.00      0.50      0.00      0.00      0.00      6.52
12:20:44 AM     all     79.90      0.00      1.01      0.00      0.00      0.50      0.25      0.00      0.00     18.34
12:20:45 AM     all     69.00      0.00      0.75      0.00      0.00      0.75      0.25      0.00      0.00     29.25
12:20:46 AM     all     99.00      0.00      0.25      0.00      0.00      0.50      0.25      0.00      0.00      0.00
12:20:47 AM     all     65.66      0.00      0.25      0.25      0.00      0.50      0.25      0.00      0.00     33.08
12:20:48 AM     all     80.50      0.00      0.75      0.00      0.00      0.50      0.00      0.00      0.00     18.25
12:20:49 AM     all     94.74      0.00      0.50      0.00      0.00      0.50      0.25      0.00      0.00      4.01
12:20:50 AM     all     63.50      0.00      0.00      0.00      0.00      0.50      0.25      0.00      0.00     35.75
12:20:51 AM     all     90.75      0.00      1.50      0.00      0.00      0.75      0.00      0.00      0.00      7.00
12:20:52 AM     all     82.21      0.00      0.25      0.00      0.00      0.50      0.25      0.00      0.00     16.79
12:20:53 AM     all     78.14      0.00      0.25      0.00      0.00      0.50      0.25      0.00      0.00     20.85
12:20:54 AM     all     92.48      0.00      0.50      0.00      0.00      0.50      0.00      0.00      0.00      6.52
12:20:55 AM     all     75.00      0.00      0.50      0.00      0.00      0.50      0.25      0.00      0.00     23.75
12:20:56 AM     all     96.52      0.00      0.50      0.00      0.00      0.75      0.25      0.00      0.00      1.99
12:20:57 AM     all     77.19      0.00      0.50      0.00      0.00      0.50      0.00      0.00      0.00     21.80
12:20:58 AM     all     74.12      0.00      1.01      0.00      0.00      0.50      0.25      0.00      0.00     24.12
12:20:59 AM     all     94.50      0.00      0.75      0.00      0.00      0.50      0.25      0.00      0.00      4.00
12:21:00 AM     all     73.12      0.00      1.26      0.00      0.00      0.50      0.25      0.00      0.00     24.87
12:21:01 AM     all     72.93      0.00      0.75      0.00      0.00      0.50      0.00      0.00      0.00     25.81
12:21:02 AM     all     93.28      0.00      0.75      0.00      0.00      0.50      0.25      0.00      0.00      5.22
12:21:03 AM     all     97.50      0.00      0.75      0.00      0.00      0.75      0.00      0.00      0.00      1.00
12:21:04 AM     all     72.57      0.00      0.75      0.00      0.00      0.25      0.25      0.00      0.00     26.18
12:21:05 AM     all     79.15      0.00      0.50      0.00      0.00      0.75      0.25      0.00      0.00     19.35
12:21:06 AM     all     81.30      0.00      1.00      0.00      0.00      0.50      0.25      0.00      0.00     16.96
12:21:07 AM     all     25.19      0.00      0.50      0.25      0.00      0.25      0.00      0.00      0.00     73.80
12:21:08 AM     all     24.81      0.00      0.25      0.00      0.00      0.50      0.25      0.00      0.00     74.19
12:21:09 AM     all     25.13      0.00      0.25      0.00      0.00      0.50      0.00      0.00      0.00     74.12
12:21:10 AM     all     24.94      0.00      0.25      0.00      0.00      0.25      0.00      0.00      0.00     74.56
12:21:11 AM     all     25.00      0.00      0.25      0.00      0.00      0.50      0.25      0.00      0.00     74.00
12:21:12 AM     all     23.68      0.00      1.01      0.00      0.00      0.50      0.00      0.00      0.00     74.81
12:21:13 AM     all     25.69      0.00      0.75      0.00      0.00      0.50      0.25      0.00      0.00     72.82
12:21:14 AM     all     25.19      0.00      0.25      0.00      0.00      0.25      0.00      0.00      0.00     74.31
12:21:15 AM     all     24.81      0.00      0.50      0.00      0.00      0.50      0.25      0.00      0.00     73.93
12:21:16 AM     all     25.19      0.00      0.00      0.00      0.00      0.25      0.00      0.00      0.00     74.56
12:21:17 AM     all     25.00      0.00      0.50      0.00      0.00      0.50      0.25      0.00      0.00     73.75
12:21:18 AM     all     25.06      0.00      0.25      0.00      0.00      0.50      0.00      0.00      0.00     74.19
12:21:19 AM     all     24.37      0.00      0.50      0.00      0.00      0.50      0.25      0.00      0.00     74.37
12:21:20 AM     all     25.13      0.00      0.50      0.00      0.00      0.25      0.00      0.00      0.00     74.12
12:21:21 AM     all     25.25      0.00      0.25      0.00      0.00      0.50      0.25      0.00      0.00     73.75
12:21:22 AM     all     25.13      0.00      0.00      0.25      0.00      0.50      0.00      0.00      0.00     74.12
12:21:23 AM     all     24.87      0.00      0.75      1.26      0.00      0.25      0.00      0.00      0.00     72.86
12:21:24 AM     all     25.00      0.00      0.25      0.00      0.00      0.50      0.25      0.00      0.00     74.00
12:21:25 AM     all     24.81      0.00      0.50      0.00      0.00      0.50      0.25      0.00      0.00     73.93
12:21:26 AM     all     19.70      0.00      1.00      0.00      0.00      0.50      0.25      0.00      0.00     78.55
12:21:27 AM     all     25.06      0.00      0.25      0.00      0.00      0.25      0.00      0.00      0.00     74.43
12:21:28 AM     all     25.12      0.00      0.50      0.00      0.00      0.50      0.25      0.00      0.00     73.63
12:21:29 AM     all     25.13      0.00      0.25      0.00      0.00      0.50      0.00      0.00      0.00     74.12
12:21:30 AM     all     25.19      0.00      0.25      0.00      0.00      0.25      0.00      0.00      0.00     74.31
12:21:31 AM     all     24.94      0.00      0.50      0.00      0.00      0.50      0.25      0.00      0.00     73.82
12:21:32 AM     all     22.94      0.00      1.00      0.25      0.00      0.50      0.25      0.00      0.00     75.06
12:21:33 AM     all     25.31      0.00      0.50      0.00      0.00      0.25      0.00      0.00      0.00     73.93
12:21:34 AM     all     24.81      0.00      0.25      0.00      0.00      0.50      0.25      0.00      0.00     74.19
12:21:35 AM     all     24.75      0.00      1.00      0.00      0.00      0.50      0.00      0.00      0.00     73.75
12:21:36 AM     all     25.06      0.00      0.50      0.00      0.00      0.25      0.00      0.00      0.00     74.19
12:21:37 AM     all     25.06      0.00      0.50      0.00      0.00      0.50      0.25      0.00      0.00     73.68
12:21:38 AM     all     24.94      0.00      0.25      0.00      0.00      0.50      0.00      0.00      0.00     74.31
12:21:39 AM     all     17.25      0.00      0.75      0.00      0.00      0.50      0.25      0.00      0.00     81.25
12:21:40 AM     all     25.06      0.00      0.50      0.00      0.00      0.25      0.00      0.00      0.00     74.19
12:21:41 AM     all     25.00      0.00      0.50      0.00      0.00      0.50      0.25      0.00      0.00     73.75
12:21:42 AM     all     25.06      0.00      0.75      0.00      0.00      0.25      0.00      0.00      0.00     73.93
12:21:43 AM     all     25.06      0.00      0.25      0.00      0.00      0.50      0.25      0.00      0.00     73.93
12:21:44 AM     all     25.06      0.00      0.50      0.00      0.00      0.50      0.00      0.00      0.00     73.93
12:21:45 AM     all     25.06      0.00      0.25      0.00      0.00      0.25      0.25      0.00      0.00     74.19
12:21:46 AM     all     41.29      0.00      6.72      0.00      0.00      0.50      0.25      0.00      0.00     51.24
12:21:47 AM     all     98.75      0.00      0.50      0.00      0.00      0.75      0.00      0.00      0.00      0.00
12:21:48 AM     all     74.06      0.00      0.75      0.00      0.00      0.50      0.25      0.00      0.00     24.44
12:21:49 AM     all     44.33      0.00      0.25      0.00      0.00      0.50      0.00      0.00      0.00     54.91
12:21:50 AM     all     98.75      0.00      0.75      0.00      0.00      0.50      0.00      0.00      0.00      0.00
12:21:51 AM     all     74.75      0.00      0.25      0.00      0.00      0.50      0.25      0.00      0.00     24.25
12:21:52 AM     all     59.80      0.00      0.25      0.00      0.00      0.50      0.25      0.00      0.00     39.20
12:21:53 AM     all     99.00      0.00      0.50      0.00      0.00      0.50      0.00      0.00      0.00      0.00
12:21:54 AM     all     57.64      0.00      1.25      0.00      0.00      0.50      0.25      0.00      0.00     40.35
12:21:55 AM     all     83.75      0.00      0.50      0.00      0.00      0.75      0.25      0.00      0.00     14.75
12:21:56 AM     all     95.24      0.00      0.25      0.00      0.00      0.50      0.00      0.00      0.00      4.01
12:21:57 AM     all     51.88      0.00      0.50      0.00      0.00      0.50      0.25      0.00      0.00     46.87
12:21:58 AM     all     90.45      0.00      0.50      0.00      0.00      0.50      0.00      0.00      0.00      8.54
12:21:59 AM     all     87.81      0.00      0.50      0.00      0.00      0.50      0.25      0.00      0.00     10.95
12:22:00 AM     all     57.75      0.00      1.25      0.00      0.00      0.50      0.25      0.00      0.00     40.25
12:22:01 AM     all     98.00      0.00      1.25      0.00      0.00      0.75      0.00      0.00      0.00      0.00
12:22:02 AM     all     71.25      0.00      0.50      0.25      0.00      0.50      0.25      0.00      0.00     27.25
12:22:03 AM     all     77.69      0.00      0.25      0.00      0.00      0.50      0.25      0.00      0.00     21.30
12:22:04 AM     all     92.98      0.00      0.50      0.00      0.00      0.50      0.00      0.00      0.00      6.02
12:22:05 AM     all     65.59      0.00      1.24      0.00      0.00      0.50      0.25      0.00      0.00     32.43
12:22:06 AM     all     99.25      0.00      0.25      0.00      0.00      0.50      0.00      0.00      0.00      0.00
12:22:07 AM     all     71.57      0.00      0.75      0.00      0.00      0.50      0.25      0.00      0.00     26.93
12:22:08 AM     all     80.50      0.00      0.50      0.00      0.00      0.50      0.25      0.00      0.00     18.25
12:22:09 AM     all     94.24      0.00      0.75      0.00      0.00      0.75      0.00      0.00      0.00      4.26
12:22:10 AM     all     67.25      0.00      0.75      0.00      0.00      0.50      0.25      0.00      0.00     31.25
12:22:11 AM     all     79.55      0.00      0.75      0.00      0.00      0.50      0.25      0.00      0.00     18.95
12:22:12 AM     all     84.17      0.00      0.50      0.00      0.00      0.50      0.25      0.00      0.00     14.57
12:22:13 AM     all     97.50      0.00      0.50      0.00      0.00      0.50      0.00      0.00      0.00      1.50
12:22:14 AM     all     78.95      0.00      0.75      0.00      0.00      0.50      0.25      0.00      0.00     19.55
12:22:15 AM     all     78.95      0.00      0.50      0.00      0.00      0.50      0.00      0.00      0.00     20.05
12:22:16 AM     all     82.25      0.00      1.00      0.00      0.00      0.75      0.25      0.00      0.00     15.75
12:22:17 AM     all     25.31      0.00      0.75      0.00      0.00      0.25      0.25      0.00      0.00     73.43
12:22:18 AM     all     24.94      0.00      0.75      0.25      0.00      0.50      0.00      0.00      0.00     73.57
12:22:19 AM     all     24.94      0.00      0.75      0.00      0.00      0.50      0.25      0.00      0.00     73.57
12:22:20 AM     all     25.00      0.00      0.25      0.00      0.00      0.25      0.00      0.00      0.00     74.49
12:22:21 AM     all     25.00      0.00      0.50      0.00      0.00      0.50      0.00      0.00      0.00     74.00
12:22:22 AM     all     23.50      0.00      1.25      0.00      0.00      0.50      0.25      0.00      0.00     74.50
12:22:23 AM     all     25.19      0.00      0.25      0.00      0.00      0.25      0.00      0.00      0.00     74.31
12:22:24 AM     all     24.81      0.00      0.50      0.00      0.00      0.50      0.25      0.00      0.00     73.93
12:22:25 AM     all     25.06      0.00      0.25      0.00      0.00      0.50      0.00      0.00      0.00     74.19
12:22:26 AM     all     25.06      0.00      0.25      0.00      0.00      0.50      0.25      0.00      0.00     73.93
12:22:27 AM     all     25.06      0.00      0.75      0.00      0.00      0.25      0.00      0.00      0.00     73.93
12:22:28 AM     all     24.81      0.00      0.25      0.00      0.00      0.50      0.25      0.00      0.00     74.19
12:22:29 AM     all     24.50      0.00      1.00      0.00      0.00      0.50      0.00      0.00      0.00     74.00
12:22:30 AM     all     25.13      0.00      0.25      0.00      0.00      0.25      0.25      0.00      0.00     74.12
12:22:31 AM     all     25.00      0.00      0.50      0.00      0.00      0.50      0.00      0.00      0.00     74.00
12:22:32 AM     all     24.87      0.00      0.25      0.25      0.00      0.50      0.25      0.00      0.00     73.87
12:22:33 AM     all     25.31      0.00      0.25      0.00      0.00      0.25      0.00      0.00      0.00     74.19
12:22:34 AM     all     25.06      0.00      0.50      0.00      0.00      0.50      0.00      0.00      0.00     73.93
12:22:35 AM     all     25.06      0.00      0.25      0.00      0.00      0.25      0.25      0.00      0.00     74.19
12:22:36 AM     all     18.14      0.00      1.01      0.00      0.00      0.50      0.00      0.00      0.00     80.35
12:22:37 AM     all     25.06      0.00      0.25      0.00      0.00      0.50      0.25      0.00      0.00     73.93
12:22:38 AM     all     25.25      0.00      0.50      0.00      0.00      0.50      0.00      0.00      0.00     73.75
12:22:39 AM     all     25.06      0.00      0.25      0.00      0.00      0.25      0.25      0.00      0.00     74.19
12:22:40 AM     all     25.13      0.00      0.25      0.00      0.00      0.50      0.00      0.00      0.00     74.12
12:22:41 AM     all     25.06      0.00      0.25      0.00      0.00      0.25      0.25      0.00      0.00     74.19
12:22:42 AM     all     24.94      0.00      0.75      0.25      0.00      0.50      0.00      0.00      0.00     73.57
12:22:43 AM     all     21.11      0.00      1.01      0.00      0.00      0.25      0.25      0.00      0.00     77.39
12:22:44 AM     all     24.81      0.00      1.00      0.00      0.00      0.50      0.00      0.00      0.00     73.68
12:22:45 AM     all     25.00      0.00      0.25      0.00      0.00      0.50      0.25      0.00      0.00     74.00
12:22:46 AM     all     25.38      0.00      0.25      0.00      0.00      0.25      0.00      0.00      0.00     74.12
12:22:47 AM     all     25.13      0.00      0.25      0.00      0.00      0.50      0.00      0.00      0.00     74.12
12:22:48 AM     all     24.87      0.00      0.25      0.00      0.00      0.50      0.25      0.00      0.00     74.12
12:22:49 AM     all     23.50      0.00      1.00      0.00      0.00      0.25      0.25      0.00      0.00     75.00
12:22:50 AM     all     22.00      0.00      0.75      0.25      0.00      0.75      0.00      0.00      0.00     76.25
12:22:51 AM     all     25.00      0.00      0.50      0.00      0.00      0.25      0.25      0.00      0.00     74.00
12:22:52 AM     all     25.19      0.00      0.25      0.00      0.00      0.50      0.00      0.00      0.00     74.06
12:22:53 AM     all     25.00      0.00      0.50      0.25      0.00      0.25      0.00      0.00      0.00     74.00
12:22:54 AM     all     25.00      0.00      0.50      0.00      0.00      0.50      0.25      0.00      0.00     73.75
12:22:55 AM     all     25.00      0.00      0.50      0.00      0.00      0.50      0.00      0.00      0.00     74.00
12:22:56 AM     all     23.87      0.00      5.53      0.00      0.00      0.50      0.25      0.00      0.00     69.85
12:22:57 AM     all     99.00      0.00      0.25      0.00      0.00      0.50      0.25      0.00      0.00      0.00
12:22:58 AM     all     95.72      0.00      0.25      0.00      0.00      0.50      0.00      0.00      0.00      3.53
12:22:59 AM     all     27.50      0.00      0.75      0.00      0.00      0.50      0.00      0.00      0.00     71.25
12:23:00 AM     all     87.97      0.00      0.75      0.00      0.00      0.50      0.25      0.00      0.00     10.53
12:23:01 AM     all     99.25      0.00      0.25      0.00      0.00      0.50      0.00      0.00      0.00      0.00
12:23:02 AM     all     35.09      0.00      0.50      0.00      0.00      0.50      0.25      0.00      0.00     63.66
12:23:03 AM     all     86.78      0.00      1.00      0.00      0.00      0.50      0.00      0.00      0.00     11.72
12:23:04 AM     all     90.50      0.00      0.25      0.00      0.00      0.75      0.25      0.00      0.00      8.25
12:23:05 AM     all     57.00      0.00      0.75      0.00      0.00      0.25      0.25      0.00      0.00     41.75
12:23:06 AM     all     96.25      0.00      0.50      0.00      0.00      0.75      0.00      0.00      0.00      2.50
12:23:07 AM     all     76.25      0.00      0.50      0.00      0.00      0.25      0.25      0.00      0.00     22.75
12:23:08 AM     all     60.40      0.00      0.50      0.00      0.00      0.75      0.25      0.00      0.00     38.10
12:23:09 AM     all     99.25      0.00      0.25      0.00      0.00      0.50      0.00      0.00      0.00      0.00
12:23:10 AM     all     72.32      0.00      0.75      0.00      0.00      0.50      0.25      0.00      0.00     26.18
12:23:11 AM     all     60.40      0.00      1.00      0.00      0.00      0.50      0.25      0.00      0.00     37.84
12:23:12 AM     all     98.75      0.00      0.75      0.00      0.00      0.50      0.00      0.00      0.00      0.00
12:23:13 AM     all     63.66      0.00      0.25      0.00      0.00      0.50      0.25      0.00      0.00     35.34
12:23:14 AM     all     66.67      0.00      0.25      0.00      0.00      0.75      0.25      0.00      0.00     32.09
12:23:15 AM     all     98.74      0.00      0.25      0.00      0.00      0.50      0.00      0.00      0.00      0.50
12:23:16 AM     all     50.38      0.00      0.25      0.00      0.00      0.50      0.25      0.00      0.00     48.62
12:23:17 AM     all     87.97      0.00      0.75      0.00      0.00      0.50      0.25      0.00      0.00     10.53
12:23:18 AM     all     93.00      0.00      1.75      0.00      0.00      0.50      0.00      0.00      0.00      4.75
12:23:19 AM     all     39.20      0.00      0.25      0.00      0.00      0.50      0.25      0.00      0.00     59.80
12:23:20 AM     all     88.75      0.00      0.25      0.00      0.00      0.50      0.00      0.00      0.00     10.50
12:23:21 AM     all     98.75      0.00      0.50      0.00      0.00      0.50      0.25      0.00      0.00      0.00
12:23:22 AM     all     39.35      0.00      0.50      0.25      0.00      0.50      0.00      0.00      0.00     59.40
12:23:23 AM     all     77.50      0.00      0.50      0.00      0.00      0.50      0.25      0.00      0.00     21.25
12:23:24 AM     all     75.31      0.00      0.75      0.00      0.00      0.50      0.25      0.00      0.00     23.19
12:23:25 AM     all     89.22      0.00      1.25      0.00      0.00      0.75      0.25      0.00      0.00      8.52
12:23:26 AM     all     85.68      0.00      1.01      0.00      0.00      0.50      0.00      0.00      0.00     12.81
12:23:27 AM     all     25.13      0.00      0.25      0.00      0.00      0.25      0.25      0.00      0.00     74.12
12:23:28 AM     all     25.00      0.00      1.25      0.00      0.00      0.50      0.00      0.00      0.00     73.25
12:23:29 AM     all     25.12      0.00      0.50      0.00      0.00      0.50      0.25      0.00      0.00     73.63
12:23:30 AM     all     24.94      0.00      0.25      0.00      0.00      0.50      0.00      0.00      0.00     74.31
12:23:31 AM     all     25.25      0.00      0.25      0.00      0.00      0.25      0.25      0.00      0.00     74.00
12:23:32 AM     all     24.44      0.00      1.25      0.00      0.00      0.50      0.25      0.00      0.00     73.57
12:23:33 AM     all     25.06      0.00      0.25      0.00      0.00      0.50      0.00      0.00      0.00     74.19
12:23:34 AM     all     24.87      0.00      0.75      0.00      0.00      0.25      0.00      0.00      0.00     74.12
12:23:35 AM     all     24.75      0.00      0.50      0.00      0.00      0.50      0.25      0.00      0.00     74.00
12:23:36 AM     all     25.00      0.00      0.00      0.00      0.00      0.25      0.00      0.00      0.00     74.75
12:23:37 AM     all     24.81      0.00      0.50      0.25      0.00      0.50      0.00      0.00      0.00     73.93
12:23:38 AM     all     24.75      0.00      0.50      0.00      0.00      0.50      0.25      0.00      0.00     74.00
12:23:39 AM     all     24.18      0.00      0.50      0.00      0.00      0.25      0.00      0.00      0.00     75.06
12:23:40 AM     all     24.75      0.00      0.50      0.00      0.00      0.50      0.25      0.00      0.00     74.00
12:23:41 AM     all     24.87      0.00      0.50      0.00      0.00      0.50      0.00      0.00      0.00     74.12
12:23:42 AM     all     24.81      0.00      0.50      0.00      0.00      0.50      0.00      0.00      0.00     74.19
12:23:43 AM     all     25.06      0.00      0.50      0.00      0.00      0.25      0.25      0.00      0.00     73.93
12:23:44 AM     all     24.81      0.00      0.50      0.00      0.00      0.50      0.00      0.00      0.00     74.19
12:23:45 AM     all     24.94      0.00      0.25      0.00      0.00      0.25      0.00      0.00      0.00     74.56
12:23:46 AM     all     24.37      0.00      0.50      0.00      0.00      0.50      0.25      0.00      0.00     74.37
12:23:47 AM     all     24.81      0.00      0.50      0.00      0.00      0.50      0.00      0.00      0.00     74.19
12:23:48 AM     all     25.44      0.00      1.00      0.00      0.00      0.50      0.25      0.00      0.00     72.82
12:23:49 AM     all     25.19      0.00      0.00      0.00      0.00      0.25      0.00      0.00      0.00     74.56
12:23:50 AM     all     24.94      0.00      0.75      0.00      0.00      0.50      0.25      0.00      0.00     73.57
12:23:51 AM     all     25.13      0.00      0.25      0.00      0.00      0.25      0.00      0.00      0.00     74.37
12:23:52 AM     all     23.44      0.00      1.00      0.25      0.00      0.75      0.25      0.00      0.00     74.31
12:23:53 AM     all     25.13      0.00      0.50      0.00      0.00      0.25      0.00      0.00      0.00     74.12
12:23:54 AM     all     25.00      0.00      0.50      0.00      0.00      0.25      0.25      0.00      0.00     74.00
12:23:55 AM     all     25.06      0.00      0.50      0.00      0.00      0.50      0.00      0.00      0.00     73.93
12:23:56 AM     all     25.06      0.00      0.50      0.00      0.00      0.25      0.25      0.00      0.00     73.93
12:23:57 AM     all     25.06      0.00      0.50      0.00      0.00      0.50      0.00      0.00      0.00     73.93
12:23:58 AM     all     25.13      0.00      0.00      0.00      0.00      0.25      0.25      0.00      0.00     74.37
12:23:59 AM     all     24.06      0.00      1.00      0.00      0.00      0.50      0.00      0.00      0.00     74.44
12:24:00 AM     all     29.07      0.00      3.26      0.00      0.00      0.50      0.25      0.00      0.00     66.92
12:24:01 AM     all     28.72      0.00      1.51      0.00      0.00      0.76      0.25      0.00      0.00     68.77
12:24:02 AM     all     28.50      0.00      2.25      0.00      0.00      0.50      0.00      0.00      0.00     68.75
12:24:03 AM     all     28.21      0.00      2.27      0.00      0.00      0.50      0.25      0.00      0.00     68.77
12:24:04 AM     all     28.39      0.00      1.76      0.00      0.00      0.50      0.25      0.00      0.00     69.10
12:24:05 AM     all     28.25      0.00      2.50      0.00      0.00      0.50      0.00      0.00      0.00     68.75
12:24:06 AM     all     34.09      0.00      7.52      0.00      0.00      0.75      0.25      0.00      0.00     57.39
12:24:07 AM     all     96.51      0.00      2.49      0.00      0.00      0.75      0.25      0.00      0.00      0.00
12:24:08 AM     all     89.14      0.00      2.53      0.00      0.00      0.51      0.00      0.00      0.00      7.83
12:24:09 AM     all     33.25      0.00      3.23      0.00      0.00      0.74      0.25      0.00      0.00     62.53
12:24:10 AM     all     92.75      0.00      1.50      0.00      0.00      0.50      0.25      0.00      0.00      5.00
12:24:11 AM     all     95.25      0.00      0.25      0.00      0.00      0.50      0.00      0.00      0.00      4.00
12:24:12 AM     all     41.75      0.00      0.75      0.00      0.00      0.50      0.25      0.00      0.00     56.75
12:24:13 AM     all     88.00      0.00      0.25      0.25      0.00      0.50      0.00      0.00      0.00     11.00
12:24:14 AM     all     87.03      0.00      1.00      0.00      0.00      0.50      0.25      0.00      0.00     11.22
12:24:15 AM     all     40.81      0.00      0.50      0.00      0.00      0.50      0.25      0.00      0.00     57.93
12:24:16 AM     all     97.50      0.00      0.25      0.00      0.00      0.75      0.00      0.00      0.00      1.50
12:24:17 AM     all     82.71      0.00      0.50      0.00      0.00      0.50      0.00      0.00      0.00     16.29
12:24:18 AM     all     43.72      0.00      0.50      0.00      0.00      0.25      0.25      0.00      0.00     55.28
12:24:19 AM     all     99.25      0.00      0.25      0.00      0.00      0.50      0.00      0.00      0.00      0.00
12:24:20 AM     all     74.81      0.00      0.50      0.00      0.00      0.50      0.25      0.00      0.00     23.94
12:24:21 AM     all     59.85      0.00      0.75      0.00      0.00      0.75      0.25      0.00      0.00     38.40
12:24:22 AM     all     98.99      0.00      0.50      0.00      0.00      0.50      0.00      0.00      0.00      0.00
12:24:23 AM     all     57.71      0.00      0.50      0.00      0.00      0.50      0.25      0.00      0.00     41.04
12:24:24 AM     all     73.30      0.00      0.25      0.00      0.00      0.50      0.00      0.00      0.00     25.94
12:24:25 AM     all     91.98      0.00      0.75      0.00      0.00      0.50      0.25      0.00      0.00      6.52
12:24:26 AM     all     60.00      0.00      0.25      0.00      0.00      0.50      0.25      0.00      0.00     39.00
12:24:27 AM     all     91.75      0.00      0.50      0.00      0.00      0.50      0.00      0.00      0.00      7.25
12:24:28 AM     all     84.75      0.00      0.75      0.00      0.00      0.50      0.25      0.00      0.00     13.75
12:24:29 AM     all     50.63      0.00      0.25      0.00      0.00      0.50      0.25      0.00      0.00     48.37
12:24:30 AM     all     97.24      0.00      0.50      0.00      0.00      0.75      0.00      0.00      0.00      1.51
12:24:31 AM     all     79.85      0.00      0.50      0.00      0.00      0.50      0.25      0.00      0.00     18.91
12:24:32 AM     all     63.22      0.00      0.25      0.00      0.00      0.50      0.25      0.00      0.00     35.77
12:24:33 AM     all     85.21      0.00      0.50      0.00      0.00      0.50      0.25      0.00      0.00     13.53
12:24:34 AM     all     89.72      0.00      0.50      0.00      0.00      0.50      0.00      0.00      0.00      9.27
12:24:35 AM     all     90.27      0.00      0.75      0.00      0.00      0.75      0.25      0.00      0.00      7.98
12:24:36 AM     all     69.85      0.00      0.50      0.00      0.00      0.25      0.25      0.00      0.00     29.15
12:24:37 AM     all      3.51      0.00      1.00      0.00      0.00      0.25      0.00      0.00      0.00     95.24
12:24:38 AM     all      0.25      0.00      0.50      0.50      0.00      0.00      0.00      0.00      0.00     98.75
12:24:39 AM     all      0.25      0.00      0.25      0.00      0.00      0.25      0.00      0.00      0.00     99.25
12:24:40 AM     all     19.25      0.00      1.00      0.00      0.00      0.50      0.25      0.00      0.00     79.00
12:24:41 AM     all     24.81      0.00      0.75      0.00      0.00      0.25      0.00      0.00      0.00     74.19
12:24:42 AM     all     24.94      0.00      0.75      0.00      0.00      0.50      0.25      0.00      0.00     73.57
12:24:43 AM     all     25.19      0.00      0.25      0.00      0.00      0.25      0.00      0.00      0.00     74.31
12:24:44 AM     all     25.00      0.00      0.25      0.00      0.00      0.50      0.25      0.00      0.00     74.00
12:24:45 AM     all     25.13      0.00      0.25      0.00      0.00      0.50      0.00      0.00      0.00     74.12
12:24:46 AM     all     23.62      0.00      0.75      0.00      0.00      0.25      0.25      0.00      0.00     75.13
12:24:47 AM     all     25.13      0.00      0.25      0.00      0.00      0.50      0.00      0.00      0.00     74.12
12:24:48 AM     all     25.00      0.00      0.50      0.25      0.00      0.25      0.25      0.00      0.00     73.75
12:24:49 AM     all     24.87      0.00      0.50      0.00      0.00      0.50      0.00      0.00      0.00     74.12
12:24:50 AM     all     25.00      0.00      0.50      0.00      0.00      0.50      0.00      0.00      0.00     74.00
12:24:51 AM     all     25.00      0.00      0.50      0.00      0.00      0.50      0.25      0.00      0.00     73.75
12:24:52 AM     all     25.25      0.00      0.00      0.00      0.00      0.25      0.00      0.00      0.00     74.49
12:24:53 AM     all     23.88      0.00      1.49      0.00      0.00      0.50      0.25      0.00      0.00     73.88
12:24:54 AM     all     25.19      0.00      0.00      0.00      0.00      0.25      0.00      0.00      0.00     74.56
12:24:55 AM     all     24.62      0.00      0.25      0.00      0.00      0.50      0.25      0.00      0.00     74.37
12:24:56 AM     all     25.44      0.00      0.25      0.00      0.00      0.50      0.00      0.00      0.00     73.82
12:24:57 AM     all     25.13      0.00      0.25      0.00      0.00      0.50      0.00      0.00      0.00     74.12
12:24:58 AM     all     25.00      0.00      0.75      0.00      0.00      0.25      0.25      0.00      0.00     73.75
12:24:59 AM     all     24.87      0.00      0.00      0.00      0.00      0.50      0.00      0.00      0.00     74.62
12:25:00 AM     all     23.87      0.00      1.51      0.00      0.00      0.50      0.25      0.00      0.00     73.87
12:25:01 AM     all     25.56      0.00      0.25      0.00      0.00      0.50      0.00      0.00      0.00     73.68
12:25:02 AM     all     25.13      0.00      0.25      0.00      0.00      0.25      0.25      0.00      0.00     74.12
12:25:03 AM     all     24.81      0.00      0.50      0.25      0.00      0.50      0.00      0.00      0.00     73.93
12:25:04 AM     all     25.31      0.00      0.25      0.00      0.00      0.25      0.25      0.00      0.00     73.93
12:25:05 AM     all     24.94      0.00      0.25      0.00      0.00      0.50      0.00      0.00      0.00     74.31
12:25:06 AM     all     24.19      0.00      1.00      0.00      0.00      0.50      0.25      0.00      0.00     74.06
12:25:07 AM     all     25.06      0.00      0.25      0.00      0.00      0.50      0.25      0.00      0.00     73.93
12:25:08 AM     all     25.06      0.00      0.75      0.00      0.00      0.25      0.00      0.00      0.00     73.93
12:25:09 AM     all     25.00      0.00      0.50      0.00      0.00      0.50      0.00      0.00      0.00     74.00
12:25:10 AM     all     24.94      0.00      0.50      0.00      0.00      0.50      0.25      0.00      0.00     73.82
12:25:11 AM     all     25.00      0.00      0.25      0.00      0.00      0.25      0.00      0.00      0.00     74.49
12:25:12 AM     all     24.81      0.00      0.50      0.00      0.00      0.50      0.00      0.00      0.00     74.19
12:25:13 AM     all     22.81      0.00      6.02      0.00      0.00      0.50      0.25      0.00      0.00     70.43
12:25:14 AM     all     98.50      0.00      0.75      0.00      0.00      0.50      0.25      0.00      0.00      0.00
12:25:15 AM     all     93.97      0.00      0.25      0.00      0.00      0.50      0.00      0.00      0.00      5.28
12:25:16 AM     all     30.42      0.00      1.00      0.00      0.00      0.50      0.25      0.00      0.00     67.83
12:25:17 AM     all     89.00      0.00      1.00      0.00      0.00      0.50      0.00      0.00      0.00      9.50
12:25:18 AM     all     92.48      0.00      0.75      0.00      0.00      0.50      0.25      0.00      0.00      6.02
12:25:19 AM     all     51.50      0.00      0.50      0.00      0.00      0.50      0.25      0.00      0.00     47.25
12:25:20 AM     all     95.99      0.00      0.50      0.00      0.00      0.50      0.00      0.00      0.00      3.01
12:25:21 AM     all     68.00      0.00      1.00      0.00      0.00      0.75      0.25      0.00      0.00     30.00
12:25:22 AM     all     89.28      0.00      0.50      0.00      0.00      0.50      0.25      0.00      0.00      9.48
12:25:23 AM     all     96.48      0.00      0.50      0.00      0.00      0.50      0.00      0.00      0.00      2.51
12:25:24 AM     all     58.10      0.00      0.75      0.00      0.00      0.50      0.25      0.00      0.00     40.40
12:25:25 AM     all     97.74      0.00      0.25      0.00      0.00      0.75      0.00      0.00      0.00      1.25
12:25:26 AM     all     79.16      0.00      0.99      0.00      0.00      0.50      0.25      0.00      0.00     19.11
12:25:27 AM     all     75.13      0.00      0.25      0.00      0.00      0.50      0.25      0.00      0.00     23.87
12:25:28 AM     all     94.74      0.00      1.25      0.00      0.00      0.50      0.00      0.00      0.00      3.51
12:25:29 AM     all     68.17      0.00      0.50      0.00      0.00      0.50      0.25      0.00      0.00     30.58
12:25:30 AM     all     89.80      0.00      0.75      0.00      0.00      0.75      0.25      0.00      0.00      8.46
12:25:31 AM     all     81.70      0.00      0.50      0.00      0.00      0.50      0.00      0.00      0.00     17.29
12:25:32 AM     all     82.04      0.00      0.50      0.00      0.00      0.50      0.25      0.00      0.00     16.71
12:25:33 AM     all     99.25      0.00      0.25      0.00      0.00      0.50      0.00      0.00      0.00      0.00
12:25:34 AM     all     72.32      0.00      0.25      0.00      0.00      0.50      0.25      0.00      0.00     26.68
12:25:35 AM     all     83.71      0.00      0.75      0.00      0.00      0.75      0.25      0.00      0.00     14.54
12:25:36 AM     all     96.23      0.00      0.25      0.00      0.00      0.50      0.00      0.00      0.00      3.02
12:25:37 AM     all     60.40      0.00      0.25      0.00      0.00      0.50      0.25      0.00      0.00     38.60
12:25:38 AM     all     86.25      0.00      0.50      0.00      0.00      0.50      0.25      0.00      0.00     12.50
12:25:39 AM     all     83.21      0.00      0.25      0.00      0.00      0.50      0.25      0.00      0.00     15.79
12:25:40 AM     all     98.75      0.00      0.50      0.00      0.00      0.75      0.00      0.00      0.00      0.00
12:25:41 AM     all     72.54      0.00      0.00      0.00      0.00      0.25      0.25      0.00      0.00     26.95
12:25:42 AM     all     80.05      0.00      0.75      0.00      0.00      0.75      0.00      0.00      0.00     18.45
12:25:43 AM     all     89.50      0.00      0.50      0.00      0.00      0.50      0.25      0.00      0.00      9.25
12:25:44 AM     all     24.94      0.00      0.50      0.00      0.00      0.50      0.00      0.00      0.00     74.06
12:25:45 AM     all     24.94      0.00      0.25      0.00      0.00      0.25      0.25      0.00      0.00     74.31
12:25:46 AM     all     24.87      0.00      0.25      0.00      0.00      0.50      0.00      0.00      0.00     74.37
12:25:47 AM     all     24.87      0.00      0.50      0.00      0.00      0.50      0.00      0.00      0.00     74.12
12:25:48 AM     all     25.12      0.00      0.50      0.25      0.00      0.25      0.25      0.00      0.00     73.63
12:25:49 AM     all     22.00      0.00      0.75      0.00      0.00      0.50      0.25      0.00      0.00     76.50
12:25:50 AM     all     25.13      0.00      0.25      0.00      0.00      0.50      0.00      0.00      0.00     74.12
12:25:51 AM     all     24.87      0.00      0.75      0.00      0.00      0.25      0.00      0.00      0.00     74.12
12:25:52 AM     all     25.00      0.00      0.99      0.00      0.00      0.50      0.25      0.00      0.00     73.27
12:25:53 AM     all     24.94      0.00      0.25      0.00      0.00      0.50      0.00      0.00      0.00     74.31
12:25:54 AM     all     25.06      0.00      0.50      0.00      0.00      0.25      0.25      0.00      0.00     73.93
12:25:55 AM     all     24.56      0.00      0.75      0.00      0.00      0.50      0.00      0.00      0.00     74.19
12:25:56 AM     all     23.56      0.00      1.00      0.00      0.00      0.50      0.25      0.00      0.00     74.69
12:25:57 AM     all     25.06      0.00      0.50      0.00      0.00      0.25      0.00      0.00      0.00     74.19
12:25:58 AM     all     24.94      0.00      0.50      0.25      0.00      0.50      0.25      0.00      0.00     73.57
12:25:59 AM     all     24.81      0.00      0.75      0.00      0.00      0.50      0.00      0.00      0.00     73.93
12:26:00 AM     all     26.63      0.00      1.01      0.00      0.00      0.25      0.25      0.00      0.00     71.86
12:26:01 AM     all     25.00      0.00      0.50      0.00      0.00      0.50      0.00      0.00      0.00     74.00
12:26:02 AM     all     24.44      0.00      1.00      0.00      0.00      0.50      0.25      0.00      0.00     73.82
12:26:03 AM     all     24.88      0.00      1.00      0.00      0.00      0.50      0.00      0.00      0.00     73.63
12:26:04 AM     all     25.06      0.00      0.50      0.00      0.00      0.25      0.25      0.00      0.00     73.93
12:26:05 AM     all     25.00      0.00      0.25      0.00      0.00      0.25      0.00      0.00      0.00     74.49
12:26:06 AM     all     25.00      0.00      0.25      0.00      0.00      0.50      0.25      0.00      0.00     74.00
12:26:07 AM     all     25.06      0.00      0.50      0.00      0.00      0.50      0.00      0.00      0.00     73.93
12:26:08 AM     all     25.19      0.00      0.00      0.00      0.00      0.25      0.25      0.00      0.00     74.31
12:26:09 AM     all     23.87      0.00      0.50      0.00      0.00      0.50      0.00      0.00      0.00     75.13
12:26:10 AM     all     25.19      0.00      0.50      0.00      0.00      0.50      0.25      0.00      0.00     73.57
12:26:11 AM     all     25.00      0.00      0.25      0.00      0.00      0.25      0.00      0.00      0.00     74.49
12:26:12 AM     all     24.75      0.00      0.50      0.00      0.00      0.50      0.25      0.00      0.00     74.00
12:26:13 AM     all     25.31      0.00      0.50      0.00      0.00      0.25      0.00      0.00      0.00     73.93
12:26:14 AM     all     24.94      0.00      0.25      0.00      0.00      0.50      0.00      0.00      0.00     74.31
12:26:15 AM     all     25.19      0.00      0.25      0.00      0.00      0.50      0.25      0.00      0.00     73.82
12:26:16 AM     all     24.12      0.00      0.50      0.00      0.00      0.50      0.25      0.00      0.00     74.62
12:26:17 AM     all     25.13      0.00      0.50      0.00      0.00      0.25      0.00      0.00      0.00     74.12
12:26:18 AM     all     24.75      0.00      0.50      0.25      0.00      0.50      0.25      0.00      0.00     73.75
12:26:19 AM     all     25.00      0.00      0.50      0.00      0.00      0.50      0.00      0.00      0.00     74.00
12:26:20 AM     all     25.25      0.00      0.00      0.00      0.00      0.25      0.00      0.00      0.00     74.49
12:26:21 AM     all     24.75      0.00      0.50      0.00      0.00      0.50      0.25      0.00      0.00     74.00
12:26:22 AM     all     19.35      0.00      2.51      0.00      0.00      0.25      0.00      0.00      0.00     77.89
12:26:23 AM     all     87.50      0.00      3.75      0.00      0.00      0.75      0.25      0.00      0.00      7.75
12:26:24 AM     all     96.75      0.00      0.50      0.00      0.00      0.50      0.25      0.00      0.00      2.00
12:26:25 AM     all     30.15      0.00      0.50      0.00      0.00      0.50      0.00      0.00      0.00     68.84
12:26:26 AM     all     84.21      0.00      0.50      0.00      0.00      0.50      0.25      0.00      0.00     14.54
12:26:27 AM     all     97.24      0.00      0.50      0.00      0.00      0.50      0.00      0.00      0.00      1.75
12:26:28 AM     all     35.68      0.00      0.50      0.00      0.00      0.50      0.25      0.00      0.00     63.07
12:26:29 AM     all     92.00      0.00      0.25      0.00      0.00      0.50      0.00      0.00      0.00      7.25
12:26:30 AM     all     87.50      0.00      0.50      0.00      0.00      0.50      0.25      0.00      0.00     11.25
Average:        all     48.34      0.00      0.79      0.06      0.00      0.48      0.14      0.00      0.00     50.19
