Linux 4.9.253-tegra (nano-desktop) 	08/17/2023 	_aarch64_	(4 CPU)

12:27:56 AM     CPU      %usr     %nice      %sys   %iowait    %steal      %irq     %soft    %guest    %gnice     %idle
12:27:57 AM     all     25.06      0.00      0.25      0.00      0.00      0.25      0.25      0.00      0.00     74.19
12:27:58 AM     all     24.87      0.00      0.50      0.00      0.00      0.50      0.00      0.00      0.00     74.12
12:27:59 AM     all     24.81      0.00      0.50      0.00      0.00      0.50      0.00      0.00      0.00     74.19
12:28:00 AM     all     26.18      0.00      1.00      0.00      0.00      0.50      0.25      0.00      0.00     72.07
12:28:01 AM     all     24.94      0.00      0.25      0.00      0.00      0.50      0.00      0.00      0.00     74.31
12:28:02 AM     all     25.00      0.00      0.25      0.25      0.00      0.50      0.00      0.00      0.00     74.00
12:28:03 AM     all     20.85      0.00      6.53      0.00      0.00      0.50      0.25      0.00      0.00     71.86
12:28:04 AM     all     24.94      0.00      0.25      0.00      0.00      0.50      0.00      0.00      0.00     74.31
12:28:05 AM     all     25.00      0.00      0.50      0.00      0.00      0.50      0.25      0.00      0.00     73.75
12:28:06 AM     all     24.87      0.00      0.50      0.00      0.00      0.50      0.00      0.00      0.00     74.12
12:28:07 AM     all     25.13      0.00      0.50      0.00      0.00      0.25      0.00      0.00      0.00     74.12
12:28:08 AM     all     25.06      0.00      0.25      0.00      0.00      0.50      0.25      0.00      0.00     73.93
12:28:09 AM     all     25.00      0.00      0.75      0.00      0.00      0.50      0.00      0.00      0.00     73.75
12:28:10 AM     all     22.31      0.00      6.27      0.00      0.00      0.50      0.25      0.00      0.00     70.68
12:28:11 AM     all     25.13      0.00      0.25      0.00      0.00      0.50      0.00      0.00      0.00     74.12
12:28:12 AM     all     24.75      0.00      0.50      0.25      0.00      0.25      0.25      0.00      0.00     74.00
12:28:13 AM     all     24.87      0.00      0.50      0.00      0.00      0.50      0.00      0.00      0.00     74.12
12:28:14 AM     all     25.06      0.00      0.50      0.00      0.00      0.25      0.00      0.00      0.00     74.19
12:28:15 AM     all     24.69      0.00      0.50      0.00      0.00      0.50      0.25      0.00      0.00     74.06
12:28:16 AM     all     23.06      0.00      5.26      0.00      0.00      0.50      0.00      0.00      0.00     71.18
12:28:17 AM     all     56.64      0.00      6.52      0.00      0.00      0.75      0.25      0.00      0.00     35.84
12:28:18 AM     all     98.75      0.00      0.50      0.00      0.00      0.50      0.25      0.00      0.00      0.00
12:28:19 AM     all     91.21      0.00      1.01      0.00      0.00      0.50      0.00      0.00      0.00      7.29
12:28:20 AM     all     98.75      0.00      0.50      0.00      0.00      0.50      0.25      0.00      0.00      0.00
12:28:21 AM     all     95.75      0.00      1.00      0.00      0.00      0.75      0.00      0.00      0.00      2.50
12:28:22 AM     all     98.50      0.00      1.00      0.00      0.00      0.50      0.00      0.00      0.00      0.00
12:28:23 AM     all     98.25      0.00      1.00      0.00      0.00      0.50      0.25      0.00      0.00      0.00
12:28:24 AM     all     99.00      0.00      0.50      0.00      0.00      0.50      0.00      0.00      0.00      0.00
12:28:25 AM     all     93.00      0.00      1.25      0.00      0.00      0.75      0.25      0.00      0.00      4.75
12:28:26 AM     all     99.00      0.00      0.50      0.00      0.00      0.50      0.00      0.00      0.00      0.00
12:28:27 AM     all     99.00      0.00      0.25      0.00      0.00      0.75      0.00      0.00      0.00      0.00
12:28:28 AM     all     99.00      0.00      0.25      0.00      0.00      0.50      0.25      0.00      0.00      0.00
12:28:29 AM     all     98.50      0.00      0.75      0.00      0.00      0.50      0.00      0.00      0.00      0.25
12:28:30 AM     all     98.25      0.00      0.00      0.00      0.00      0.75      0.00      0.00      0.00      1.00
12:28:31 AM     all     97.76      0.00      0.25      0.00      0.00      0.50      0.25      0.00      0.00      1.25
12:28:32 AM     all     97.49      0.00      0.75      0.00      0.00      0.50      0.00      0.00      0.00      1.26
12:28:33 AM     all     98.51      0.00      0.50      0.00      0.00      0.75      0.25      0.00      0.00      0.00
12:28:34 AM     all     97.73      0.00      0.25      0.00      0.00      0.50      0.00      0.00      0.00      1.51
12:28:35 AM     all     98.01      0.00      0.75      0.00      0.00      0.75      0.00      0.00      0.00      0.50
12:28:36 AM     all     94.49      0.00      0.25      0.00      0.00      0.50      0.25      0.00      0.00      4.51
12:28:37 AM     all     98.75      0.00      0.50      0.00      0.00      0.75      0.00      0.00      0.00      0.00
12:28:38 AM     all     97.25      0.00      0.25      0.00      0.00      0.50      0.25      0.00      0.00      1.75
12:28:39 AM     all     99.00      0.00      0.25      0.00      0.00      0.50      0.00      0.00      0.00      0.25
12:28:40 AM     all     98.00      0.00      1.25      0.00      0.00      0.75      0.00      0.00      0.00      0.00
12:28:41 AM     all     97.25      0.00      0.25      0.00      0.00      0.50      0.25      0.00      0.00      1.75
12:28:42 AM     all     99.25      0.00      0.25      0.00      0.00      0.50      0.00      0.00      0.00      0.00
12:28:43 AM     all     98.75      0.00      0.50      0.00      0.00      0.50      0.25      0.00      0.00      0.00
12:28:44 AM     all     99.25      0.00      0.25      0.00      0.00      0.50      0.00      0.00      0.00      0.00
12:28:45 AM     all     94.26      0.00      0.50      0.00      0.00      0.75      0.00      0.00      0.00      4.49
12:28:46 AM     all     99.00      0.00      0.25      0.00      0.00      0.50      0.25      0.00      0.00      0.00
12:28:47 AM     all     77.69      0.00      0.50      0.00      0.00      0.50      0.00      0.00      0.00     21.30
12:28:48 AM     all     22.00      0.00      1.00      0.00      0.00      0.50      0.25      0.00      0.00     76.25
12:28:49 AM     all     25.19      0.00      0.25      0.00      0.00      0.25      0.00      0.00      0.00     74.31
12:28:50 AM     all     24.94      0.00      0.75      0.00      0.00      0.50      0.25      0.00      0.00     73.57
12:28:51 AM     all     25.00      0.00      0.50      0.00      0.00      0.50      0.00      0.00      0.00     74.00
12:28:52 AM     all     25.12      0.00      1.00      0.00      0.00      0.25      0.25      0.00      0.00     73.38
12:28:53 AM     all     25.19      0.00      0.00      0.00      0.00      0.50      0.00      0.00      0.00     74.31
12:28:54 AM     all     24.25      0.00      0.75      0.00      0.00      0.50      0.25      0.00      0.00     74.25
12:28:55 AM     all     24.69      0.00      0.75      0.00      0.00      0.50      0.25      0.00      0.00     73.82
12:28:56 AM     all     25.38      0.00      0.25      0.00      0.00      0.25      0.00      0.00      0.00     74.12
12:28:57 AM     all     24.69      0.00      0.25      0.25      0.00      0.50      0.00      0.00      0.00     74.31
12:28:58 AM     all     25.00      0.00      0.25      0.00      0.00      0.50      0.25      0.00      0.00     74.00
12:28:59 AM     all     25.00      0.00      0.25      0.00      0.00      0.25      0.00      0.00      0.00     74.49
12:29:00 AM     all     26.00      0.00      1.00      0.00      0.00      0.50      0.25      0.00      0.00     72.25
12:29:01 AM     all     24.37      0.00      0.50      0.00      0.00      0.50      0.00      0.00      0.00     74.62
12:29:02 AM     all     25.06      0.00      0.50      0.00      0.00      0.25      0.25      0.00      0.00     73.93
12:29:03 AM     all     25.00      0.00      0.75      0.00      0.00      0.50      0.00      0.00      0.00     73.75
12:29:04 AM     all     25.06      0.00      0.25      0.00      0.00      0.50      0.25      0.00      0.00     73.93
12:29:05 AM     all     25.25      0.00      0.50      0.00      0.00      0.50      0.00      0.00      0.00     73.75
12:29:06 AM     all     24.81      0.00      0.50      0.00      0.00      0.25      0.25      0.00      0.00     74.19
12:29:07 AM     all     25.00      0.00      0.50      0.25      0.00      0.50      0.00      0.00      0.00     73.75
12:29:08 AM     all     24.18      0.00      0.50      0.00      0.00      0.25      0.25      0.00      0.00     74.81
12:29:09 AM     all     25.19      0.00      0.00      0.00      0.00      0.50      0.00      0.00      0.00     74.31
12:29:10 AM     all     25.00      0.00      0.25      0.00      0.00      0.50      0.25      0.00      0.00     74.00
12:29:11 AM     all     25.00      0.00      0.25      0.00      0.00      0.25      0.00      0.00      0.00     74.49
12:29:12 AM     all     25.06      0.00      0.25      0.00      0.00      0.50      0.25      0.00      0.00     73.93
12:29:13 AM     all     25.13      0.00      0.25      0.00      0.00      0.50      0.00      0.00      0.00     74.12
12:29:14 AM     all     19.85      0.00      0.25      0.00      0.00      0.25      0.25      0.00      0.00     79.40
12:29:15 AM     all     24.94      0.00      0.50      0.00      0.00      0.50      0.00      0.00      0.00     74.06
12:29:16 AM     all     25.00      0.00      0.25      0.00      0.00      0.50      0.25      0.00      0.00     74.00
12:29:17 AM     all     24.87      0.00      0.50      0.25      0.00      0.25      0.00      0.00      0.00     74.12
12:29:18 AM     all     25.13      0.00      0.25      0.00      0.00      0.50      0.00      0.00      0.00     74.12
12:29:19 AM     all     25.06      0.00      0.25      0.00      0.00      0.50      0.25      0.00      0.00     73.93
12:29:20 AM     all     25.00      0.00      0.75      0.00      0.00      0.25      0.00      0.00      0.00     74.00
12:29:21 AM     all     22.56      0.00      5.76      0.00      0.00      0.50      0.25      0.00      0.00     70.93
12:29:22 AM     all     98.75      0.00      0.75      0.00      0.00      0.50      0.00      0.00      0.00      0.00
12:29:23 AM     all     95.52      0.00      0.50      0.00      0.00      0.75      0.25      0.00      0.00      2.99
12:29:24 AM     all     99.25      0.00      0.25      0.00      0.00      0.50      0.00      0.00      0.00      0.00
12:29:25 AM     all     95.75      0.00      0.75      0.00      0.00      0.50      0.25      0.00      0.00      2.75
12:29:26 AM     all     99.25      0.00      0.25      0.00      0.00      0.50      0.00      0.00      0.00      0.00
12:29:27 AM     all     98.76      0.00      0.50      0.00      0.00      0.75      0.00      0.00      0.00      0.00
12:29:28 AM     all     99.00      0.00      0.25      0.00      0.00      0.50      0.25      0.00      0.00      0.00
12:29:29 AM     all     97.99      0.00      1.00      0.00      0.00      0.50      0.00      0.00      0.00      0.50
12:29:30 AM     all     99.25      0.00      0.25      0.00      0.00      0.50      0.00      0.00      0.00      0.00
12:29:31 AM     all     97.51      0.00      0.75      0.00      0.00      0.75      0.25      0.00      0.00      0.75
12:29:32 AM     all     99.00      0.00      0.50      0.00      0.00      0.50      0.00      0.00      0.00      0.00
12:29:33 AM     all     98.50      0.00      1.00      0.00      0.00      0.50      0.00      0.00      0.00      0.00
12:29:34 AM     all     98.50      0.00      0.75      0.00      0.00      0.50      0.25      0.00      0.00      0.00
12:29:35 AM     all     99.00      0.00      0.25      0.00      0.00      0.75      0.00      0.00      0.00      0.00
12:29:36 AM     all     98.50      0.00      1.00      0.00      0.00      0.25      0.25      0.00      0.00      0.00
12:29:37 AM     all     97.00      0.00      1.00      0.00      0.00      0.75      0.00      0.00      0.00      1.25
12:29:38 AM     all     99.00      0.00      0.25      0.00      0.00      0.50      0.25      0.00      0.00      0.00
12:29:39 AM     all     98.75      0.00      0.50      0.00      0.00      0.75      0.00      0.00      0.00      0.00
12:29:40 AM     all     94.75      0.00      0.50      0.00      0.00      0.50      0.00      0.00      0.00      4.25
12:29:41 AM     all     98.50      0.00      0.75      0.00      0.00      0.50      0.25      0.00      0.00      0.00
12:29:42 AM     all     98.75      0.00      0.50      0.00      0.00      0.75      0.00      0.00      0.00      0.00
12:29:43 AM     all     98.75      0.00      0.75      0.00      0.00      0.50      0.00      0.00      0.00      0.00
12:29:44 AM     all     96.02      0.00      1.00      0.00      0.00      0.75      0.25      0.00      0.00      1.99
12:29:45 AM     all     99.00      0.00      0.50      0.00      0.00      0.50      0.00      0.00      0.00      0.00
12:29:46 AM     all     98.25      0.00      0.50      0.00      0.00      0.50      0.25      0.00      0.00      0.50
12:29:47 AM     all     98.50      0.00      0.75      0.00      0.00      0.75      0.00      0.00      0.00      0.00
12:29:48 AM     all     99.00      0.00      0.50      0.00      0.00      0.50      0.00      0.00      0.00      0.00
12:29:49 AM     all     98.50      0.00      0.75      0.00      0.00      0.50      0.25      0.00      0.00      0.00
12:29:50 AM     all     99.00      0.00      0.50      0.00      0.00      0.50      0.00      0.00      0.00      0.00
12:29:51 AM     all     94.50      0.00      0.50      0.00      0.00      0.75      0.00      0.00      0.00      4.25
12:29:52 AM     all     27.25      0.00      1.25      0.00      0.00      0.25      0.25      0.00      0.00     71.00
12:29:53 AM     all     25.19      0.00      0.50      0.00      0.00      0.50      0.25      0.00      0.00     73.57
12:29:54 AM     all     24.94      0.00      0.75      0.00      0.00      0.50      0.00      0.00      0.00     73.82
12:29:55 AM     all     25.06      0.00      0.25      0.00      0.00      0.50      0.25      0.00      0.00     73.93
12:29:56 AM     all     25.50      0.00      0.50      0.00      0.00      0.25      0.00      0.00      0.00     73.75
12:29:57 AM     all     25.06      0.00      0.25      0.00      0.00      0.50      0.25      0.00      0.00     73.93
12:29:58 AM     all     24.87      0.00      0.50      0.00      0.00      0.25      0.00      0.00      0.00     74.37
12:29:59 AM     all     22.69      0.00      1.25      0.00      0.00      0.50      0.25      0.00      0.00     75.31
12:30:00 AM     all     26.45      0.00      0.50      0.00      0.00      0.50      0.00      0.00      0.00     72.54
12:30:01 AM     all     25.00      0.00      0.50      0.00      0.00      0.50      0.25      0.00      0.00     73.75
12:30:02 AM     all     25.00      0.00      0.25      0.00      0.00      0.25      0.00      0.00      0.00     74.49
12:30:03 AM     all     25.00      0.00      0.50      0.00      0.00      0.50      0.00      0.00      0.00     74.00
12:30:04 AM     all     25.00      0.00      0.50      0.00      0.00      0.50      0.25      0.00      0.00     73.75
12:30:05 AM     all     24.81      0.00      0.50      0.00      0.00      0.25      0.00      0.00      0.00     74.44
12:30:06 AM     all     24.62      0.00      0.50      0.00      0.00      0.50      0.25      0.00      0.00     74.12
12:30:07 AM     all     24.81      0.00      0.50      0.25      0.00      0.50      0.00      0.00      0.00     73.93
12:30:08 AM     all     25.13      0.00      0.25      0.00      0.00      0.25      0.25      0.00      0.00     74.12
12:30:09 AM     all     25.00      0.00      0.50      0.00      0.00      0.50      0.00      0.00      0.00     74.00
12:30:10 AM     all     24.94      0.00      0.75      0.00      0.00      0.50      0.25      0.00      0.00     73.57
12:30:11 AM     all     25.19      0.00      0.25      0.00      0.00      0.25      0.00      0.00      0.00     74.31
12:30:12 AM     all     23.38      0.00      1.00      0.00      0.00      0.50      0.25      0.00      0.00     74.88
12:30:13 AM     all     25.13      0.00      0.25      0.00      0.00      0.50      0.00      0.00      0.00     74.12
12:30:14 AM     all     24.62      0.00      0.25      0.00      0.00      0.50      0.25      0.00      0.00     74.37
12:30:15 AM     all     25.06      0.00      0.50      0.00      0.00      0.25      0.00      0.00      0.00     74.19
12:30:16 AM     all     25.13      0.00      0.25      0.00      0.00      0.50      0.00      0.00      0.00     74.12
12:30:17 AM     all     25.00      0.00      0.25      0.25      0.00      0.50      0.25      0.00      0.00     73.75
12:30:18 AM     all     25.00      0.00      0.75      0.00      0.00      0.25      0.00      0.00      0.00     74.00
12:30:19 AM     all     24.13      0.00      1.00      0.00      0.00      0.50      0.25      0.00      0.00     74.13
12:30:20 AM     all     25.13      0.00      0.50      0.00      0.00      0.50      0.00      0.00      0.00     73.87
12:30:21 AM     all     25.00      0.00      0.50      0.00      0.00      0.25      0.25      0.00      0.00     74.00
12:30:22 AM     all     24.87      0.00      0.50      0.00      0.00      0.50      0.00      0.00      0.00     74.12
12:30:23 AM     all     25.06      0.00      0.25      0.00      0.00      0.50      0.25      0.00      0.00     73.93
12:30:24 AM     all     25.06      0.00      0.75      0.00      0.00      0.25      0.00      0.00      0.00     73.93
12:30:25 AM     all     24.94      0.00      0.50      0.00      0.00      0.50      0.25      0.00      0.00     73.82
12:30:26 AM     all     57.93      0.00      6.05      0.00      0.00      0.50      0.25      0.00      0.00     35.26
12:30:27 AM     all     98.51      0.00      1.00      0.00      0.00      0.50      0.00      0.00      0.00      0.00
12:30:28 AM     all     86.28      0.00      0.75      0.00      0.00      0.75      0.25      0.00      0.00     11.97
12:30:29 AM     all     98.75      0.00      0.75      0.00      0.00      0.50      0.00      0.00      0.00      0.00
12:30:30 AM     all     92.50      0.00      0.50      0.00      0.00      0.50      0.25      0.00      0.00      6.25
12:30:31 AM     all     99.00      0.00      0.25      0.00      0.00      0.75      0.00      0.00      0.00      0.00
12:30:32 AM     all     97.50      0.00      0.75      0.00      0.00      0.50      0.25      0.00      0.00      1.00
12:30:33 AM     all     99.00      0.00      0.50      0.00      0.00      0.50      0.00      0.00      0.00      0.00
12:30:34 AM     all     95.50      0.00      1.00      0.00      0.00      0.50      0.25      0.00      0.00      2.75
12:30:35 AM     all     99.25      0.00      0.25      0.00      0.00      0.50      0.00      0.00      0.00      0.00
12:30:36 AM     all     98.75      0.00      0.50      0.00      0.00      0.75      0.00      0.00      0.00      0.00
12:30:37 AM     all     99.00      0.00      0.25      0.00      0.00      0.50      0.25      0.00      0.00      0.00
12:30:38 AM     all     99.00      0.00      0.50      0.00      0.00      0.50      0.00      0.00      0.00      0.00
12:30:39 AM     all     99.00      0.00      0.25      0.00      0.00      0.75      0.00      0.00      0.00      0.00
12:30:40 AM     all     96.00      0.00      0.25      0.00      0.00      0.50      0.25      0.00      0.00      3.00
12:30:41 AM     all     98.75      0.00      0.75      0.00      0.00      0.50      0.00      0.00      0.00      0.00
12:30:42 AM     all     95.74      0.00      0.50      0.00      0.00      0.50      0.00      0.00      0.00      3.26
12:30:43 AM     all     96.99      0.00      0.75      0.00      0.00      0.50      0.25      0.00      0.00      1.50
12:30:44 AM     all     94.50      0.00      0.75      0.00      0.00      0.75      0.00      0.00      0.00      4.00
12:30:45 AM     all     96.01      0.00      0.75      0.00      0.00      0.50      0.25      0.00      0.00      2.49
12:30:46 AM     all     99.25      0.00      0.25      0.00      0.00      0.50      0.00      0.00      0.00      0.00
12:30:47 AM     all     99.00      0.00      0.50      0.00      0.00      0.50      0.00      0.00      0.00      0.00
12:30:48 AM     all     98.50      0.00      0.75      0.00      0.00      0.50      0.25      0.00      0.00      0.00
12:30:49 AM     all     99.00      0.00      0.50      0.00      0.00      0.50      0.00      0.00      0.00      0.00
12:30:50 AM     all     98.75      0.00      0.75      0.00      0.00      0.50      0.00      0.00      0.00      0.00
12:30:51 AM     all     98.25      0.00      0.75      0.00      0.00      0.75      0.25      0.00      0.00      0.00
12:30:52 AM     all     98.99      0.00      0.50      0.00      0.00      0.50      0.00      0.00      0.00      0.00
12:30:53 AM     all     94.03      0.00      0.50      0.00      0.00      0.50      0.25      0.00      0.00      4.73
12:30:54 AM     all     99.00      0.00      0.25      0.00      0.00      0.75      0.00      0.00      0.00      0.00
12:30:55 AM     all     99.00      0.00      0.50      0.00      0.00      0.50      0.00      0.00      0.00      0.00
12:30:56 AM     all     64.82      0.00      0.50      0.00      0.00      0.50      0.25      0.00      0.00     33.92
12:30:57 AM     all     24.87      0.00      0.25      0.25      0.00      0.50      0.00      0.00      0.00     74.12
12:30:58 AM     all     19.85      0.00      0.75      0.00      0.00      0.25      0.25      0.00      0.00     78.89
12:30:59 AM     all     25.13      0.00      0.00      0.00      0.00      0.50      0.00      0.00      0.00     74.37
12:31:00 AM     all     26.26      0.00      0.76      0.00      0.00      0.51      0.25      0.00      0.00     72.22
12:31:01 AM     all     25.31      0.00      0.25      0.00      0.00      0.25      0.00      0.00      0.00     74.19
12:31:02 AM     all     25.00      0.00      0.75      0.50      0.00      0.50      0.25      0.00      0.00     73.00
12:31:03 AM     all     25.31      0.00      0.00      0.00      0.00      0.50      0.00      0.00      0.00     74.19
12:31:04 AM     all     25.13      0.00      0.25      0.00      0.00      0.25      0.25      0.00      0.00     74.12
12:31:05 AM     all     23.93      0.00      0.76      0.00      0.00      0.50      0.00      0.00      0.00     74.81
12:31:06 AM     all     24.75      0.00      0.50      0.00      0.00      0.50      0.25      0.00      0.00     74.00
12:31:07 AM     all     25.25      0.00      0.50      0.25      0.00      0.25      0.00      0.00      0.00     73.75
12:31:08 AM     all     25.06      0.00      0.25      0.00      0.00      0.50      0.00      0.00      0.00     74.19
12:31:09 AM     all     25.06      0.00      0.50      0.00      0.00      0.25      0.25      0.00      0.00     73.93
12:31:10 AM     all     25.06      0.00      0.25      0.00      0.00      0.50      0.00      0.00      0.00     74.19
12:31:11 AM     all     25.00      0.00      0.50      0.00      0.00      0.25      0.25      0.00      0.00     74.00
12:31:12 AM     all     24.37      0.00      1.01      0.00      0.00      0.50      0.00      0.00      0.00     74.12
12:31:13 AM     all     24.94      0.00      0.50      0.00      0.00      0.50      0.25      0.00      0.00     73.82
12:31:14 AM     all     24.87      0.00      0.50      0.00      0.00      0.50      0.00      0.00      0.00     74.12
12:31:15 AM     all     25.06      0.00      0.50      0.00      0.00      0.25      0.25      0.00      0.00     73.93
12:31:16 AM     all     25.25      0.00      0.25      0.00      0.00      0.50      0.00      0.00      0.00     74.00
12:31:17 AM     all     24.94      0.00      0.50      0.25      0.00      0.50      0.25      0.00      0.00     73.57
12:31:18 AM     all     24.69      0.00      1.00      0.00      0.00      0.50      0.00      0.00      0.00     73.82
12:31:19 AM     all     24.87      0.00      0.50      0.00      0.00      0.25      0.25      0.00      0.00     74.12
12:31:20 AM     all     25.37      0.00      0.75      0.00      0.00      0.50      0.00      0.00      0.00     73.38
12:31:21 AM     all     24.75      0.00      0.50      0.00      0.00      0.50      0.25      0.00      0.00     74.00
12:31:22 AM     all     25.19      0.00      0.50      0.00      0.00      0.25      0.00      0.00      0.00     74.06
12:31:23 AM     all     24.94      0.00      0.50      0.00      0.00      0.50      0.25      0.00      0.00     73.82
12:31:24 AM     all     25.00      0.00      0.75      0.00      0.00      0.50      0.00      0.00      0.00     73.75
12:31:25 AM     all     22.81      0.00      0.75      0.00      0.00      0.50      0.25      0.00      0.00     75.69
12:31:26 AM     all     25.31      0.00      0.50      0.00      0.00      0.25      0.00      0.00      0.00     73.93
12:31:27 AM     all     24.87      0.00      0.25      0.00      0.00      0.50      0.25      0.00      0.00     74.12
12:31:28 AM     all     24.81      0.00      0.50      0.00      0.00      0.50      0.00      0.00      0.00     74.19
12:31:29 AM     all     25.31      0.00      0.25      0.00      0.00      0.25      0.25      0.00      0.00     73.93
12:31:30 AM     all     25.19      0.00      0.50      0.00      0.00      0.50      0.00      0.00      0.00     73.82
12:31:31 AM     all     24.87      0.00      0.25      0.00      0.00      0.25      0.25      0.00      0.00     74.37
12:31:32 AM     all     53.02      0.00      6.53      0.00      0.00      0.75      0.00      0.00      0.00     39.70
12:31:33 AM     all     99.00      0.00      0.25      0.00      0.00      0.50      0.25      0.00      0.00      0.00
12:31:34 AM     all     91.71      0.00      0.25      0.00      0.00      0.50      0.00      0.00      0.00      7.54
12:31:35 AM     all     99.25      0.00      0.00      0.00      0.00      0.50      0.25      0.00      0.00      0.00
12:31:36 AM     all     95.48      0.00      0.25      0.00      0.00      0.50      0.00      0.00      0.00      3.77
12:31:37 AM     all     99.00      0.00      0.50      0.00      0.00      0.50      0.00      0.00      0.00      0.00
12:31:38 AM     all     98.50      0.00      0.50      0.00      0.00      0.75      0.25      0.00      0.00      0.00
12:31:39 AM     all     99.75      0.00      0.00      0.00      0.00      0.25      0.00      0.00      0.00      0.00
12:31:40 AM     all     95.01      0.00      0.75      0.00      0.00      0.75      0.00      0.00      0.00      3.49
12:31:41 AM     all     98.25      0.00      0.25      0.00      0.00      0.50      0.25      0.00      0.00      0.75
12:31:42 AM     all     92.21      0.00      0.25      0.00      0.00      0.75      0.00      0.00      0.00      6.78
12:31:43 AM     all     99.00      0.00      0.25      0.00      0.00      0.50      0.25      0.00      0.00      0.00
12:31:44 AM     all     94.47      0.00      0.50      0.00      0.00      0.50      0.00      0.00      0.00      4.52
12:31:45 AM     all     96.50      0.00      0.25      0.00      0.00      0.50      0.00      0.00      0.00      2.75
12:31:46 AM     all     97.26      0.00      0.50      0.00      0.00      0.75      0.25      0.00      0.00      1.25
12:31:47 AM     all     95.74      0.00      0.50      0.00      0.00      0.50      0.00      0.00      0.00      3.26
12:31:48 AM     all     97.25      0.00      0.50      0.00      0.00      0.50      0.25      0.00      0.00      1.50
12:31:49 AM     all     98.50      0.00      0.75      0.00      0.00      0.75      0.00      0.00      0.00      0.00
12:31:50 AM     all     91.98      0.00      0.25      0.00      0.00      0.50      0.25      0.00      0.00      7.02
12:31:51 AM     all     98.75      0.00      0.50      0.00      0.00      0.50      0.00      0.00      0.00      0.25
12:31:52 AM     all     99.25      0.00      0.25      0.00      0.00      0.50      0.00      0.00      0.00      0.00
12:31:53 AM     all     98.75      0.00      0.25      0.00      0.00      0.75      0.25      0.00      0.00      0.00
12:31:54 AM     all     99.00      0.00      0.50      0.00      0.00      0.50      0.00      0.00      0.00      0.00
12:31:55 AM     all     98.50      0.00      1.00      0.00      0.00      0.50      0.00      0.00      0.00      0.00
12:31:56 AM     all     98.00      0.00      1.00      0.00      0.00      0.75      0.25      0.00      0.00      0.00
12:31:57 AM     all     98.75      0.00      0.50      0.00      0.00      0.75      0.00      0.00      0.00      0.00
12:31:58 AM     all     98.25      0.00      1.00      0.00      0.00      0.50      0.25      0.00      0.00      0.00
12:31:59 AM     all     98.75      0.00      0.50      0.00      0.00      0.75      0.00      0.00      0.00      0.00
12:32:00 AM     all     98.25      0.00      1.25      0.00      0.00      0.50      0.00      0.00      0.00      0.00
12:32:01 AM     all     98.50      0.00      0.75      0.00      0.00      0.50      0.25      0.00      0.00      0.00
12:32:02 AM     all     72.36      0.00      1.01      0.25      0.00      0.50      0.00      0.00      0.00     25.88
12:32:03 AM     all     21.75      0.00      1.25      0.00      0.00      0.50      0.25      0.00      0.00     76.25
12:32:04 AM     all     25.06      0.00      0.25      0.00      0.00      0.50      0.25      0.00      0.00     73.93
12:32:05 AM     all     24.81      0.00      0.50      0.00      0.00      0.50      0.00      0.00      0.00     74.19
12:32:06 AM     all     25.31      0.00      0.50      0.00      0.00      0.25      0.00      0.00      0.00     73.93
12:32:07 AM     all     25.00      0.00      0.50      0.00      0.00      0.50      0.25      0.00      0.00     73.75
12:32:08 AM     all     25.06      0.00      0.75      0.00      0.00      0.25      0.00      0.00      0.00     73.93
12:32:09 AM     all     24.81      0.00      0.99      0.00      0.00      0.50      0.25      0.00      0.00     73.45
12:32:10 AM     all     24.50      0.00      0.75      0.00      0.00      0.50      0.25      0.00      0.00     74.00
12:32:11 AM     all     24.75      0.00      0.75      0.00      0.00      0.50      0.00      0.00      0.00     74.00
12:32:12 AM     all     25.44      0.00      0.25      0.00      0.00      0.25      0.00      0.00      0.00     74.06
12:32:13 AM     all     25.00      0.00      0.25      0.00      0.00      0.50      0.25      0.00      0.00     74.00
12:32:14 AM     all     25.06      0.00      0.50      0.00      0.00      0.25      0.00      0.00      0.00     74.19
12:32:15 AM     all     25.00      0.00      0.50      0.00      0.00      0.50      0.25      0.00      0.00     73.75
12:32:16 AM     all     24.87      0.00      0.50      0.00      0.00      0.25      0.00      0.00      0.00     74.37
12:32:17 AM     all     24.81      0.00      0.50      0.00      0.00      0.50      0.25      0.00      0.00     73.93
12:32:18 AM     all     25.13      0.00      0.25      0.00      0.00      0.50      0.00      0.00      0.00     74.12
12:32:19 AM     all     24.81      0.00      0.50      0.00      0.00      0.50      0.25      0.00      0.00     73.93
12:32:20 AM     all     25.13      0.00      0.25      0.00      0.00      0.25      0.00      0.00      0.00     74.37
12:32:21 AM     all     25.13      0.00      0.25      0.00      0.00      0.50      0.00      0.00      0.00     74.12
12:32:22 AM     all     25.06      0.00      0.25      0.25      0.00      0.25      0.25      0.00      0.00     73.93
12:32:23 AM     all     24.44      0.00      1.00      0.00      0.00      0.50      0.25      0.00      0.00     73.82
12:32:24 AM     all     25.06      0.00      0.50      0.00      0.00      0.50      0.00      0.00      0.00     73.93
12:32:25 AM     all     25.00      0.00      0.50      0.00      0.00      0.50      0.25      0.00      0.00     73.75
12:32:26 AM     all     25.19      0.00      0.25      0.00      0.00      0.25      0.00      0.00      0.00     74.31
12:32:27 AM     all     24.94      0.00      0.25      0.00      0.00      0.50      0.00      0.00      0.00     74.31
12:32:28 AM     all     25.00      0.00      0.25      0.00      0.00      0.50      0.25      0.00      0.00     74.00
12:32:29 AM     all     25.13      0.00      0.50      0.00      0.00      0.25      0.00      0.00      0.00     74.12
12:32:30 AM     all     24.31      0.00      0.75      0.00      0.00      0.50      0.25      0.00      0.00     74.19
12:32:31 AM     all     25.13      0.00      0.25      0.00      0.00      0.50      0.00      0.00      0.00     74.12
12:32:32 AM     all     25.00      0.00      0.25      0.25      0.00      0.50      0.25      0.00      0.00     73.75
12:32:33 AM     all     25.13      0.00      0.25      0.00      0.00      0.25      0.00      0.00      0.00     74.37
12:32:34 AM     all     24.81      0.00      0.50      0.00      0.00      0.50      0.25      0.00      0.00     73.93
12:32:35 AM     all     25.19      0.00      0.75      0.00      0.00      0.50      0.00      0.00      0.00     73.57
12:32:36 AM     all     24.81      0.00      0.50      0.00      0.00      0.25      0.25      0.00      0.00     74.19
12:32:37 AM     all     73.95      0.00      7.44      0.00      0.00      0.74      0.25      0.00      0.00     17.62
12:32:38 AM     all     99.25      0.00      0.25      0.00      0.00      0.50      0.00      0.00      0.00      0.00
12:32:39 AM     all     90.95      0.00      0.75      0.00      0.00      0.50      0.00      0.00      0.00      7.79
12:32:40 AM     all     99.00      0.00      0.25      0.00      0.00      0.50      0.25      0.00      0.00      0.00
12:32:41 AM     all     86.47      0.00      0.50      0.00      0.00      0.75      0.00      0.00      0.00     12.28
12:32:42 AM     all     98.75      0.00      0.50      0.00      0.00      0.50      0.25      0.00      0.00      0.00
12:32:43 AM     all     90.48      0.00      0.50      0.00      0.00      0.50      0.00      0.00      0.00      8.52
12:32:44 AM     all     98.75      0.00      0.50      0.00      0.00      0.50      0.25      0.00      0.00      0.00
12:32:45 AM     all     82.04      0.00      1.25      0.00      0.00      0.75      0.00      0.00      0.00     15.96
12:32:46 AM     all     98.75      0.00      0.50      0.00      0.00      0.50      0.25      0.00      0.00      0.00
12:32:47 AM     all     92.48      0.00      0.50      0.00      0.00      0.50      0.00      0.00      0.00      6.52
12:32:48 AM     all     99.25      0.00      0.00      0.00      0.00      0.50      0.25      0.00      0.00      0.00
12:32:49 AM     all     94.51      0.00      1.00      0.00      0.00      0.75      0.00      0.00      0.00      3.74
12:32:50 AM     all     99.00      0.00      0.25      0.00      0.00      0.50      0.25      0.00      0.00      0.00
12:32:51 AM     all     96.76      0.00      0.50      0.00      0.00      0.50      0.00      0.00      0.00      2.24
12:32:52 AM     all     98.75      0.00      0.25      0.00      0.00      0.50      0.00      0.00      0.00      0.50
12:32:53 AM     all     97.75      0.00      0.50      0.00      0.00      0.50      0.25      0.00      0.00      1.00
12:32:54 AM     all     98.25      0.00      1.00      0.00      0.00      0.75      0.00      0.00      0.00      0.00
12:32:55 AM     all     95.76      0.00      0.25      0.00      0.00      0.75      0.25      0.00      0.00      2.99
12:32:56 AM     all     98.75      0.00      0.50      0.00      0.00      0.50      0.00      0.00      0.00      0.25
12:32:57 AM     all     98.75      0.00      0.75      0.00      0.00      0.50      0.00      0.00      0.00      0.00
12:32:58 AM     all     98.75      0.00      0.25      0.00      0.00      0.75      0.25      0.00      0.00      0.00
12:32:59 AM     all     98.50      0.00      0.25      0.00      0.00      0.50      0.00      0.00      0.00      0.75
12:33:00 AM     all     98.50      0.00      1.00      0.00      0.00      0.50      0.00      0.00      0.00      0.00
12:33:01 AM     all     98.25      0.00      0.75      0.00      0.00      0.75      0.25      0.00      0.00      0.00
12:33:02 AM     all     99.25      0.00      0.25      0.00      0.00      0.50      0.00      0.00      0.00      0.00
12:33:03 AM     all     95.74      0.00      0.25      0.00      0.00      0.75      0.25      0.00      0.00      3.01
12:33:04 AM     all     99.00      0.00      0.50      0.00      0.00      0.50      0.00      0.00      0.00      0.00
12:33:05 AM     all     98.25      0.00      0.25      0.00      0.00      0.75      0.00      0.00      0.00      0.75
12:33:06 AM     all     98.51      0.00      0.75      0.00      0.00      0.50      0.25      0.00      0.00      0.00
12:33:07 AM     all     51.76      0.00      0.75      0.00      0.00      0.50      0.00      0.00      0.00     46.98
12:33:08 AM     all     25.13      0.00      0.00      0.00      0.00      0.50      0.25      0.00      0.00     74.12
12:33:09 AM     all     24.12      0.00      0.75      0.00      0.00      0.50      0.00      0.00      0.00     74.62
12:33:10 AM     all     24.62      0.00      0.50      0.00      0.00      0.25      0.25      0.00      0.00     74.37
12:33:11 AM     all     24.81      0.00      0.50      0.00      0.00      0.50      0.00      0.00      0.00     74.19
12:33:12 AM     all     24.87      0.00      0.75      0.00      0.00      0.25      0.00      0.00      0.00     74.12
12:33:13 AM     all     25.00      0.00      0.50      0.00      0.00      0.50      0.25      0.00      0.00     73.75
12:33:14 AM     all     24.94      0.00      0.00      0.00      0.00      0.50      0.00      0.00      0.00     74.56
12:33:15 AM     all     24.25      0.00      1.00      0.00      0.00      0.50      0.25      0.00      0.00     74.00
12:33:16 AM     all     25.06      0.00      0.50      0.00      0.00      0.25      0.00      0.00      0.00     74.19
12:33:17 AM     all     25.06      0.00      0.50      0.25      0.00      0.50      0.25      0.00      0.00     73.43
12:33:18 AM     all     24.81      0.00      0.99      0.00      0.00      0.50      0.25      0.00      0.00     73.45
12:33:19 AM     all     25.38      0.00      0.25      0.00      0.00      0.25      0.00      0.00      0.00     74.12
12:33:20 AM     all     25.31      0.00      0.25      0.00      0.00      0.50      0.00      0.00      0.00     73.93
12:33:21 AM     all     24.69      0.00      0.75      0.00      0.00      0.50      0.25      0.00      0.00     73.82
12:33:22 AM     all     23.87      0.00      0.75      0.00      0.00      0.25      0.25      0.00      0.00     74.87
12:33:23 AM     all     25.13      0.00      0.25      0.00      0.00      0.50      0.00      0.00      0.00     74.12
12:33:24 AM     all     25.00      0.00      0.25      0.00      0.00      0.50      0.25      0.00      0.00     74.00
12:33:25 AM     all     24.94      0.00      1.00      0.00      0.00      0.50      0.00      0.00      0.00     73.57
12:33:26 AM     all     24.87      0.00      0.50      0.00      0.00      0.25      0.25      0.00      0.00     74.12
12:33:27 AM     all     25.19      0.00      0.50      0.25      0.00      0.50      0.00      0.00      0.00     73.57
12:33:28 AM     all     25.06      0.00      0.25      0.00      0.00      0.25      0.25      0.00      0.00     74.19
12:33:29 AM     all     24.24      0.00      0.25      0.00      0.00      0.51      0.00      0.00      0.00     75.00
12:33:30 AM     all     25.12      0.00      0.50      0.00      0.00      0.50      0.25      0.00      0.00     73.63
12:33:31 AM     all     24.87      0.00      0.50      0.00      0.00      0.25      0.00      0.00      0.00     74.37
12:33:32 AM     all     25.13      0.00      0.25      0.00      0.00      0.50      0.00      0.00      0.00     74.12
12:33:33 AM     all     25.06      0.00      0.25      0.00      0.00      0.50      0.25      0.00      0.00     73.93
12:33:34 AM     all     24.87      0.00      0.75      0.00      0.00      0.25      0.00      0.00      0.00     74.12
12:33:35 AM     all     22.06      0.00      0.50      0.00      0.00      0.25      0.25      0.00      0.00     76.94
12:33:36 AM     all     23.19      0.00      1.00      0.00      0.00      0.50      0.25      0.00      0.00     75.06
12:33:37 AM     all     24.94      0.00      0.25      0.00      0.00      0.50      0.00      0.00      0.00     74.31
12:33:38 AM     all     25.50      0.00      0.25      0.00      0.00      0.50      0.00      0.00      0.00     73.75
12:33:39 AM     all     25.00      0.00      0.50      0.00      0.00      0.50      0.25      0.00      0.00     73.75
12:33:40 AM     all     25.00      0.00      0.00      0.00      0.00      0.25      0.00      0.00      0.00     74.75
12:33:41 AM     all     25.00      0.00      0.25      0.00      0.00      0.50      0.25      0.00      0.00     74.00
12:33:42 AM     all     26.82      0.00      6.02      0.25      0.00      0.50      0.25      0.00      0.00     66.17
12:33:43 AM     all     98.50      0.00      1.00      0.00      0.00      0.50      0.00      0.00      0.00      0.00
12:33:44 AM     all     92.95      0.00      0.00      0.00      0.00      0.50      0.00      0.00      0.00      6.55
12:33:45 AM     all     98.01      0.00      0.50      0.00      0.00      0.75      0.25      0.00      0.00      0.50
12:33:46 AM     all     97.74      0.00      0.25      0.00      0.00      0.50      0.00      0.00      0.00      1.50
12:33:47 AM     all     93.75      0.00      0.75      0.00      0.00      0.50      0.25      0.00      0.00      4.75
12:33:48 AM     all     92.48      0.00      0.25      0.00      0.00      0.50      0.00      0.00      0.00      6.77
12:33:49 AM     all     97.26      0.00      0.75      0.00      0.00      0.75      0.00      0.00      0.00      1.25
12:33:50 AM     all     97.00      0.00      0.50      0.00      0.00      0.50      0.25      0.00      0.00      1.75
12:33:51 AM     all     98.75      0.00      0.50      0.00      0.00      0.50      0.25      0.00      0.00      0.00
12:33:52 AM     all     94.26      0.00      0.50      0.00      0.00      0.75      0.00      0.00      0.00      4.49
12:33:53 AM     all     96.99      0.00      0.50      0.00      0.00      0.50      0.25      0.00      0.00      1.75
12:33:54 AM     all     97.49      0.00      0.50      0.00      0.00      0.50      0.00      0.00      0.00      1.50
12:33:55 AM     all     93.50      0.00      0.50      0.00      0.00      0.75      0.25      0.00      0.00      5.00
12:33:56 AM     all     95.76      0.00      0.50      0.00      0.00      0.50      0.00      0.00      0.00      3.24
12:33:57 AM     all     99.00      0.00      0.50      0.00      0.00      0.50      0.00      0.00      0.00      0.00
12:33:58 AM     all     98.00      0.00      1.25      0.00      0.00      0.50      0.25      0.00      0.00      0.00
12:33:59 AM     all     95.51      0.00      0.50      0.00      0.00      0.75      0.00      0.00      0.00      3.24
12:34:00 AM     all     95.99      0.00      1.00      0.00      0.00      0.50      0.25      0.00      0.00      2.26
12:34:01 AM     all     98.00      0.00      0.50      0.00      0.00      0.75      0.00      0.00      0.00      0.75
12:34:02 AM     all     98.50      0.00      0.50      0.00      0.00      0.50      0.00      0.00      0.00      0.50
12:34:03 AM     all     98.50      0.00      0.75      0.00      0.00      0.50      0.25      0.00      0.00      0.00
12:34:04 AM     all     96.24      0.00      0.50      0.00      0.00      0.50      0.00      0.00      0.00      2.76
12:34:05 AM     all     99.00      0.00      0.50      0.00      0.00      0.50      0.00      0.00      0.00      0.00
12:34:06 AM     all     95.25      0.00      0.75      0.00      0.00      0.75      0.25      0.00      0.00      3.00
12:34:07 AM     all     99.00      0.00      0.50      0.00      0.00      0.50      0.00      0.00      0.00      0.00
12:34:08 AM     all     96.26      0.00      0.75      0.00      0.00      0.75      0.25      0.00      0.00      2.00
12:34:09 AM     all     96.24      0.00      0.50      0.00      0.00      0.50      0.00      0.00      0.00      2.76
12:34:10 AM     all     99.00      0.00      0.50      0.00      0.00      0.50      0.00      0.00      0.00      0.00
12:34:11 AM     all     95.75      0.00      0.75      0.00      0.00      0.50      0.25      0.00      0.00      2.75
12:34:12 AM     all     93.52      0.00      0.50      0.00      0.00      0.50      0.00      0.00      0.00      5.49
12:34:13 AM     all     23.87      0.00      1.26      0.00      0.00      0.50      0.25      0.00      0.00     74.12
12:34:14 AM     all     25.12      0.00      1.00      0.00      0.00      0.50      0.00      0.00      0.00     73.38
12:34:15 AM     all     24.81      0.00      0.50      0.00      0.00      0.50      0.25      0.00      0.00     73.93
12:34:16 AM     all     25.19      0.00      0.00      0.00      0.00      0.25      0.00      0.00      0.00     74.56
12:34:17 AM     all     25.00      0.00      0.50      0.00      0.00      0.50      0.25      0.00      0.00     73.75
12:34:18 AM     all     25.31      0.00      0.25      0.00      0.00      0.50      0.00      0.00      0.00     73.93
12:34:19 AM     all     24.81      0.00      0.75      0.00      0.00      0.25      0.00      0.00      0.00     74.19
12:34:20 AM     all     24.31      0.00      0.75      0.00      0.00      0.50      0.25      0.00      0.00     74.19
12:34:21 AM     all     24.87      0.00      0.25      0.00      0.00      0.50      0.00      0.00      0.00     74.37
12:34:22 AM     all     25.25      0.00      0.25      0.25      0.00      0.25      0.25      0.00      0.00     73.75
12:34:23 AM     all     25.00      0.00      0.75      0.00      0.00      0.50      0.00      0.00      0.00     73.75
12:34:24 AM     all     24.94      0.00      0.50      0.00      0.00      0.50      0.25      0.00      0.00     73.82
12:34:25 AM     all     25.19      0.00      0.25      0.00      0.00      0.25      0.00      0.00      0.00     74.31
12:34:26 AM     all     25.00      0.00      0.25      0.00      0.00      0.50      0.25      0.00      0.00     74.00
12:34:27 AM     all     18.43      0.00      0.51      0.00      0.00      0.51      0.00      0.00      0.00     80.56
12:34:28 AM     all     24.94      0.00      0.25      0.00      0.00      0.25      0.25      0.00      0.00     74.31
12:34:29 AM     all     25.06      0.00      0.25      0.00      0.00      0.50      0.00      0.00      0.00     74.19
12:34:30 AM     all     24.87      0.00      0.25      0.00      0.00      0.50      0.25      0.00      0.00     74.12
12:34:31 AM     all     25.50      0.00      0.25      0.00      0.00      0.25      0.00      0.00      0.00     74.00
12:34:32 AM     all     25.19      0.00      0.25      0.00      0.00      0.50      0.00      0.00      0.00     74.06
12:34:33 AM     all     24.94      0.00      0.50      0.00      0.00      0.25      0.25      0.00      0.00     74.06
12:34:34 AM     all     23.37      0.00      1.01      0.00      0.00      0.50      0.25      0.00      0.00     74.87
12:34:35 AM     all     24.87      0.00      0.25      0.00      0.00      0.50      0.00      0.00      0.00     74.37
12:34:36 AM     all     25.19      0.00      0.25      0.00      0.00      0.25      0.00      0.00      0.00     74.31
12:34:37 AM     all     24.94      0.00      0.50      0.25      0.00      0.50      0.25      0.00      0.00     73.57
12:34:38 AM     all     25.13      0.00      0.25      0.00      0.00      0.50      0.00      0.00      0.00     74.12
12:34:39 AM     all     25.31      0.00      0.00      0.00      0.00      0.25      0.25      0.00      0.00     74.19
12:34:40 AM     all     24.49      0.00      0.51      0.00      0.00      0.51      0.00      0.00      0.00     74.49
12:34:41 AM     all     25.00      0.00      0.25      0.00      0.00      0.50      0.25      0.00      0.00     74.00
12:34:42 AM     all     25.13      0.00      0.50      0.00      0.00      0.25      0.00      0.00      0.00     74.12
12:34:43 AM     all     25.25      0.00      0.74      0.00      0.00      0.50      0.25      0.00      0.00     73.27
12:34:44 AM     all     25.06      0.00      0.50      0.00      0.00      0.50      0.00      0.00      0.00     73.93
12:34:45 AM     all     25.13      0.00      0.25      0.00      0.00      0.25      0.25      0.00      0.00     74.12
12:34:46 AM     all     25.13      0.00      0.25      0.00      0.00      0.50      0.00      0.00      0.00     74.12
12:34:47 AM     all     50.00      0.00      5.75      0.25      0.00      0.50      0.25      0.00      0.00     43.25
12:34:48 AM     all     98.00      0.00      1.25      0.00      0.00      0.75      0.00      0.00      0.00      0.00
12:34:49 AM     all     85.71      0.00      0.50      0.00      0.00      0.50      0.25      0.00      0.00     13.03
12:34:50 AM     all     99.00      0.00      0.50      0.00      0.00      0.50      0.00      0.00      0.00      0.00
12:34:51 AM     all     97.99      0.00      0.75      0.00      0.00      0.50      0.00      0.00      0.00      0.75
12:34:52 AM     all     99.00      0.00      0.25      0.00      0.00      0.50      0.25      0.00      0.00      0.00
12:34:53 AM     all     95.25      0.00      1.00      0.00      0.00      0.50      0.00      0.00      0.00      3.25
12:34:54 AM     all     99.00      0.00      0.50      0.00      0.00      0.50      0.00      0.00      0.00      0.00
12:34:55 AM     all     95.25      0.00      0.50      0.00      0.00      0.75      0.25      0.00      0.00      3.25
12:34:56 AM     all     98.25      0.00      0.75      0.00      0.00      0.50      0.25      0.00      0.00      0.25
12:34:57 AM     all     99.25      0.00      0.25      0.00      0.00      0.50      0.00      0.00      0.00      0.00
12:34:58 AM     all     98.75      0.00      0.50      0.00      0.00      0.50      0.00      0.00      0.00      0.25
12:34:59 AM     all     94.25      0.00      0.50      0.00      0.00      0.50      0.25      0.00      0.00      4.50
12:35:00 AM     all     98.75      0.00      0.75      0.00      0.00      0.50      0.00      0.00      0.00      0.00
12:35:01 AM     all     95.00      0.00      0.75      0.00      0.00      0.50      0.00      0.00      0.00      3.75
12:35:02 AM     all     98.50      0.00      0.50      0.00      0.00      0.75      0.25      0.00      0.00      0.00
12:35:03 AM     all     98.50      0.00      0.75      0.00      0.00      0.50      0.25      0.00      0.00      0.00
12:35:04 AM     all     98.75      0.00      0.50      0.00      0.00      0.75      0.00      0.00      0.00      0.00
12:35:05 AM     all     99.25      0.00      0.25      0.00      0.00      0.50      0.00      0.00      0.00      0.00
12:35:06 AM     all     99.00      0.00      0.25      0.00      0.00      0.50      0.25      0.00      0.00      0.00
12:35:07 AM     all     99.25      0.00      0.25      0.00      0.00      0.50      0.00      0.00      0.00      0.00
12:35:08 AM     all     92.48      0.00      0.00      0.00      0.00      0.75      0.00      0.00      0.00      6.77
12:35:09 AM     all     98.00      0.00      0.50      0.00      0.00      0.50      0.25      0.00      0.00      0.75
12:35:10 AM     all     95.48      0.00      0.00      0.00      0.00      0.50      0.00      0.00      0.00      4.02
12:35:11 AM     all     98.25      0.00      1.00      0.00      0.00      0.50      0.25      0.00      0.00      0.00
12:35:12 AM     all     97.50      0.00      0.50      0.00      0.00      0.75      0.00      0.00      0.00      1.25
12:35:13 AM     all     98.50      0.00      0.50      0.00      0.00      0.50      0.25      0.00      0.00      0.25
12:35:14 AM     all     95.50      0.00      0.25      0.00      0.00      0.50      0.00      0.00      0.00      3.75
12:35:15 AM     all     94.72      0.00      0.25      0.00      0.00      0.50      0.00      0.00      0.00      4.52
12:35:16 AM     all     98.25      0.00      0.75      0.00      0.00      0.75      0.25      0.00      0.00      0.00
12:35:17 AM     all     81.75      0.00      0.75      0.00      0.00      0.50      0.00      0.00      0.00     17.00
12:35:18 AM     all     25.13      0.00      0.50      0.00      0.00      0.50      0.25      0.00      0.00     73.62
12:35:19 AM     all     22.81      0.00      0.75      0.00      0.00      0.25      0.25      0.00      0.00     75.94
12:35:20 AM     all     24.94      0.00      0.25      0.00      0.00      0.50      0.00      0.00      0.00     74.31
12:35:21 AM     all     25.13      0.00      0.25      0.00      0.00      0.50      0.00      0.00      0.00     74.12
12:35:22 AM     all     25.00      0.00      0.25      0.25      0.00      0.50      0.25      0.00      0.00     73.75
12:35:23 AM     all     24.75      0.00      1.00      0.00      0.00      0.25      0.00      0.00      0.00     74.00
12:35:24 AM     all     25.19      0.00      0.50      0.00      0.00      0.50      0.25      0.00      0.00     73.57
12:35:25 AM     all     24.31      0.00      0.75      0.00      0.00      0.25      0.00      0.00      0.00     74.69
12:35:26 AM     all     19.05      0.00      0.50      0.00      0.00      0.50      0.25      0.00      0.00     79.70
12:35:27 AM     all     25.00      0.00      0.50      0.00      0.00      0.50      0.00      0.00      0.00     74.00
12:35:28 AM     all     25.06      0.00      0.25      0.00      0.00      0.50      0.25      0.00      0.00     73.93
12:35:29 AM     all     25.06      0.00      0.50      0.00      0.00      0.25      0.00      0.00      0.00     74.19
12:35:30 AM     all     24.88      0.00      0.75      0.00      0.00      0.50      0.25      0.00      0.00     73.63
12:35:31 AM     all     25.06      0.00      0.50      0.00      0.00      0.50      0.00      0.00      0.00     73.93
12:35:32 AM     all     23.37      0.00      1.26      0.00      0.00      0.50      0.25      0.00      0.00     74.62
12:35:33 AM     all     25.06      0.00      0.50      0.00      0.00      0.25      0.00      0.00      0.00     74.19
12:35:34 AM     all     25.00      0.00      0.50      0.00      0.00      0.50      0.25      0.00      0.00     73.75
12:35:35 AM     all     24.94      0.00      0.25      0.00      0.00      0.25      0.00      0.00      0.00     74.56
12:35:36 AM     all     25.06      0.00      0.50      0.00      0.00      0.50      0.00      0.00      0.00     73.93
12:35:37 AM     all     24.81      0.00      0.25      0.25      0.00      0.25      0.25      0.00      0.00     74.19
12:35:38 AM     all     25.06      0.00      0.50      0.00      0.00      0.50      0.00      0.00      0.00     73.93
12:35:39 AM     all     19.60      0.00      0.75      0.00      0.00      0.50      0.25      0.00      0.00     78.89
12:35:40 AM     all     25.19      0.00      0.50      0.00      0.00      0.25      0.00      0.00      0.00     74.06
12:35:41 AM     all     25.19      0.00      0.25      0.00      0.00      0.50      0.25      0.00      0.00     73.82
12:35:42 AM     all     25.13      0.00      0.75      0.00      0.00      0.25      0.00      0.00      0.00     73.87
12:35:43 AM     all     24.81      0.00      0.25      0.00      0.00      0.50      0.25      0.00      0.00     74.19
12:35:44 AM     all     25.13      0.00      0.25      0.00      0.00      0.50      0.00      0.00      0.00     74.12
12:35:45 AM     all     24.75      0.00      0.75      0.00      0.00      0.25      0.25      0.00      0.00     74.00
12:35:46 AM     all     23.68      0.00      0.76      0.00      0.00      0.50      0.00      0.00      0.00     75.06
12:35:47 AM     all     25.06      0.00      0.25      0.25      0.00      0.25      0.25      0.00      0.00     73.93
12:35:48 AM     all     24.87      0.00      0.50      0.00      0.00      0.50      0.00      0.00      0.00     74.12
12:35:49 AM     all     25.00      0.00      0.00      0.00      0.00      0.25      0.25      0.00      0.00     74.49
12:35:50 AM     all     25.44      0.00      0.50      0.00      0.00      0.50      0.00      0.00      0.00     73.57
12:35:51 AM     all     25.06      0.00      0.50      0.00      0.00      0.25      0.00      0.00      0.00     74.19
12:35:52 AM     all     25.50      0.00      0.25      0.25      0.00      0.50      0.25      0.00      0.00     73.25
12:35:53 AM     all     72.93      0.00      6.27      0.00      0.00      0.50      0.25      0.00      0.00     20.05
12:35:54 AM     all     98.75      0.00      0.50      0.00      0.00      0.75      0.00      0.00      0.00      0.00
12:35:55 AM     all     87.00      0.00      0.75      0.00      0.00      0.50      0.25      0.00      0.00     11.50
12:35:56 AM     all     99.25      0.00      0.25      0.00      0.00      0.50      0.00      0.00      0.00      0.00
12:35:57 AM     all     94.99      0.00      0.50      0.00      0.00      0.50      0.00      0.00      0.00      4.01
12:35:58 AM     all     98.26      0.00      0.75      0.00      0.00      0.75      0.25      0.00      0.00      0.00
12:35:59 AM     all     92.73      0.00      0.50      0.00      0.00      0.50      0.00      0.00      0.00      6.27
12:36:00 AM     all     98.50      0.00      0.75      0.00      0.00      0.50      0.25      0.00      0.00      0.00
12:36:01 AM     all     94.99      0.00      1.00      0.00      0.00      0.75      0.00      0.00      0.00      3.26
12:36:02 AM     all     98.75      0.00      0.50      0.00      0.00      0.50      0.25      0.00      0.00      0.00
12:36:03 AM     all     95.48      0.00      0.25      0.00      0.00      0.50      0.00      0.00      0.00      3.77
12:36:04 AM     all     98.75      0.00      0.50      0.00      0.00      0.75      0.00      0.00      0.00      0.00
12:36:05 AM     all     93.50      0.00      0.75      0.00      0.00      0.50      0.25      0.00      0.00      5.00
12:36:06 AM     all     99.00      0.00      0.50      0.00      0.00      0.50      0.00      0.00      0.00      0.00
12:36:07 AM     all     98.75      0.00      0.75      0.00      0.00      0.50      0.00      0.00      0.00      0.00
12:36:08 AM     all     98.75      0.00      0.50      0.00      0.00      0.50      0.25      0.00      0.00      0.00
12:36:09 AM     all     95.99      0.00      1.25      0.00      0.00      0.75      0.00      0.00      0.00      2.01
12:36:10 AM     all     98.75      0.00      0.50      0.00      0.00      0.50      0.25      0.00      0.00      0.00
12:36:11 AM     all     90.70      0.00      0.25      0.00      0.00      0.50      0.00      0.00      0.00      8.54
12:36:12 AM     all     98.26      0.00      0.75      0.00      0.00      0.75      0.25      0.00      0.00      0.00
12:36:13 AM     all     95.98      0.00      0.75      0.00      0.00      0.50      0.00      0.00      0.00      2.76
12:36:14 AM     all     96.25      0.00      0.25      0.00      0.00      0.50      0.00      0.00      0.00      3.00
12:36:15 AM     all     98.76      0.00      0.50      0.00      0.00      0.50      0.25      0.00      0.00      0.00
12:36:16 AM     all     96.49      0.00      1.50      0.00      0.00      0.75      0.00      0.00      0.00      1.25
12:36:17 AM     all     98.75      0.00      0.50      0.00      0.00      0.50      0.25      0.00      0.00      0.00
12:36:18 AM     all     95.25      0.00      0.50      0.00      0.00      0.50      0.00      0.00      0.00      3.75
12:36:19 AM     all     97.99      0.00      0.25      0.00      0.00      0.50      0.00      0.00      0.00      1.26
12:36:20 AM     all     97.76      0.00      0.50      0.00      0.00      0.50      0.25      0.00      0.00      1.00
12:36:21 AM     all     96.26      0.00      0.50      0.00      0.00      0.50      0.00      0.00      0.00      2.74
12:36:22 AM     all     99.25      0.00      0.25      0.00      0.00      0.50      0.00      0.00      0.00      0.00
12:36:23 AM     all     50.38      0.00      0.25      0.00      0.00      0.50      0.25      0.00      0.00     48.61
12:36:24 AM     all     23.56      0.00      0.75      0.00      0.00      0.50      0.25      0.00      0.00     74.94
12:36:25 AM     all     25.06      0.00      0.50      0.00      0.00      0.50      0.00      0.00      0.00     73.93
12:36:26 AM     all     25.13      0.00      0.25      0.00      0.00      0.25      0.25      0.00      0.00     74.12
12:36:27 AM     all     24.87      0.00      0.50      0.00      0.00      0.50      0.00      0.00      0.00     74.12
12:36:28 AM     all     24.81      0.00      0.75      0.00      0.00      0.25      0.25      0.00      0.00     73.93
12:36:29 AM     all     25.00      0.00      0.50      0.00      0.00      0.50      0.00      0.00      0.00     74.00
12:36:30 AM     all     25.13      0.00      0.00      0.00      0.00      0.50      0.25      0.00      0.00     74.12
12:36:31 AM     all     23.93      0.00      0.76      0.00      0.00      0.50      0.00      0.00      0.00     74.81
12:36:32 AM     all     25.13      0.00      0.25      0.00      0.00      0.25      0.25      0.00      0.00     74.12
12:36:33 AM     all     24.87      0.00      0.25      0.00      0.00      0.50      0.00      0.00      0.00     74.37
12:36:34 AM     all     25.06      0.00      0.25      0.00      0.00      0.50      0.25      0.00      0.00     73.93
12:36:35 AM     all     24.94      0.00      0.50      0.00      0.00      0.25      0.00      0.00      0.00     74.31
12:36:36 AM     all     25.06      0.00      0.25      0.00      0.00      0.50      0.00      0.00      0.00     74.19
12:36:37 AM     all     23.25      0.00      1.00      0.25      0.00      0.50      0.25      0.00      0.00     74.75
12:36:38 AM     all     25.13      0.00      0.25      0.00      0.00      0.25      0.25      0.00      0.00     74.12
12:36:39 AM     all     24.94      0.00      0.75      0.00      0.00      0.50      0.00      0.00      0.00     73.82
12:36:40 AM     all     24.94      0.00      0.25      0.00      0.00      0.50      0.00      0.00      0.00     74.31
12:36:41 AM     all     25.06      0.00      0.25      0.00      0.00      0.25      0.25      0.00      0.00     74.19
12:36:42 AM     all     24.87      0.00      0.50      0.00      0.00      0.50      0.00      0.00      0.00     74.12
12:36:43 AM     all     25.06      0.00      0.25      0.00      0.00      0.50      0.25      0.00      0.00     73.93
12:36:44 AM     all     20.35      0.00      0.75      0.00      0.00      0.25      0.00      0.00      0.00     78.64
12:36:45 AM     all     24.94      0.00      0.75      0.00      0.00      0.50      0.25      0.00      0.00     73.57
12:36:46 AM     all     25.13      0.00      0.25      0.00      0.00      0.50      0.00      0.00      0.00     74.12
12:36:47 AM     all     25.06      0.00      0.50      0.00      0.00      0.25      0.25      0.00      0.00     73.93
12:36:48 AM     all     25.13      0.00      0.25      0.00      0.00      0.50      0.00      0.00      0.00     74.12
12:36:49 AM     all     24.81      0.00      0.50      0.00      0.00      0.50      0.00      0.00      0.00     74.19
12:36:50 AM     all     25.00      0.00      0.50      0.00      0.00      0.25      0.25      0.00      0.00     74.00
12:36:51 AM     all     24.06      0.00      1.00      0.00      0.00      0.50      0.25      0.00      0.00     74.19
12:36:52 AM     all     25.00      0.00      0.50      0.25      0.00      0.50      0.00      0.00      0.00     73.75
12:36:53 AM     all     24.81      0.00      0.50      0.00      0.00      0.50      0.25      0.00      0.00     73.93
12:36:54 AM     all     25.19      0.00      0.25      0.00      0.00      0.25      0.00      0.00      0.00     74.31
12:36:55 AM     all     25.06      0.00      0.25      0.00      0.00      0.50      0.25      0.00      0.00     73.93
12:36:56 AM     all     25.06      0.00      0.50      0.00      0.00      0.50      0.00      0.00      0.00     73.93
12:36:57 AM     all     25.25      0.00      0.50      0.00      0.00      0.25      0.25      0.00      0.00     73.75
12:36:58 AM     all     73.25      0.00      6.00      0.00      0.00      0.75      0.00      0.00      0.00     20.00
12:36:59 AM     all     98.75      0.00      0.50      0.00      0.00      0.50      0.25      0.00      0.00      0.00
12:37:00 AM     all     87.72      0.00      2.01      0.00      0.00      0.50      0.00      0.00      0.00      9.77
12:37:01 AM     all     99.00      0.00      0.50      0.00      0.00      0.50      0.00      0.00      0.00      0.00
12:37:02 AM     all     85.25      0.00      0.50      0.00      0.00      0.50      0.25      0.00      0.00     13.50
12:37:03 AM     all     98.75      0.00      0.50      0.00      0.00      0.75      0.00      0.00      0.00      0.00
12:37:04 AM     all     92.00      0.00      0.25      0.00      0.00      0.50      0.25      0.00      0.00      7.00
12:37:05 AM     all     99.25      0.00      0.25      0.00      0.00      0.50      0.00      0.00      0.00      0.00
12:37:06 AM     all     94.25      0.00      0.50      0.00      0.00      0.25      0.00      0.00      0.00      5.00
12:37:07 AM     all     98.00      0.00      1.00      0.00      0.00      0.75      0.25      0.00      0.00      0.00
12:37:08 AM     all     92.71      0.00      0.25      0.00      0.00      0.50      0.25      0.00      0.00      6.28
12:37:09 AM     all     99.00      0.00      0.25      0.00      0.00      0.75      0.00      0.00      0.00      0.00
12:37:10 AM     all     94.49      0.00      0.25      0.00      0.00      0.50      0.00      0.00      0.00      4.76
12:37:11 AM     all     98.75      0.00      0.50      0.00      0.00      0.50      0.25      0.00      0.00      0.00
12:37:12 AM     all     97.50      0.00      0.50      0.00      0.00      0.50      0.00      0.00      0.00      1.50
12:37:13 AM     all     99.25      0.00      0.25      0.00      0.00      0.50      0.00      0.00      0.00      0.00
12:37:14 AM     all     94.26      0.00      0.50      0.00      0.00      0.50      0.25      0.00      0.00      4.49
12:37:15 AM     all     98.25      0.00      1.00      0.00      0.00      0.75      0.00      0.00      0.00      0.00
12:37:16 AM     all     94.75      0.00      0.25      0.00      0.00      0.50      0.25      0.00      0.00      4.25
12:37:17 AM     all     96.24      0.00      0.75      0.00      0.00      0.75      0.00      0.00      0.00      2.26
12:37:18 AM     all     99.00      0.00      0.50      0.00      0.00      0.50      0.00      0.00      0.00      0.00
12:37:19 AM     all     95.76      0.00      0.50      0.00      0.00      0.50      0.25      0.00      0.00      2.99
12:37:20 AM     all     99.00      0.00      0.50      0.00      0.00      0.50      0.00      0.00      0.00      0.00
12:37:21 AM     all     91.21      0.00      0.25      0.00      0.00      0.50      0.25      0.00      0.00      7.79
12:37:22 AM     all     98.75      0.00      0.25      0.00      0.00      0.50      0.00      0.00      0.00      0.50
12:37:23 AM     all     93.95      0.00      0.50      0.00      0.00      0.76      0.25      0.00      0.00      4.53
12:37:24 AM     all     98.75      0.00      0.75      0.00      0.00      0.50      0.00      0.00      0.00      0.00
12:37:25 AM     all     98.50      0.00      0.50      0.00      0.00      0.75      0.25      0.00      0.00      0.00
12:37:26 AM     all     97.50      0.00      0.25      0.00      0.00      0.50      0.00      0.00      0.00      1.75
12:37:27 AM     all     95.24      0.00      0.50      0.00      0.00      0.50      0.00      0.00      0.00      3.76
12:37:28 AM     all     59.75      0.00      1.00      0.00      0.00      0.50      0.25      0.00      0.00     38.50
12:37:29 AM     all     24.87      0.00      0.25      0.00      0.00      0.50      0.00      0.00      0.00     74.37
12:37:30 AM     all     23.69      0.00      1.00      0.00      0.00      0.50      0.25      0.00      0.00     74.56
12:37:31 AM     all     25.38      0.00      0.25      0.00      0.00      0.25      0.00      0.00      0.00     74.12
12:37:32 AM     all     25.00      0.00      0.50      0.00      0.00      0.50      0.25      0.00      0.00     73.75
12:37:33 AM     all     25.19      0.00      0.25      0.00      0.00      0.25      0.00      0.00      0.00     74.31
12:37:34 AM     all     24.94      0.00      0.50      0.00      0.00      0.50      0.25      0.00      0.00     73.82
12:37:35 AM     all     24.94      0.00      0.25      0.00      0.00      0.50      0.00      0.00      0.00     74.31
12:37:36 AM     all     25.00      0.00      0.50      0.00      0.00      0.25      0.25      0.00      0.00     74.00
12:37:37 AM     all     24.43      0.00      0.76      0.00      0.00      0.50      0.00      0.00      0.00     74.31
12:37:38 AM     all     25.19      0.00      0.25      0.25      0.00      0.50      0.25      0.00      0.00     73.57
12:37:39 AM     all     24.94      0.00      0.25      0.00      0.00      0.25      0.00      0.00      0.00     74.56
12:37:40 AM     all     25.06      0.00      0.25      0.00      0.00      0.50      0.25      0.00      0.00     73.93
12:37:41 AM     all     24.94      0.00      0.75      0.00      0.00      0.50      0.00      0.00      0.00     73.82
12:37:42 AM     all     25.31      0.00      0.25      0.00      0.00      0.25      0.25      0.00      0.00     73.93
12:37:43 AM     all     24.62      0.00      0.50      0.00      0.00      0.50      0.00      0.00      0.00     74.37
12:37:44 AM     all     25.06      0.00      0.50      0.00      0.00      0.50      0.25      0.00      0.00     73.68
12:37:45 AM     all     25.13      0.00      0.25      0.00      0.00      0.50      0.00      0.00      0.00     74.12
12:37:46 AM     all     25.06      0.00      0.25      0.00      0.00      0.25      0.25      0.00      0.00     74.19
12:37:47 AM     all     24.87      0.00      0.50      0.00      0.00      0.50      0.00      0.00      0.00     74.12
12:37:48 AM     all     25.00      0.00      0.50      0.00      0.00      0.50      0.25      0.00      0.00     73.75
12:37:49 AM     all     25.44      0.00      0.75      0.00      0.00      0.50      0.00      0.00      0.00     73.32
12:37:50 AM     all     24.50      0.00      0.75      0.00      0.00      0.50      0.25      0.00      0.00     74.00
12:37:51 AM     all     24.87      0.00      0.50      0.00      0.00      0.25      0.25      0.00      0.00     74.12
12:37:52 AM     all     25.25      0.00      0.25      0.00      0.00      0.50      0.00      0.00      0.00     74.00
12:37:53 AM     all     25.63      0.00      0.25      0.00      0.00      0.50      0.00      0.00      0.00     73.62
12:37:54 AM     all     24.87      0.00      0.50      0.00      0.00      0.25      0.25      0.00      0.00     74.12
12:37:55 AM     all     24.87      0.00      0.50      0.00      0.00      0.50      0.00      0.00      0.00     74.12
12:37:56 AM     all     24.94      0.00      0.50      0.00      0.00      0.50      0.25      0.00      0.00     73.82
12:37:57 AM     all     24.56      0.00      0.50      0.00      0.00      0.50      0.25      0.00      0.00     74.19
12:37:58 AM     all     24.94      0.00      0.25      0.25      0.00      0.25      0.00      0.00      0.00     74.31
12:37:59 AM     all     25.19      0.00      0.25      0.00      0.00      0.50      0.00      0.00      0.00     74.06
12:38:00 AM     all     25.87      0.00      1.49      0.00      0.00      0.50      0.25      0.00      0.00     71.89
12:38:01 AM     all     24.94      0.00      0.50      0.00      0.00      0.25      0.00      0.00      0.00     74.31
12:38:02 AM     all     24.94      0.00      0.50      0.00      0.00      0.50      0.25      0.00      0.00     73.82
12:38:03 AM     all     21.91      0.00      4.28      0.00      0.00      0.25      0.00      0.00      0.00     73.55
12:38:04 AM     all     93.78      0.00      2.24      0.00      0.00      0.75      0.50      0.00      0.00      2.74
12:38:05 AM     all     97.00      0.00      0.50      0.00      0.00      0.75      0.00      0.00      0.00      1.75
12:38:06 AM     all     90.23      0.00      0.50      0.00      0.00      0.50      0.00      0.00      0.00      8.77
12:38:07 AM     all     98.75      0.00      0.50      0.00      0.00      0.50      0.25      0.00      0.00      0.00
12:38:08 AM     all     91.00      0.00      0.75      0.00      0.00      0.50      0.00      0.00      0.00      7.75
12:38:09 AM     all     98.50      0.00      0.75      0.00      0.00      0.50      0.25      0.00      0.00      0.00
12:38:10 AM     all     92.00      0.00      0.50      0.00      0.00      0.50      0.00      0.00      0.00      7.00
12:38:11 AM     all     98.75      0.00      0.75      0.00      0.00      0.50      0.00      0.00      0.00      0.00
12:38:12 AM     all     91.98      0.00      1.00      0.00      0.00      0.50      0.25      0.00      0.00      6.27
12:38:13 AM     all     98.50      0.00      0.75      0.00      0.00      0.75      0.00      0.00      0.00      0.00
12:38:14 AM     all     97.00      0.00      0.50      0.00      0.00      0.50      0.25      0.00      0.00      1.75
12:38:15 AM     all     98.75      0.00      0.75      0.00      0.00      0.50      0.00      0.00      0.00      0.00
12:38:16 AM     all     99.00      0.00      0.50      0.00      0.00      0.50      0.00      0.00      0.00      0.00
12:38:17 AM     all     99.00      0.00      0.25      0.00      0.00      0.50      0.25      0.00      0.00      0.00
12:38:18 AM     all     98.75      0.00      0.75      0.00      0.00      0.50      0.00      0.00      0.00      0.00
12:38:19 AM     all     98.50      0.00      0.75      0.00      0.00      0.75      0.00      0.00      0.00      0.00
12:38:20 AM     all     94.00      0.00      0.50      0.00      0.00      0.50      0.25      0.00      0.00      4.75
12:38:21 AM     all     98.50      0.00      0.75      0.00      0.00      0.75      0.00      0.00      0.00      0.00
12:38:22 AM     all     95.25      0.00      0.25      0.00      0.00      0.50      0.25      0.00      0.00      3.75
12:38:23 AM     all     98.75      0.00      0.75      0.00      0.00      0.50      0.00      0.00      0.00      0.00
12:38:24 AM     all     99.00      0.00      0.25      0.00      0.00      0.75      0.00      0.00      0.00      0.00
12:38:25 AM     all     98.51      0.00      0.50      0.00      0.00      0.50      0.25      0.00      0.00      0.25
12:38:26 AM     all     99.00      0.00      0.50      0.00      0.00      0.50      0.00      0.00      0.00      0.00
12:38:27 AM     all     90.25      0.00      1.00      0.00      0.00      0.75      0.25      0.00      0.00      7.75
12:38:28 AM     all     99.25      0.00      0.25      0.00      0.00      0.50      0.00      0.00      0.00      0.00
12:38:29 AM     all     92.02      0.00      0.75      0.00      0.00      0.75      0.25      0.00      0.00      6.23
12:38:30 AM     all     99.50      0.00      0.00      0.00      0.00      0.50      0.00      0.00      0.00      0.00
12:38:31 AM     all     98.25      0.00      0.75      0.00      0.00      0.75      0.25      0.00      0.00      0.00
12:38:32 AM     all     97.50      0.00      0.50      0.00      0.00      0.50      0.00      0.00      0.00      1.50
12:38:33 AM     all     98.25      0.00      0.75      0.00      0.00      0.50      0.00      0.00      0.00      0.50
12:38:34 AM     all     38.60      0.00      1.00      0.00      0.00      0.50      0.25      0.00      0.00     59.65
12:38:35 AM     all     24.69      0.00      1.00      0.00      0.00      0.50      0.25      0.00      0.00     73.57
12:38:36 AM     all     25.06      0.00      0.75      0.00      0.00      0.25      0.00      0.00      0.00     73.93
Average:        all     58.77      0.00      0.63      0.01      0.00      0.49      0.11      0.00      0.00     39.99
