Linux 4.9.253-tegra (nano-desktop) 	08/17/2023 	_aarch64_	(4 CPU)

12:02:55 AM     CPU      %usr     %nice      %sys   %iowait    %steal      %irq     %soft    %guest    %gnice     %idle
12:02:56 AM     all     14.68      0.00     15.19      0.00      0.00      0.51      0.25      0.00      0.00     69.37
12:02:57 AM     all     25.19      0.00      0.50      0.00      0.00      0.50      0.25      0.00      0.00     73.55
12:02:58 AM     all     25.00      0.00      0.51      0.00      0.00      0.51      0.00      0.00      0.00     73.99
12:02:59 AM     all     25.25      0.00      0.25      0.00      0.00      0.51      0.25      0.00      0.00     73.74
12:03:00 AM     all     26.70      0.00      1.26      0.00      0.00      0.25      0.00      0.00      0.00     71.79
12:03:01 AM     all     24.94      0.00      0.50      0.25      0.00      0.76      0.00      0.00      0.00     73.55
12:03:02 AM     all     25.19      0.00      0.50      0.00      0.00      0.25      0.25      0.00      0.00     73.80
12:03:03 AM     all     24.37      0.00      0.75      0.00      0.00      0.75      0.25      0.00      0.00     73.87
12:03:04 AM     all     25.44      0.00      0.25      0.00      0.00      0.25      0.00      0.00      0.00     74.06
12:03:05 AM     all     25.13      0.00      0.25      0.00      0.00      0.50      0.00      0.00      0.00     74.12
12:03:06 AM     all     25.31      0.00      1.50      0.00      0.00      0.50      0.25      0.00      0.00     72.43
12:03:07 AM     all     25.00      0.00      0.75      0.00      0.00      0.50      0.25      0.00      0.00     73.50
12:03:08 AM     all     25.13      0.00      0.50      0.25      0.00      0.25      0.00      0.00      0.00     73.87
12:03:09 AM     all     24.81      0.00      0.50      0.00      0.00      0.50      0.25      0.00      0.00     73.93
12:03:10 AM     all     24.37      0.00      0.75      0.00      0.00      0.50      0.00      0.00      0.00     74.37
12:03:11 AM     all     25.06      0.00      0.75      0.00      0.00      0.50      0.25      0.00      0.00     73.43
12:03:12 AM     all     25.31      0.00      0.25      0.00      0.00      0.50      0.00      0.00      0.00     73.93
12:03:13 AM     all     25.00      0.00      0.50      0.00      0.00      0.50      0.25      0.00      0.00     73.75
12:03:14 AM     all     25.51      0.00      0.00      0.00      0.00      0.25      0.00      0.00      0.00     74.24
12:03:15 AM     all     25.00      0.00      0.50      0.00      0.00      0.50      0.25      0.00      0.00     73.75
12:03:16 AM     all     25.06      0.00      0.75      0.00      0.00      0.50      0.00      0.00      0.00     73.68
12:03:17 AM     all     39.80      0.00      5.79      0.00      0.00      0.50      0.25      0.00      0.00     53.65
12:03:18 AM     all     98.01      0.00      1.00      0.00      0.00      0.75      0.25      0.00      0.00      0.00
12:03:19 AM     all     78.20      0.00      0.75      0.00      0.00      0.50      0.00      0.00      0.00     20.55
12:03:20 AM     all     24.81      0.00      0.75      0.00      0.00      0.50      0.25      0.00      0.00     73.68
12:03:21 AM     all     25.13      0.00      0.75      0.00      0.00      0.50      0.00      0.00      0.00     73.62
12:03:22 AM     all     25.13      0.00      0.50      0.00      0.00      0.25      0.25      0.00      0.00     73.87
12:03:23 AM     all     25.06      0.00      0.25      0.00      0.00      0.51      0.00      0.00      0.00     74.18
12:03:24 AM     all     25.25      0.00      0.25      0.00      0.00      0.25      0.00      0.00      0.00     74.24
12:03:25 AM     all     19.30      0.00      1.25      0.00      0.00      0.50      0.25      0.00      0.00     78.70
12:03:26 AM     all     32.32      0.00      0.00      0.00      0.00      0.51      0.25      0.00      0.00     66.92
12:03:27 AM     all     79.00      0.00      0.50      0.00      0.00      0.75      0.25      0.00      0.00     19.50
12:03:28 AM     all     89.20      0.00      0.00      0.00      0.00      0.50      0.00      0.00      0.00     10.30
12:03:29 AM     all     50.25      0.00      0.50      0.00      0.00      0.50      0.25      0.00      0.00     48.49
12:03:30 AM     all     25.25      0.00      0.00      0.00      0.00      0.25      0.00      0.00      0.00     74.49
12:03:31 AM     all     24.94      0.00      0.75      0.25      0.00      0.50      0.25      0.00      0.00     73.32
12:03:32 AM     all     21.05      0.00      0.75      0.00      0.00      0.50      0.25      0.00      0.00     77.44
12:03:33 AM     all     25.25      0.00      0.00      0.00      0.00      0.51      0.00      0.00      0.00     74.24
12:03:34 AM     all     53.13      0.00      0.50      0.00      0.00      0.50      0.25      0.00      0.00     45.61
12:03:35 AM     all     82.71      0.00      0.25      0.00      0.00      0.50      0.00      0.00      0.00     16.54
12:03:36 AM     all     73.18      0.00      0.75      0.00      0.00      0.50      0.25      0.00      0.00     25.31
12:03:37 AM     all     31.00      0.00      0.50      0.00      0.00      0.50      0.25      0.00      0.00     67.75
12:03:38 AM     all     25.19      0.00      0.25      0.00      0.00      0.50      0.00      0.00      0.00     74.06
12:03:39 AM     all     23.25      0.00      0.50      0.00      0.00      0.25      0.25      0.00      0.00     75.75
12:03:40 AM     all     21.97      0.00      0.51      0.00      0.00      0.51      0.00      0.00      0.00     77.02
12:03:41 AM     all     52.02      0.00      0.51      0.00      0.00      0.51      0.25      0.00      0.00     46.72
12:03:42 AM     all     85.89      0.00      0.25      0.00      0.00      0.50      0.25      0.00      0.00     13.10
12:03:43 AM     all     79.70      0.00      0.50      0.00      0.00      0.50      0.25      0.00      0.00     19.05
12:03:44 AM     all     37.28      0.00      0.50      0.00      0.00      0.50      0.00      0.00      0.00     61.71
12:03:45 AM     all     24.94      0.00      0.25      0.00      0.00      0.50      0.25      0.00      0.00     74.06
12:03:46 AM     all     25.25      0.00      0.75      0.25      0.00      0.50      0.00      0.00      0.00     73.25
12:03:47 AM     all     19.40      0.00      1.01      0.00      0.00      0.25      0.25      0.00      0.00     79.09
12:03:48 AM     all     25.25      0.00      0.25      0.00      0.00      0.51      0.00      0.00      0.00     73.99
12:03:49 AM     all     25.31      0.00      0.25      0.00      0.00      0.50      0.25      0.00      0.00     73.68
12:03:50 AM     all     25.38      0.00      0.00      0.00      0.00      0.25      0.00      0.00      0.00     74.37
12:03:51 AM     all     25.19      0.00      0.25      0.00      0.00      0.50      0.25      0.00      0.00     73.80
12:03:52 AM     all     24.87      0.00      1.01      0.00      0.00      0.50      0.00      0.00      0.00     73.62
12:03:53 AM     all     25.19      0.00      0.25      0.00      0.00      0.25      0.00      0.00      0.00     74.31
12:03:54 AM     all     14.50      0.00      1.50      0.00      0.00      0.50      0.25      0.00      0.00     83.25
12:03:55 AM     all     24.81      0.00      0.50      0.00      0.00      0.50      0.25      0.00      0.00     73.93
12:03:56 AM     all     25.13      0.00      0.50      0.25      0.00      0.50      0.00      0.00      0.00     73.62
12:03:57 AM     all     24.69      0.00      1.00      0.00      0.00      0.50      0.25      0.00      0.00     73.57
12:03:58 AM     all     24.69      0.00      1.01      0.00      0.00      0.25      0.00      0.00      0.00     74.06
12:03:59 AM     all     24.31      0.00      1.00      0.00      0.00      0.50      0.25      0.00      0.00     73.93
12:04:00 AM     all     25.94      0.00      1.51      0.00      0.00      0.50      0.00      0.00      0.00     72.04
12:04:01 AM     all     22.06      0.00      1.00      0.00      0.00      0.50      0.25      0.00      0.00     76.19
12:04:02 AM     all     21.61      0.00      0.50      0.00      0.00      0.25      0.25      0.00      0.00     77.39
12:04:03 AM     all     25.19      0.00      0.25      0.00      0.00      0.50      0.00      0.00      0.00     74.06
12:04:04 AM     all     25.94      0.00      0.76      0.00      0.00      0.50      0.00      0.00      0.00     72.80
12:04:05 AM     all     25.13      0.00      0.50      0.00      0.00      0.25      0.25      0.00      0.00     73.87
12:04:06 AM     all     25.06      0.00      0.25      0.00      0.00      0.51      0.00      0.00      0.00     74.18
12:04:07 AM     all     25.25      0.00      0.50      0.00      0.00      0.50      0.25      0.00      0.00     73.50
12:04:08 AM     all     25.00      0.00      0.25      0.00      0.00      0.51      0.00      0.00      0.00     74.24
12:04:09 AM     all     24.30      0.00      0.76      0.00      0.00      0.51      0.25      0.00      0.00     74.18
12:04:10 AM     all     25.31      0.00      0.50      0.00      0.00      0.25      0.25      0.00      0.00     73.68
12:04:11 AM     all     25.19      0.00      0.25      0.25      0.00      0.50      0.00      0.00      0.00     73.80
12:04:12 AM     all     25.38      0.00      0.25      0.00      0.00      0.50      0.25      0.00      0.00     73.62
12:04:13 AM     all     25.13      0.00      0.75      0.00      0.00      0.25      0.00      0.00      0.00     73.87
12:04:14 AM     all     25.31      0.00      0.50      0.00      0.00      0.50      0.00      0.00      0.00     73.68
12:04:15 AM     all     24.81      0.00      1.00      0.00      0.00      0.50      0.25      0.00      0.00     73.43
12:04:16 AM     all     21.61      0.00      1.76      0.00      0.00      0.50      0.25      0.00      0.00     75.88
12:04:17 AM     all     24.18      0.00      1.01      0.00      0.00      0.50      0.00      0.00      0.00     74.31
12:04:18 AM     all     24.06      0.00      1.75      0.00      0.00      0.25      0.25      0.00      0.00     73.68
12:04:19 AM     all     24.18      0.00      1.01      0.00      0.00      0.50      0.00      0.00      0.00     74.31
12:04:20 AM     all     24.19      0.00      1.50      0.00      0.00      0.50      0.25      0.00      0.00     73.57
12:04:21 AM     all     23.93      0.00      1.51      0.00      0.00      0.50      0.00      0.00      0.00     74.06
12:04:22 AM     all     23.87      0.00      1.51      0.00      0.00      0.25      0.25      0.00      0.00     74.12
12:04:23 AM     all     23.63      0.00      1.99      0.00      0.00      0.50      0.25      0.00      0.00     73.63
12:04:24 AM     all     24.87      0.00      1.01      0.00      0.00      0.50      0.00      0.00      0.00     73.62
12:04:25 AM     all     24.81      0.00      1.49      0.00      0.00      0.50      0.25      0.00      0.00     72.95
12:04:26 AM     all     24.88      0.00      1.49      0.25      0.00      0.50      0.00      0.00      0.00     72.89
12:04:27 AM     all     25.12      0.00      1.49      0.00      0.00      0.25      0.25      0.00      0.00     72.89
12:04:28 AM     all     24.81      0.00      1.25      0.00      0.00      0.50      0.00      0.00      0.00     73.43
12:04:29 AM     all     24.88      0.00      1.97      0.00      0.00      0.49      0.25      0.00      0.00     72.41
12:04:30 AM     all     41.75      0.00      8.00      0.00      0.00      0.50      0.00      0.00      0.00     49.75
12:04:31 AM     all     96.76      0.00      2.24      0.00      0.00      0.75      0.25      0.00      0.00      0.00
12:04:32 AM     all     73.57      0.00      1.75      0.00      0.00      0.50      0.00      0.00      0.00     24.19
12:04:33 AM     all     24.94      0.00      1.73      0.00      0.00      0.49      0.25      0.00      0.00     72.59
12:04:34 AM     all     24.63      0.00      1.99      0.00      0.00      0.50      0.00      0.00      0.00     72.89
12:04:35 AM     all     24.88      0.00      2.46      0.00      0.00      0.25      0.25      0.00      0.00     72.17
12:04:36 AM     all     24.57      0.00      2.23      0.00      0.00      0.50      0.00      0.00      0.00     72.70
12:04:37 AM     all     24.82      0.00      2.21      0.00      0.00      0.25      0.25      0.00      0.00     72.48
12:04:38 AM     all     21.29      0.00      2.48      0.00      0.00      0.74      0.25      0.00      0.00     75.25
12:04:39 AM     all     26.49      0.00      1.98      0.00      0.00      0.25      0.00      0.00      0.00     71.29
12:04:40 AM     all     67.08      0.00      1.73      0.00      0.00      0.50      0.25      0.00      0.00     30.45
12:04:41 AM     all     96.76      0.00      1.50      0.00      0.00      0.75      0.25      0.00      0.00      0.75
12:04:42 AM     all     54.09      0.00      1.99      0.00      0.00      0.50      0.00      0.00      0.00     43.42
12:04:43 AM     all     24.57      0.00      1.99      0.00      0.00      0.25      0.25      0.00      0.00     72.95
12:04:44 AM     all     25.00      0.00      1.73      0.00      0.00      0.50      0.00      0.00      0.00     72.77
12:04:45 AM     all     22.03      0.00      2.23      0.00      0.00      0.50      0.25      0.00      0.00     75.00
12:04:46 AM     all     24.94      0.00      1.98      0.00      0.00      0.49      0.25      0.00      0.00     72.35
12:04:47 AM     all     31.09      0.00      1.24      0.00      0.00      0.50      0.00      0.00      0.00     67.16
12:04:48 AM     all     79.10      0.00      1.49      0.00      0.00      0.50      0.25      0.00      0.00     18.66
12:04:49 AM     all     87.81      0.00      1.24      0.00      0.00      0.50      0.25      0.00      0.00     10.20
12:04:50 AM     all     40.40      0.00      1.75      0.00      0.00      0.50      0.00      0.00      0.00     57.36
12:04:51 AM     all     25.31      0.00      1.47      0.25      0.00      0.49      0.25      0.00      0.00     72.24
12:04:52 AM     all     24.44      0.00      1.75      0.00      0.00      0.50      0.00      0.00      0.00     73.32
12:04:53 AM     all     25.12      0.00      1.24      0.00      0.00      0.25      0.25      0.00      0.00     73.13
12:04:54 AM     all     30.85      0.00      1.00      0.00      0.00      0.50      0.25      0.00      0.00     67.41
12:04:55 AM     all     70.15      0.00      1.49      0.00      0.00      0.75      0.00      0.00      0.00     27.61
12:04:56 AM     all     94.51      0.00      0.75      0.00      0.00      0.50      0.25      0.00      0.00      3.99
12:04:57 AM     all     56.22      0.00      1.00      0.00      0.00      0.50      0.25      0.00      0.00     42.04
12:04:58 AM     all     25.06      0.00      1.74      0.00      0.00      0.50      0.00      0.00      0.00     72.70
12:04:59 AM     all     22.77      0.00      2.48      0.00      0.00      0.50      0.25      0.00      0.00     74.01
12:05:00 AM     all     25.56      0.00      2.98      0.00      0.00      0.50      0.25      0.00      0.00     70.72
12:05:01 AM     all     25.50      0.00      1.00      0.00      0.00      0.25      0.00      0.00      0.00     73.25
12:05:02 AM     all     25.00      0.00      1.50      0.00      0.00      0.50      0.25      0.00      0.00     72.75
12:05:03 AM     all     24.81      0.00      1.74      0.00      0.00      0.50      0.00      0.00      0.00     72.95
12:05:04 AM     all     25.37      0.00      1.00      0.00      0.00      0.50      0.25      0.00      0.00     72.89
12:05:05 AM     all     25.19      0.00      1.25      0.00      0.00      0.25      0.00      0.00      0.00     73.32
12:05:06 AM     all     24.62      0.00      1.51      0.00      0.00      0.50      0.25      0.00      0.00     73.12
12:05:07 AM     all     24.88      0.00      1.49      0.00      0.00      0.50      0.25      0.00      0.00     72.89
12:05:08 AM     all     25.12      0.00      1.24      0.00      0.00      0.50      0.00      0.00      0.00     73.13
12:05:09 AM     all     25.12      0.00      1.49      0.00      0.00      0.25      0.25      0.00      0.00     72.89
12:05:10 AM     all     25.19      0.00      1.00      0.00      0.00      0.50      0.00      0.00      0.00     73.32
12:05:11 AM     all     24.94      0.00      1.25      0.25      0.00      0.50      0.25      0.00      0.00     72.82
12:05:12 AM     all     25.00      0.00      1.25      0.00      0.00      0.25      0.00      0.00      0.00     73.50
12:05:13 AM     all     24.07      0.00      1.99      0.00      0.00      0.50      0.25      0.00      0.00     73.20
12:05:14 AM     all     25.19      0.00      0.75      0.00      0.00      0.50      0.00      0.00      0.00     73.57
12:05:15 AM     all     25.81      0.00      0.50      0.00      0.00      0.50      0.25      0.00      0.00     72.95
12:05:16 AM     all     25.13      0.00      1.01      0.00      0.00      0.25      0.00      0.00      0.00     73.62
12:05:17 AM     all     24.81      0.00      1.49      0.00      0.00      0.50      0.25      0.00      0.00     72.95
12:05:18 AM     all     25.00      0.00      1.00      0.25      0.00      0.50      0.00      0.00      0.00     73.25
12:05:19 AM     all     25.12      0.00      1.24      0.00      0.00      0.25      0.25      0.00      0.00     73.13
12:05:20 AM     all     24.37      0.00      1.01      0.00      0.00      0.50      0.25      0.00      0.00     73.87
12:05:21 AM     all     25.13      0.00      0.75      0.00      0.00      0.50      0.00      0.00      0.00     73.62
12:05:22 AM     all     24.94      0.00      0.50      0.00      0.00      0.50      0.00      0.00      0.00     74.06
12:05:23 AM     all     24.81      0.00      1.00      0.00      0.00      0.25      0.25      0.00      0.00     73.68
12:05:24 AM     all     24.75      0.00      0.51      0.00      0.00      0.51      0.00      0.00      0.00     74.24
12:05:25 AM     all     25.06      0.00      0.50      0.00      0.00      0.50      0.25      0.00      0.00     73.68
12:05:26 AM     all     24.75      0.00      0.76      0.00      0.00      0.51      0.00      0.00      0.00     73.99
12:05:27 AM     all     21.97      0.00      0.51      0.00      0.00      0.25      0.25      0.00      0.00     77.02
12:05:28 AM     all     22.17      0.00      0.25      0.00      0.00      0.50      0.00      0.00      0.00     77.08
12:05:29 AM     all     24.81      0.00      0.50      0.00      0.00      0.50      0.25      0.00      0.00     73.93
12:05:30 AM     all     25.06      0.00      0.50      0.00      0.00      0.50      0.00      0.00      0.00     73.93
12:05:31 AM     all     24.87      0.00      0.50      0.25      0.00      0.25      0.25      0.00      0.00     73.87
12:05:32 AM     all     25.13      0.00      0.25      0.00      0.00      0.50      0.00      0.00      0.00     74.12
12:05:33 AM     all     25.06      0.00      0.50      0.00      0.00      0.50      0.25      0.00      0.00     73.68
12:05:34 AM     all     24.87      0.00      0.75      0.00      0.00      0.25      0.00      0.00      0.00     74.12
12:05:35 AM     all     24.37      0.00      0.50      0.00      0.00      0.75      0.25      0.00      0.00     74.12
12:05:36 AM     all     25.13      0.00      0.25      0.00      0.00      0.25      0.00      0.00      0.00     74.37
12:05:37 AM     all     24.94      0.00      0.75      0.00      0.00      0.50      0.25      0.00      0.00     73.57
12:05:38 AM     all     24.94      0.00      0.50      0.00      0.00      0.50      0.00      0.00      0.00     74.06
12:05:39 AM     all     25.13      0.00      0.25      0.00      0.00      0.25      0.00      0.00      0.00     74.37
12:05:40 AM     all     24.69      0.00      0.50      0.00      0.00      0.50      0.25      0.00      0.00     74.06
12:05:41 AM     all     25.19      0.00      0.25      0.00      0.00      0.50      0.00      0.00      0.00     74.06
12:05:42 AM     all     66.83      0.00      6.03      0.00      0.00      0.50      0.25      0.00      0.00     26.38
12:05:43 AM     all     98.26      0.00      1.00      0.00      0.00      0.75      0.00      0.00      0.00      0.00
12:05:44 AM     all     54.14      0.00      0.25      0.00      0.00      0.50      0.25      0.00      0.00     44.86
12:05:45 AM     all     24.87      0.00      0.50      0.00      0.00      0.50      0.00      0.00      0.00     74.12
12:05:46 AM     all     25.25      0.00      0.50      0.25      0.00      0.25      0.25      0.00      0.00     73.50
12:05:47 AM     all     25.00      0.00      0.25      0.00      0.00      0.51      0.00      0.00      0.00     74.24
12:05:48 AM     all     24.94      0.00      0.50      0.00      0.00      0.50      0.25      0.00      0.00     73.82
12:05:49 AM     all     23.87      0.00      1.01      0.00      0.00      0.50      0.25      0.00      0.00     74.37
12:05:50 AM     all     25.44      0.00      0.25      0.00      0.00      0.25      0.00      0.00      0.00     74.06
12:05:51 AM     all     58.94      0.00      0.50      0.00      0.00      0.76      0.25      0.00      0.00     39.55
12:05:52 AM     all     88.75      0.00      0.50      0.00      0.00      0.50      0.00      0.00      0.00     10.25
12:05:53 AM     all     45.84      0.00      0.50      0.00      0.00      0.50      0.25      0.00      0.00     52.90
12:05:54 AM     all     50.25      0.00      0.51      0.00      0.00      0.25      0.25      0.00      0.00     48.74
12:05:55 AM     all     33.92      0.00      0.50      0.00      0.00      0.50      0.25      0.00      0.00     64.82
12:05:56 AM     all     24.31      0.00      1.25      0.00      0.00      0.50      0.25      0.00      0.00     73.68
12:05:57 AM     all     24.81      0.00      0.25      0.00      0.00      0.51      0.00      0.00      0.00     74.43
12:05:58 AM     all     32.08      0.00      0.50      0.00      0.00      0.50      0.25      0.00      0.00     66.67
12:05:59 AM     all     76.69      0.00      0.25      0.00      0.00      0.50      0.25      0.00      0.00     22.31
12:06:00 AM     all     73.12      0.00      1.01      0.00      0.00      0.50      0.00      0.00      0.00     25.38
12:06:01 AM     all     38.85      0.00      0.25      0.25      0.00      0.50      0.25      0.00      0.00     59.90
12:06:02 AM     all     46.73      0.00      0.25      0.00      0.00      0.50      0.25      0.00      0.00     52.26
12:06:03 AM     all     25.00      0.00      0.50      0.00      0.00      0.50      0.25      0.00      0.00     73.75
12:06:04 AM     all     21.11      0.00      1.51      0.00      0.00      0.25      0.00      0.00      0.00     77.14
12:06:05 AM     all     30.90      0.00      0.50      0.00      0.00      0.50      0.25      0.00      0.00     67.84
12:06:06 AM     all     75.51      0.00      0.25      0.00      0.00      0.51      0.00      0.00      0.00     23.74
12:06:07 AM     all     80.00      0.00      0.25      0.00      0.00      0.75      0.25      0.00      0.00     18.75
12:06:08 AM     all     41.71      0.00      0.50      0.00      0.00      0.25      0.25      0.00      0.00     57.29
12:06:09 AM     all     49.87      0.00      0.75      0.00      0.00      0.50      0.25      0.00      0.00     48.62
12:06:10 AM     all     26.32      0.00      0.50      0.00      0.00      0.50      0.25      0.00      0.00     72.43
12:06:11 AM     all     24.24      0.00      0.76      0.25      0.00      0.51      0.00      0.00      0.00     74.24
12:06:12 AM     all     25.19      0.00      0.50      0.00      0.00      0.50      0.25      0.00      0.00     73.55
12:06:13 AM     all     25.13      0.00      0.25      0.00      0.00      0.50      0.00      0.00      0.00     74.12
12:06:14 AM     all     26.07      0.00      0.50      0.00      0.00      0.25      0.25      0.00      0.00     72.93
12:06:15 AM     all     25.13      0.00      0.25      0.00      0.00      0.50      0.00      0.00      0.00     74.12
12:06:16 AM     all     25.19      0.00      0.00      0.00      0.00      0.50      0.25      0.00      0.00     74.06
12:06:17 AM     all     25.13      0.00      0.50      0.00      0.00      0.25      0.00      0.00      0.00     74.12
12:06:18 AM     all     24.12      0.00      0.75      0.00      0.00      0.50      0.25      0.00      0.00     74.37
12:06:19 AM     all     25.44      0.00      0.25      0.00      0.00      0.50      0.00      0.00      0.00     73.80
12:06:20 AM     all     24.94      0.00      0.25      0.00      0.00      0.50      0.25      0.00      0.00     74.06
12:06:21 AM     all     25.13      0.00      0.50      0.25      0.00      0.50      0.00      0.00      0.00     73.62
12:06:22 AM     all     25.25      0.00      0.51      0.00      0.00      0.25      0.00      0.00      0.00     73.99
12:06:23 AM     all     25.06      0.00      0.50      0.00      0.00      0.50      0.25      0.00      0.00     73.68
12:06:24 AM     all     25.00      0.00      0.25      0.00      0.00      0.51      0.00      0.00      0.00     74.24
12:06:25 AM     all     24.12      0.00      1.01      0.00      0.00      0.50      0.25      0.00      0.00     74.12
12:06:26 AM     all     24.81      0.00      0.50      0.00      0.00      0.50      0.25      0.00      0.00     73.93
12:06:27 AM     all     24.94      0.00      0.50      0.00      0.00      0.50      0.00      0.00      0.00     74.06
12:06:28 AM     all     25.19      0.00      0.25      0.00      0.00      0.25      0.00      0.00      0.00     74.31
12:06:29 AM     all     24.43      0.00      0.50      0.00      0.00      0.50      0.25      0.00      0.00     74.31
12:06:30 AM     all     24.81      0.00      0.75      0.00      0.00      0.50      0.00      0.00      0.00     73.93
12:06:31 AM     all     24.56      0.00      0.50      0.25      0.00      0.50      0.25      0.00      0.00     73.93
12:06:32 AM     all     24.18      0.00      0.76      0.00      0.00      0.50      0.00      0.00      0.00     74.56
12:06:33 AM     all     25.38      0.00      0.75      0.00      0.00      0.25      0.25      0.00      0.00     73.37
12:06:34 AM     all     25.19      0.00      0.25      0.00      0.00      0.50      0.00      0.00      0.00     74.06
12:06:35 AM     all     25.06      0.00      0.50      0.00      0.00      0.50      0.25      0.00      0.00     73.68
12:06:36 AM     all     25.19      0.00      0.76      0.00      0.00      0.25      0.00      0.00      0.00     73.80
12:06:37 AM     all     25.31      0.00      0.50      0.00      0.00      0.50      0.00      0.00      0.00     73.68
12:06:38 AM     all     25.13      0.00      0.50      0.00      0.00      0.25      0.25      0.00      0.00     73.87
12:06:39 AM     all     24.31      0.00      1.00      0.00      0.00      0.75      0.25      0.00      0.00     73.68
12:06:40 AM     all     25.19      0.00      0.50      0.00      0.00      0.25      0.00      0.00      0.00     74.06
12:06:41 AM     all     24.94      0.00      0.76      0.00      0.00      0.50      0.00      0.00      0.00     73.80
12:06:42 AM     all     25.31      0.00      0.25      0.00      0.00      0.50      0.25      0.00      0.00     73.68
12:06:43 AM     all     24.94      0.00      0.76      0.00      0.00      0.25      0.00      0.00      0.00     74.06
12:06:44 AM     all     25.19      0.00      0.25      0.00      0.00      0.50      0.25      0.00      0.00     73.80
12:06:45 AM     all     24.94      0.00      0.50      0.00      0.00      0.50      0.00      0.00      0.00     74.06
12:06:46 AM     all     20.00      0.00      1.00      0.25      0.00      0.25      0.25      0.00      0.00     78.25
12:06:47 AM     all     25.19      0.00      0.50      0.00      0.00      0.50      0.00      0.00      0.00     73.80
12:06:48 AM     all     25.19      0.00      0.00      0.00      0.00      0.50      0.25      0.00      0.00     74.06
12:06:49 AM     all     25.19      0.00      0.50      0.00      0.00      0.50      0.00      0.00      0.00     73.80
12:06:50 AM     all     25.19      0.00      0.50      0.00      0.00      0.25      0.00      0.00      0.00     74.06
12:06:51 AM     all     25.19      0.00      0.50      0.00      0.00      0.50      0.25      0.00      0.00     73.55
12:06:52 AM     all     25.19      0.00      0.25      0.00      0.00      0.50      0.00      0.00      0.00     74.06
12:06:53 AM     all     25.76      0.00      5.30      0.00      0.00      0.25      0.25      0.00      0.00     68.43
12:06:54 AM     all     97.75      0.00      1.25      0.00      0.00      0.75      0.25      0.00      0.00      0.00
12:06:55 AM     all     90.52      0.00      0.50      0.00      0.00      0.75      0.00      0.00      0.00      8.23
12:06:56 AM     all     25.19      0.00      0.25      0.25      0.00      0.25      0.25      0.00      0.00     73.80
12:06:57 AM     all     24.87      0.00      1.01      0.00      0.00      0.50      0.00      0.00      0.00     73.62
12:06:58 AM     all     25.13      0.00      0.25      0.00      0.00      0.50      0.25      0.00      0.00     73.87
12:06:59 AM     all     25.19      0.00      0.50      0.00      0.00      0.50      0.00      0.00      0.00     73.80
12:07:00 AM     all     26.38      0.00      1.01      0.00      0.00      0.25      0.00      0.00      0.00     72.36
12:07:01 AM     all     24.31      0.00      1.25      0.00      0.00      0.75      0.25      0.00      0.00     73.43
12:07:02 AM     all     33.59      0.00      0.00      0.00      0.00      0.25      0.25      0.00      0.00     65.91
12:07:03 AM     all     77.58      0.00      0.50      0.00      0.00      0.50      0.00      0.00      0.00     21.41
12:07:04 AM     all     89.78      0.00      0.25      0.00      0.00      0.75      0.25      0.00      0.00      8.98
12:07:05 AM     all     51.77      0.00      0.25      0.00      0.00      0.51      0.25      0.00      0.00     47.22
12:07:06 AM     all     25.31      0.00      0.75      0.25      0.00      0.25      0.00      0.00      0.00     73.43
12:07:07 AM     all     25.19      0.00      0.25      0.00      0.00      0.50      0.25      0.00      0.00     73.80
12:07:08 AM     all     24.12      0.00      0.75      0.00      0.00      0.50      0.25      0.00      0.00     74.37
12:07:09 AM     all     25.19      0.00      0.50      0.00      0.00      0.50      0.00      0.00      0.00     73.80
12:07:10 AM     all     49.75      0.00      0.50      0.00      0.00      0.50      0.25      0.00      0.00     48.99
12:07:11 AM     all     82.21      0.00      0.75      0.00      0.00      0.50      0.00      0.00      0.00     16.54
12:07:12 AM     all     78.59      0.00      0.25      0.00      0.00      0.50      0.25      0.00      0.00     20.40
12:07:13 AM     all     30.58      0.00      0.75      0.00      0.00      0.50      0.25      0.00      0.00     67.92
12:07:14 AM     all     24.94      0.00      0.76      0.00      0.00      0.25      0.00      0.00      0.00     74.06
12:07:15 AM     all     24.62      0.00      0.75      0.00      0.00      0.50      0.25      0.00      0.00     73.87
12:07:16 AM     all     25.25      0.00      0.25      0.00      0.00      0.51      0.00      0.00      0.00     73.99
12:07:17 AM     all     44.58      0.00      0.50      0.00      0.00      0.50      0.25      0.00      0.00     54.16
12:07:18 AM     all     85.68      0.00      0.50      0.00      0.00      0.50      0.25      0.00      0.00     13.07
12:07:19 AM     all     87.00      0.00      0.50      0.00      0.00      0.75      0.25      0.00      0.00     11.50
12:07:20 AM     all     36.87      0.00      0.25      0.00      0.00      0.25      0.00      0.00      0.00     62.63
12:07:21 AM     all     25.38      0.00      0.50      0.25      0.00      0.50      0.25      0.00      0.00     73.12
12:07:22 AM     all     24.75      0.00      0.51      0.00      0.00      0.51      0.00      0.00      0.00     74.24
12:07:23 AM     all     25.13      0.00      1.01      0.00      0.00      0.50      0.25      0.00      0.00     73.12
12:07:24 AM     all     25.06      0.00      0.51      0.00      0.00      0.25      0.00      0.00      0.00     74.18
12:07:25 AM     all     25.38      0.00      0.00      0.00      0.00      0.50      0.25      0.00      0.00     73.87
12:07:26 AM     all     25.06      0.00      0.25      0.25      0.00      0.51      0.00      0.00      0.00     73.92
12:07:27 AM     all     25.38      0.00      0.50      0.00      0.00      0.25      0.25      0.00      0.00     73.62
12:07:28 AM     all     24.94      0.00      0.50      0.00      0.00      0.50      0.00      0.00      0.00     74.06
12:07:29 AM     all     24.75      0.00      0.75      0.00      0.00      0.50      0.25      0.00      0.00     73.75
12:07:30 AM     all     24.87      0.00      0.50      0.00      0.00      0.50      0.00      0.00      0.00     74.12
12:07:31 AM     all     25.31      0.00      0.25      0.00      0.00      0.50      0.25      0.00      0.00     73.68
12:07:32 AM     all     25.19      0.00      0.25      0.00      0.00      0.25      0.00      0.00      0.00     74.31
12:07:33 AM     all     25.31      0.00      0.25      0.00      0.00      0.50      0.25      0.00      0.00     73.68
12:07:34 AM     all     25.38      0.00      0.00      0.00      0.00      0.50      0.00      0.00      0.00     74.12
12:07:35 AM     all     24.94      0.00      0.25      0.00      0.00      0.50      0.25      0.00      0.00     74.06
12:07:36 AM     all     24.06      0.00      0.50      0.25      0.00      0.25      0.00      0.00      0.00     74.94
12:07:37 AM     all     23.04      0.00      0.51      0.00      0.00      0.51      0.25      0.00      0.00     75.70
12:07:38 AM     all     25.06      0.00      0.50      0.00      0.00      0.50      0.25      0.00      0.00     73.68
12:07:39 AM     all     25.25      0.00      0.25      0.00      0.00      0.51      0.00      0.00      0.00     73.99
12:07:40 AM     all     25.06      0.00      0.75      0.00      0.00      0.25      0.25      0.00      0.00     73.68
12:07:41 AM     all     25.00      0.00      0.51      0.00      0.00      0.51      0.00      0.00      0.00     73.99
12:07:42 AM     all     25.19      0.00      0.25      0.00      0.00      0.50      0.00      0.00      0.00     74.06
12:07:43 AM     all     25.38      0.00      0.50      0.00      0.00      0.25      0.25      0.00      0.00     73.62
12:07:44 AM     all     24.49      0.00      0.76      0.00      0.00      0.51      0.25      0.00      0.00     73.99
12:07:45 AM     all     24.56      0.00      1.25      0.00      0.00      0.75      0.00      0.00      0.00     73.43
12:07:46 AM     all     24.94      0.00      0.50      0.00      0.00      0.25      0.25      0.00      0.00     74.06
12:07:47 AM     all     24.87      0.00      0.75      0.00      0.00      0.50      0.00      0.00      0.00     73.87
12:07:48 AM     all     25.00      0.00      0.25      0.00      0.00      0.51      0.00      0.00      0.00     74.24
12:07:49 AM     all     24.94      0.00      0.50      0.00      0.00      0.25      0.25      0.00      0.00     74.06
12:07:50 AM     all     24.94      0.00      0.50      0.00      0.00      0.50      0.25      0.00      0.00     73.80
12:07:51 AM     all     24.69      0.00      0.76      0.25      0.00      0.50      0.00      0.00      0.00     73.80
12:07:52 AM     all     25.06      0.00      0.50      0.00      0.00      0.50      0.25      0.00      0.00     73.68
12:07:53 AM     all     25.19      0.00      0.50      0.00      0.00      0.50      0.00      0.00      0.00     73.80
12:07:54 AM     all     25.13      0.00      0.50      0.00      0.00      0.50      0.25      0.00      0.00     73.62
12:07:55 AM     all     25.44      0.00      0.25      0.00      0.00      0.25      0.00      0.00      0.00     74.06
12:07:56 AM     all     24.94      0.00      0.50      0.25      0.00      0.76      0.25      0.00      0.00     73.30
12:07:57 AM     all     25.44      0.00      0.25      0.00      0.00      0.25      0.00      0.00      0.00     74.06
12:07:58 AM     all     23.93      0.00      1.01      0.00      0.00      0.50      0.25      0.00      0.00     74.31
12:07:59 AM     all     24.94      0.00      1.00      0.00      0.00      0.50      0.00      0.00      0.00     73.57
12:08:00 AM     all     26.13      0.00      0.75      0.00      0.00      0.50      0.25      0.00      0.00     72.36
12:08:01 AM     all     25.19      0.00      0.50      0.00      0.00      0.25      0.00      0.00      0.00     74.06
12:08:02 AM     all     24.87      0.00      0.25      0.00      0.00      0.50      0.25      0.00      0.00     74.12
12:08:03 AM     all     25.06      0.00      0.75      0.00      0.00      0.50      0.00      0.00      0.00     73.68
12:08:04 AM     all     25.00      0.00      0.50      0.00      0.00      0.50      0.25      0.00      0.00     73.75
12:08:05 AM     all     61.31      0.00      6.28      0.00      0.00      0.50      0.25      0.00      0.00     31.66
12:08:06 AM     all     97.00      0.00      2.25      0.00      0.00      0.75      0.00      0.00      0.00      0.00
12:08:07 AM     all     52.25      0.00      1.25      8.75      0.00      0.50      0.25      0.00      0.00     37.00
12:08:08 AM     all     36.87      0.00      4.55      9.09      0.00      0.51      0.25      0.00      0.00     48.74
12:08:09 AM     all     25.82      0.00      2.78     22.28      0.00      0.51      0.51      0.00      0.00     48.10
12:08:10 AM     all     28.14      0.00      2.26     20.10      0.00      0.50      0.25      0.00      0.00     48.74
12:08:11 AM     all     28.35      0.00      2.03     15.95      0.00      0.51      0.25      0.00      0.00     52.91
12:08:12 AM     all     24.43      0.00      0.76      0.00      0.00      0.50      0.25      0.00      0.00     74.06
12:08:13 AM     all     23.87      0.00      0.75      0.00      0.00      0.50      0.25      0.00      0.00     74.62
12:08:14 AM     all     46.10      0.00      0.50      0.00      0.00      0.50      0.00      0.00      0.00     52.90
12:08:15 AM     all     97.74      0.00      1.50      0.00      0.00      0.50      0.25      0.00      0.00      0.00
12:08:16 AM     all     76.44      0.00      1.00      0.00      0.00      0.50      0.00      0.00      0.00     22.06
12:08:17 AM     all     31.23      0.00      0.50      0.00      0.00      0.50      0.25      0.00      0.00     67.51
12:08:18 AM     all     25.94      0.00      0.50      0.00      0.00      0.50      0.00      0.00      0.00     73.05
12:08:19 AM     all     25.13      0.00      0.25      0.00      0.00      0.50      0.25      0.00      0.00     73.87
12:08:20 AM     all     24.62      0.00      1.01      0.00      0.00      0.50      0.25      0.00      0.00     73.62
12:08:21 AM     all     25.06      0.00      0.25      0.00      0.00      0.25      0.00      0.00      0.00     74.43
12:08:22 AM     all     39.45      0.00      0.75      0.00      0.00      0.50      0.00      0.00      0.00     59.30
12:08:23 AM     all     78.36      0.00      1.49      0.00      0.00      0.50      0.25      0.00      0.00     19.40
12:08:24 AM     all     77.14      0.00      2.26      0.00      0.00      0.50      0.25      0.00      0.00     19.85
12:08:25 AM     all     42.42      0.00      1.01      0.25      0.00      0.51      0.00      0.00      0.00     55.81
12:08:26 AM     all     24.75      0.00      1.00      0.00      0.00      0.50      0.25      0.00      0.00     73.50
12:08:27 AM     all     24.56      0.00      1.00      0.00      0.00      0.50      0.25      0.00      0.00     73.68
12:08:28 AM     all     25.13      0.00      0.75      0.00      0.00      0.50      0.00      0.00      0.00     73.62
12:08:29 AM     all     30.00      0.00      1.00      0.00      0.00      0.50      0.25      0.00      0.00     68.25
12:08:30 AM     all     70.93      0.00      2.26      0.00      0.00      0.50      0.25      0.00      0.00     26.07
12:08:31 AM     all     86.97      0.00      2.51      0.00      0.00      0.50      0.00      0.00      0.00     10.03
12:08:32 AM     all     62.00      0.00      1.00      0.00      0.00      0.50      0.25      0.00      0.00     36.25
12:08:33 AM     all     24.88      0.00      1.49      0.00      0.00      0.50      0.25      0.00      0.00     72.89
12:08:34 AM     all     24.63      0.00      1.99      0.00      0.00      0.50      0.00      0.00      0.00     72.89
12:08:35 AM     all     25.06      0.00      1.99      0.25      0.00      0.25      0.25      0.00      0.00     72.21
12:08:36 AM     all     24.87      0.00      1.01      0.00      0.00      0.50      0.00      0.00      0.00     73.62
12:08:37 AM     all     24.94      0.00      1.00      0.00      0.00      0.50      0.25      0.00      0.00     73.32
12:08:38 AM     all     25.31      0.00      1.00      0.00      0.00      0.25      0.00      0.00      0.00     73.43
12:08:39 AM     all     24.94      0.00      1.25      0.00      0.00      0.50      0.25      0.00      0.00     73.07
12:08:40 AM     all     25.00      0.00      1.25      0.00      0.00      0.50      0.00      0.00      0.00     73.25
12:08:41 AM     all     24.06      0.00      1.50      0.00      0.00      0.50      0.25      0.00      0.00     73.68
12:08:42 AM     all     24.06      0.00      1.50      0.00      0.00      0.25      0.25      0.00      0.00     73.93
12:08:43 AM     all     23.43      0.00      2.02      0.00      0.00      0.50      0.00      0.00      0.00     74.06
12:08:44 AM     all     23.81      0.00      1.50      0.00      0.00      0.50      0.25      0.00      0.00     73.93
12:08:45 AM     all     23.75      0.00      2.25      0.00      0.00      0.50      0.00      0.00      0.00     73.50
12:08:46 AM     all     23.50      0.00      2.25      0.00      0.00      0.25      0.25      0.00      0.00     73.75
12:08:47 AM     all     23.75      0.00      2.00      0.00      0.00      0.50      0.00      0.00      0.00     73.75
12:08:48 AM     all     22.00      0.00      2.50      0.00      0.00      0.50      0.25      0.00      0.00     74.75
12:08:49 AM     all     24.94      0.00      1.50      0.00      0.00      0.50      0.00      0.00      0.00     73.07
12:08:50 AM     all     24.88      0.00      1.24      0.25      0.00      0.50      0.25      0.00      0.00     72.89
12:08:51 AM     all     24.69      0.00      1.75      0.00      0.00      0.25      0.00      0.00      0.00     73.32
12:08:52 AM     all     25.06      0.00      1.49      0.00      0.00      0.50      0.25      0.00      0.00     72.70
12:08:53 AM     all     24.94      0.00      1.25      0.00      0.00      0.50      0.00      0.00      0.00     73.32
12:08:54 AM     all     24.94      0.00      1.50      0.00      0.00      0.25      0.25      0.00      0.00     73.07
12:08:55 AM     all     24.26      0.00      2.23      0.00      0.00      0.50      0.25      0.00      0.00     72.77
12:08:56 AM     all     25.00      0.00      1.50      0.00      0.00      0.50      0.00      0.00      0.00     73.00
12:08:57 AM     all     25.00      0.00      1.49      0.00      0.00      0.50      0.25      0.00      0.00     72.77
12:08:58 AM     all     24.88      0.00      1.74      0.00      0.00      0.50      0.00      0.00      0.00     72.89
12:08:59 AM     all     24.88      0.00      1.49      0.00      0.00      0.25      0.25      0.00      0.00     73.13
12:09:00 AM     all     25.87      0.00      2.24      0.00      0.00      0.50      0.00      0.00      0.00     71.39
12:09:01 AM     all     25.00      0.00      1.73      0.00      0.00      0.50      0.25      0.00      0.00     72.52
12:09:02 AM     all     24.20      0.00      2.47      0.00      0.00      0.49      0.25      0.00      0.00     72.59
12:09:03 AM     all     25.06      0.00      1.74      0.00      0.00      0.50      0.00      0.00      0.00     72.70
12:09:04 AM     all     24.88      0.00      2.22      0.00      0.00      0.49      0.25      0.00      0.00     72.17
12:09:05 AM     all     25.00      0.00      1.98      0.99      0.00      0.25      0.00      0.00      0.00     71.78
12:09:06 AM     all     25.25      0.00      1.96      0.00      0.00      0.49      0.25      0.00      0.00     72.06
12:09:07 AM     all     24.94      0.00      1.75      0.00      0.00      0.25      0.00      0.00      0.00     73.07
12:09:08 AM     all     24.69      0.00      1.98      0.00      0.00      0.49      0.25      0.00      0.00     72.59
12:09:09 AM     all     22.96      0.00      2.47      0.00      0.00      0.49      0.25      0.00      0.00     73.83
12:09:10 AM     all     25.06      0.00      1.99      0.00      0.00      0.50      0.00      0.00      0.00     72.46
12:09:11 AM     all     24.63      0.00      2.22      0.00      0.00      0.49      0.25      0.00      0.00     72.41
12:09:12 AM     all     24.94      0.00      1.50      0.00      0.00      0.50      0.00      0.00      0.00     73.07
12:09:13 AM     all     24.94      0.00      1.98      0.00      0.00      0.25      0.25      0.00      0.00     72.59
12:09:14 AM     all     24.94      0.00      1.50      0.00      0.00      0.50      0.00      0.00      0.00     73.07
12:09:15 AM     all     24.82      0.00      2.46      0.00      0.00      0.49      0.25      0.00      0.00     71.99
12:09:16 AM     all     23.25      0.00      6.75      0.00      0.00      0.50      0.25      0.00      0.00     69.25
12:09:17 AM     all     99.00      0.00      0.50      0.00      0.00      0.50      0.00      0.00      0.00      0.00
12:09:18 AM     all     94.00      0.00      1.00      0.00      0.00      0.75      0.00      0.00      0.00      4.25
12:09:19 AM     all     30.52      0.00      1.49      0.00      0.00      0.25      0.25      0.00      0.00     67.49
12:09:20 AM     all     25.12      0.00      1.24      0.25      0.00      0.50      0.25      0.00      0.00     72.64
12:09:21 AM     all     25.06      0.00      1.49      0.00      0.00      0.50      0.00      0.00      0.00     72.95
12:09:22 AM     all     24.75      0.00      1.25      0.00      0.00      0.50      0.25      0.00      0.00     73.25
12:09:23 AM     all     25.44      0.00      1.00      0.00      0.00      0.25      0.00      0.00      0.00     73.32
12:09:24 AM     all     20.65      0.00      1.00      0.00      0.00      0.50      0.25      0.00      0.00     77.61
12:09:25 AM     all     34.34      0.00      0.50      0.00      0.00      0.50      0.25      0.00      0.00     64.41
12:09:26 AM     all     68.69      0.00      0.00      0.00      0.00      0.51      0.25      0.00      0.00     30.56
12:09:27 AM     all     67.17      0.00      0.75      0.00      0.00      0.50      0.00      0.00      0.00     31.58
12:09:28 AM     all     65.50      0.00      0.75      0.00      0.00      0.50      0.25      0.00      0.00     33.00
12:09:29 AM     all     43.28      0.00      0.50      0.00      0.00      0.50      0.25      0.00      0.00     55.47
12:09:30 AM     all     25.31      0.00      0.50      0.00      0.00      0.50      0.25      0.00      0.00     73.43
12:09:31 AM     all     24.19      0.00      1.75      0.00      0.00      0.50      0.25      0.00      0.00     73.32
12:09:32 AM     all     25.31      0.00      1.49      0.00      0.00      0.50      0.00      0.00      0.00     72.70
12:09:33 AM     all     44.33      0.00      0.76      0.00      0.00      0.25      0.25      0.00      0.00     54.41
12:09:34 AM     all     69.00      0.00      0.50      0.00      0.00      0.50      0.25      0.00      0.00     29.75
12:09:35 AM     all     65.16      0.00      0.50      0.25      0.00      0.50      0.25      0.00      0.00     33.33
12:09:36 AM     all     58.00      0.00      0.50      0.00      0.00      0.50      0.25      0.00      0.00     40.75
12:09:37 AM     all     30.58      0.00      0.25      0.00      0.00      0.50      0.00      0.00      0.00     68.67
12:09:38 AM     all     25.00      0.00      0.75      0.00      0.00      0.50      0.25      0.00      0.00     73.50
12:09:39 AM     all     24.87      0.00      0.75      0.00      0.00      0.50      0.25      0.00      0.00     73.62
12:09:40 AM     all     42.53      0.00      0.25      0.00      0.00      0.51      0.00      0.00      0.00     56.71
12:09:41 AM     all     71.61      0.00      0.00      0.00      0.00      0.25      0.25      0.00      0.00     27.89
12:09:42 AM     all     69.77      0.00      0.25      0.00      0.00      0.76      0.25      0.00      0.00     28.97
12:09:43 AM     all     63.25      0.00      0.25      0.00      0.00      0.50      0.25      0.00      0.00     35.75
12:09:44 AM     all     35.09      0.00      0.50      0.00      0.00      0.50      0.25      0.00      0.00     63.66
12:09:45 AM     all     24.24      0.00      0.51      0.25      0.00      0.25      0.25      0.00      0.00     74.49
12:09:46 AM     all     25.38      0.00      1.01      0.00      0.00      0.50      0.00      0.00      0.00     73.12
12:09:47 AM     all     25.31      0.00      0.50      0.00      0.00      0.50      0.25      0.00      0.00     73.43
12:09:48 AM     all     25.56      0.00      0.50      0.00      0.00      0.50      0.00      0.00      0.00     73.43
12:09:49 AM     all     25.38      0.00      0.25      0.00      0.00      0.25      0.25      0.00      0.00     73.87
12:09:50 AM     all     25.31      0.00      0.75      0.00      0.00      0.50      0.00      0.00      0.00     73.43
12:09:51 AM     all     25.31      0.00      0.50      0.00      0.00      0.50      0.00      0.00      0.00     73.68
12:09:52 AM     all     24.18      0.00      1.01      0.00      0.00      0.50      0.25      0.00      0.00     74.06
12:09:53 AM     all     25.31      0.00      0.25      0.00      0.00      0.50      0.25      0.00      0.00     73.68
12:09:54 AM     all     25.25      0.00      0.25      0.00      0.00      0.51      0.00      0.00      0.00     73.99
12:09:55 AM     all     25.19      0.00      0.50      0.25      0.00      0.25      0.00      0.00      0.00     73.80
12:09:56 AM     all     25.19      0.00      0.00      0.00      0.00      0.50      0.25      0.00      0.00     74.06
12:09:57 AM     all     25.19      0.00      0.50      0.00      0.00      0.50      0.00      0.00      0.00     73.80
12:09:58 AM     all     25.00      0.00      0.25      0.00      0.00      0.25      0.25      0.00      0.00     74.24
12:09:59 AM     all     24.49      0.00      0.76      0.00      0.00      0.51      0.00      0.00      0.00     74.24
12:10:00 AM     all     26.07      0.00      1.00      0.00      0.00      0.50      0.25      0.00      0.00     72.18
12:10:01 AM     all     25.19      0.00      0.25      0.00      0.00      0.50      0.00      0.00      0.00     74.06
12:10:02 AM     all     25.06      0.00      0.25      0.00      0.00      0.50      0.25      0.00      0.00     73.93
12:10:03 AM     all     25.19      0.00      0.50      0.00      0.00      0.25      0.00      0.00      0.00     74.06
12:10:04 AM     all     25.00      0.00      0.50      0.00      0.00      0.50      0.25      0.00      0.00     73.75
12:10:05 AM     all     25.06      0.00      0.50      0.00      0.00      0.50      0.00      0.00      0.00     73.93
12:10:06 AM     all     24.56      0.00      1.00      0.00      0.00      0.50      0.25      0.00      0.00     73.68
12:10:07 AM     all     25.19      0.00      0.50      0.00      0.00      0.50      0.00      0.00      0.00     73.80
12:10:08 AM     all     25.56      0.00      0.25      0.00      0.00      0.25      0.25      0.00      0.00     73.68
12:10:09 AM     all     24.94      0.00      0.76      0.00      0.00      0.50      0.00      0.00      0.00     73.80
12:10:10 AM     all     25.13      0.00      0.50      0.25      0.00      0.50      0.00      0.00      0.00     73.62
12:10:11 AM     all     25.38      0.00      0.25      0.00      0.00      0.25      0.25      0.00      0.00     73.87
12:10:12 AM     all     25.19      0.00      0.25      0.00      0.00      0.50      0.00      0.00      0.00     74.06
12:10:13 AM     all     24.43      0.00      0.76      0.00      0.00      0.50      0.25      0.00      0.00     74.06
12:10:14 AM     all     25.19      0.00      0.50      0.00      0.00      0.50      0.00      0.00      0.00     73.80
12:10:15 AM     all     25.19      0.00      0.25      0.00      0.00      0.50      0.25      0.00      0.00     73.80
12:10:16 AM     all     25.25      0.00      0.25      0.00      0.00      0.25      0.00      0.00      0.00     74.24
12:10:17 AM     all     24.87      0.00      0.75      0.00      0.00      0.50      0.25      0.00      0.00     73.62
12:10:18 AM     all     25.44      0.00      0.25      0.00      0.00      0.25      0.00      0.00      0.00     74.06
12:10:19 AM     all     25.19      0.00      0.25      0.00      0.00      0.50      0.00      0.00      0.00     74.06
12:10:20 AM     all     24.87      0.00      0.50      0.00      0.00      0.50      0.25      0.00      0.00     73.87
12:10:21 AM     all     25.31      0.00      0.50      0.00      0.00      0.50      0.25      0.00      0.00     73.43
12:10:22 AM     all     25.57      0.00      0.00      0.00      0.00      0.25      0.00      0.00      0.00     74.18
12:10:23 AM     all     25.13      0.00      0.50      0.00      0.00      0.50      0.00      0.00      0.00     73.87
12:10:24 AM     all     26.13      0.00      0.25      0.00      0.00      0.50      0.25      0.00      0.00     72.86
12:10:25 AM     all     25.00      0.00      0.25      0.25      0.00      0.51      0.00      0.00      0.00     73.99
12:10:26 AM     all     25.44      0.00      0.25      0.00      0.00      0.25      0.25      0.00      0.00     73.80
12:10:27 AM     all     21.36      0.00      5.78      0.00      0.00      0.75      0.25      0.00      0.00     71.86
12:10:28 AM     all     98.75      0.00      0.75      0.00      0.00      0.50      0.00      0.00      0.00      0.00
12:10:29 AM     all     92.98      0.00      0.50      0.00      0.00      0.50      0.25      0.00      0.00      5.76
12:10:30 AM     all     28.79      0.00      0.00      0.00      0.00      0.51      0.00      0.00      0.00     70.71
12:10:31 AM     all     25.13      0.00      0.50      0.00      0.00      0.50      0.25      0.00      0.00     73.62
12:10:32 AM     all     25.25      0.00      0.25      0.00      0.00      0.25      0.00      0.00      0.00     74.24
12:10:33 AM     all     25.13      0.00      0.50      0.00      0.00      0.50      0.25      0.00      0.00     73.62
12:10:34 AM     all     24.87      0.00      0.50      0.00      0.00      0.50      0.00      0.00      0.00     74.12
12:10:35 AM     all     24.43      0.00      1.01      0.00      0.00      0.50      0.25      0.00      0.00     73.80
12:10:36 AM     all     36.62      0.00      0.00      0.00      0.00      0.51      0.25      0.00      0.00     62.63
12:10:37 AM     all     77.33      0.00      0.50      0.00      0.00      0.50      0.00      0.00      0.00     21.66
12:10:38 AM     all     74.87      0.00      0.50      0.00      0.00      0.50      0.25      0.00      0.00     23.87
12:10:39 AM     all     58.50      0.00      0.50      0.00      0.00      0.50      0.25      0.00      0.00     40.25
12:10:40 AM     all     31.41      0.00      0.50      0.25      0.00      0.50      0.25      0.00      0.00     67.09
12:10:41 AM     all     25.13      0.00      0.50      0.00      0.00      0.50      0.00      0.00      0.00     73.87
12:10:42 AM     all     22.42      0.00      1.01      0.00      0.00      0.25      0.25      0.00      0.00     76.07
12:10:43 AM     all     25.25      0.00      0.25      0.00      0.00      0.51      0.00      0.00      0.00     73.99
12:10:44 AM     all     49.25      0.00      0.50      0.00      0.00      0.50      0.25      0.00      0.00     49.50
12:10:45 AM     all     81.61      0.00      0.25      0.00      0.00      0.50      0.25      0.00      0.00     17.38
12:10:46 AM     all     64.74      0.00      0.25      0.00      0.00      0.50      0.25      0.00      0.00     34.26
12:10:47 AM     all     45.59      0.00      0.50      0.00      0.00      0.50      0.25      0.00      0.00     53.15
12:10:48 AM     all     25.19      0.00      0.00      0.00      0.00      0.50      0.00      0.00      0.00     74.31
12:10:49 AM     all     24.43      0.00      1.01      0.00      0.00      0.50      0.25      0.00      0.00     73.80
12:10:50 AM     all     25.13      0.00      0.75      0.00      0.00      0.25      0.00      0.00      0.00     73.87
12:10:51 AM     all     47.99      0.00      0.75      0.00      0.00      0.50      0.25      0.00      0.00     50.50
12:10:52 AM     all     82.91      0.00      0.50      0.00      0.00      0.50      0.25      0.00      0.00     15.83
12:10:53 AM     all     71.11      0.00      0.25      0.00      0.00      0.75      0.25      0.00      0.00     27.64
12:10:54 AM     all     52.66      0.00      0.25      0.00      0.00      0.25      0.25      0.00      0.00     46.58
12:10:55 AM     all     25.44      0.00      0.25      0.00      0.00      0.50      0.00      0.00      0.00     73.80
12:10:56 AM     all     22.42      0.00      0.50      0.00      0.00      0.50      0.25      0.00      0.00     76.32
12:10:57 AM     all     25.19      0.00      0.76      0.00      0.00      0.50      0.00      0.00      0.00     73.55
12:10:58 AM     all     25.44      0.00      0.50      0.00      0.00      0.25      0.25      0.00      0.00     73.55
12:10:59 AM     all     25.13      0.00      0.50      0.00      0.00      0.50      0.00      0.00      0.00     73.87
12:11:00 AM     all     25.81      0.00      1.75      0.25      0.00      0.50      0.25      0.00      0.00     71.43
12:11:01 AM     all     25.06      0.00      0.25      0.00      0.00      0.51      0.00      0.00      0.00     74.18
12:11:02 AM     all     25.06      0.00      0.75      0.00      0.00      0.25      0.25      0.00      0.00     73.68
12:11:03 AM     all     24.31      0.00      1.00      0.00      0.00      0.75      0.00      0.00      0.00     73.93
12:11:04 AM     all     25.38      0.00      0.25      0.00      0.00      0.25      0.25      0.00      0.00     73.87
12:11:05 AM     all     25.32      0.00      0.25      0.00      0.00      0.51      0.00      0.00      0.00     73.92
12:11:06 AM     all     24.94      0.00      0.50      0.00      0.00      0.25      0.25      0.00      0.00     74.06
12:11:07 AM     all     25.13      0.00      0.50      0.00      0.00      0.50      0.00      0.00      0.00     73.87
12:11:08 AM     all     25.25      0.00      0.00      0.00      0.00      0.51      0.00      0.00      0.00     74.24
12:11:09 AM     all     25.13      0.00      0.50      0.00      0.00      0.50      0.25      0.00      0.00     73.62
12:11:10 AM     all     24.06      0.00      0.75      0.25      0.00      0.50      0.25      0.00      0.00     74.19
12:11:11 AM     all     25.44      0.00      0.50      0.00      0.00      0.25      0.00      0.00      0.00     73.80
12:11:12 AM     all     25.25      0.00      0.25      0.00      0.00      0.51      0.00      0.00      0.00     73.99
12:11:13 AM     all     25.25      0.00      0.50      0.00      0.00      0.50      0.25      0.00      0.00     73.50
12:11:14 AM     all     25.44      0.00      0.25      0.00      0.00      0.25      0.00      0.00      0.00     74.06
12:11:15 AM     all     25.19      0.00      0.50      0.00      0.00      0.50      0.25      0.00      0.00     73.55
12:11:16 AM     all     25.56      0.00      0.25      0.00      0.00      0.50      0.00      0.00      0.00     73.68
12:11:17 AM     all     24.56      0.00      1.00      0.00      0.00      0.50      0.25      0.00      0.00     73.68
12:11:18 AM     all     25.38      0.00      0.00      0.00      0.00      0.25      0.00      0.00      0.00     74.37
12:11:19 AM     all     25.06      0.00      0.50      0.00      0.00      0.50      0.25      0.00      0.00     73.68
12:11:20 AM     all     24.87      0.00      0.75      0.25      0.00      0.50      0.00      0.00      0.00     73.62
12:11:21 AM     all     25.38      0.00      0.25      0.00      0.00      0.50      0.25      0.00      0.00     73.62
12:11:22 AM     all     25.25      0.00      0.25      0.00      0.00      0.25      0.00      0.00      0.00     74.24
12:11:23 AM     all     25.00      0.00      0.25      0.00      0.00      0.51      0.25      0.00      0.00     73.99
12:11:24 AM     all     24.81      0.00      0.75      0.00      0.00      0.50      0.25      0.00      0.00     73.68
12:11:25 AM     all     25.06      0.00      0.75      0.00      0.00      0.50      0.00      0.00      0.00     73.68
12:11:26 AM     all     25.06      0.00      0.50      0.00      0.00      0.50      0.25      0.00      0.00     73.68
12:11:27 AM     all     25.38      0.00      0.25      0.00      0.00      0.50      0.00      0.00      0.00     73.87
12:11:28 AM     all     24.81      0.00      0.75      0.00      0.00      0.25      0.25      0.00      0.00     73.93
12:11:29 AM     all     25.19      0.00      0.00      0.00      0.00      0.50      0.00      0.00      0.00     74.31
12:11:30 AM     all     25.31      0.00      0.50      0.00      0.00      0.50      0.00      0.00      0.00     73.68
12:11:31 AM     all     24.43      0.00      0.50      0.00      0.00      0.50      0.25      0.00      0.00     74.31
12:11:32 AM     all     25.00      0.00      0.76      0.00      0.00      0.25      0.00      0.00      0.00     73.99
12:11:33 AM     all     25.13      0.00      0.50      0.00      0.00      0.50      0.25      0.00      0.00     73.62
12:11:34 AM     all     25.25      0.00      0.25      0.00      0.00      0.51      0.00      0.00      0.00     73.99
12:11:35 AM     all     25.06      0.00      0.50      0.25      0.00      0.50      0.25      0.00      0.00     73.43
12:11:36 AM     all     25.44      0.00      0.25      0.00      0.00      0.25      0.00      0.00      0.00     74.06
12:11:37 AM     all     25.13      0.00      0.50      0.00      0.00      0.50      0.25      0.00      0.00     73.62
12:11:38 AM     all     24.37      0.00      1.26      0.00      0.00      0.50      0.00      0.00      0.00     73.87
12:11:39 AM     all     81.75      0.00      5.75      0.00      0.00      0.75      0.25      0.00      0.00     11.50
12:11:40 AM     all     99.00      0.00      0.25      0.00      0.00      0.50      0.00      0.00      0.00      0.25
12:11:41 AM     all     42.71      0.00      0.50      0.00      0.00      0.50      0.25      0.00      0.00     56.03
12:11:42 AM     all     25.38      0.00      0.25      0.00      0.00      0.50      0.00      0.00      0.00     73.87
12:11:43 AM     all     25.32      0.00      0.25      0.00      0.00      0.25      0.00      0.00      0.00     74.18
12:11:44 AM     all     25.50      0.00      0.50      0.00      0.00      0.50      0.25      0.00      0.00     73.25
12:11:45 AM     all     25.44      0.00      0.25      0.25      0.00      0.50      0.00      0.00      0.00     73.55
12:11:46 AM     all     24.37      0.00      0.75      0.00      0.00      0.50      0.25      0.00      0.00     74.12
12:11:47 AM     all     25.19      0.00      0.75      0.00      0.00      0.50      0.25      0.00      0.00     73.32
12:11:48 AM     all     37.78      0.00      0.00      0.00      0.00      0.25      0.25      0.00      0.00     61.71
12:11:49 AM     all     73.37      0.00      0.50      0.00      0.00      0.75      0.00      0.00      0.00     25.38
12:11:50 AM     all     99.00      0.00      0.25      0.00      0.00      0.50      0.25      0.00      0.00      0.00
12:11:51 AM     all     42.36      0.00      0.50      0.00      0.00      0.50      0.00      0.00      0.00     56.64
12:11:52 AM     all     25.00      0.00      0.50      0.00      0.00      0.50      0.25      0.00      0.00     73.75
12:11:53 AM     all     24.75      0.00      0.76      0.00      0.00      0.51      0.00      0.00      0.00     73.99
12:11:54 AM     all     24.94      0.00      0.50      0.00      0.00      0.25      0.25      0.00      0.00     74.06
12:11:55 AM     all     25.13      0.00      0.50      0.25      0.00      0.50      0.00      0.00      0.00     73.62
12:11:56 AM     all     24.94      0.00      0.50      0.00      0.00      0.50      0.25      0.00      0.00     73.80
12:11:57 AM     all     33.84      0.00      0.25      0.00      0.00      0.51      0.00      0.00      0.00     65.40
12:11:58 AM     all     91.00      0.00      0.50      0.00      0.00      0.50      0.25      0.00      0.00      7.75
12:11:59 AM     all     88.94      0.00      0.50      0.00      0.00      0.50      0.00      0.00      0.00     10.05
12:12:00 AM     all     27.20      0.00      1.26      0.00      0.00      0.25      0.25      0.00      0.00     71.03
12:12:01 AM     all     24.62      0.00      0.50      0.00      0.00      0.75      0.25      0.00      0.00     73.87
12:12:02 AM     all     25.63      0.00      0.25      0.00      0.00      0.25      0.00      0.00      0.00     73.87
12:12:03 AM     all     25.06      0.00      0.75      0.00      0.00      0.50      0.25      0.00      0.00     73.43
12:12:04 AM     all     29.04      0.00      0.25      0.00      0.00      0.51      0.00      0.00      0.00     70.20
12:12:05 AM     all     49.75      0.00      0.75      0.00      0.00      0.50      0.25      0.00      0.00     48.75
12:12:06 AM     all     69.02      0.00      0.50      0.00      0.00      0.50      0.25      0.00      0.00     29.72
12:12:07 AM     all     89.50      0.00      0.25      0.00      0.00      0.50      0.25      0.00      0.00      9.50
12:12:08 AM     all     40.15      0.00      1.26      0.00      0.00      0.51      0.25      0.00      0.00     57.83
12:12:09 AM     all     25.25      0.00      1.25      0.00      0.00      0.50      0.00      0.00      0.00     73.00
12:12:10 AM     all     24.94      0.00      0.50      0.25      0.00      0.50      0.25      0.00      0.00     73.55
12:12:11 AM     all     25.06      0.00      0.75      0.00      0.00      0.50      0.00      0.00      0.00     73.68
12:12:12 AM     all     24.94      0.00      0.50      0.00      0.00      0.25      0.25      0.00      0.00     74.06
12:12:13 AM     all     25.19      0.00      0.50      0.00      0.00      0.50      0.00      0.00      0.00     73.80
12:12:14 AM     all     25.19      0.00      0.25      0.00      0.00      0.50      0.00      0.00      0.00     74.06
12:12:15 AM     all     23.99      0.00      0.76      0.00      0.00      0.51      0.25      0.00      0.00     74.49
12:12:16 AM     all     25.44      0.00      0.50      0.00      0.00      0.25      0.00      0.00      0.00     73.80
12:12:17 AM     all     24.94      0.00      0.25      0.00      0.00      0.50      0.25      0.00      0.00     74.06
12:12:18 AM     all     25.06      0.00      0.25      0.00      0.00      0.51      0.00      0.00      0.00     74.18
12:12:19 AM     all     25.19      0.00      0.25      0.00      0.00      0.25      0.25      0.00      0.00     74.06
12:12:20 AM     all     25.25      0.00      0.00      0.25      0.00      0.51      0.00      0.00      0.00     73.99
12:12:21 AM     all     25.00      0.00      0.75      0.00      0.00      0.50      0.25      0.00      0.00     73.50
12:12:22 AM     all     23.68      0.00      1.26      0.00      0.00      0.50      0.00      0.00      0.00     74.56
12:12:23 AM     all     25.13      0.00      0.50      0.00      0.00      0.50      0.25      0.00      0.00     73.62
12:12:24 AM     all     25.19      0.00      0.50      0.00      0.00      0.50      0.00      0.00      0.00     73.80
12:12:25 AM     all     25.00      0.00      1.25      0.00      0.00      0.25      0.25      0.00      0.00     73.25
12:12:26 AM     all     25.50      0.00      0.75      0.00      0.00      0.50      0.00      0.00      0.00     73.25
12:12:27 AM     all     24.87      0.00      0.75      0.00      0.00      0.50      0.25      0.00      0.00     73.62
12:12:28 AM     all     25.12      0.00      1.24      0.00      0.00      0.50      0.00      0.00      0.00     73.13
12:12:29 AM     all     24.25      0.00      1.50      0.00      0.00      0.50      0.25      0.00      0.00     73.50
12:12:30 AM     all     25.25      0.00      1.00      0.00      0.00      0.50      0.25      0.00      0.00     73.00
12:12:31 AM     all     25.06      0.00      1.25      0.00      0.00      0.25      0.00      0.00      0.00     73.43
12:12:32 AM     all     24.75      0.00      1.00      0.00      0.00      0.50      0.25      0.00      0.00     73.50
12:12:33 AM     all     25.13      0.00      0.75      0.00      0.00      0.50      0.00      0.00      0.00     73.62
12:12:34 AM     all     26.13      0.00      0.50      0.00      0.00      0.50      0.00      0.00      0.00     72.86
12:12:35 AM     all     24.81      0.00      1.00      0.25      0.00      0.25      0.25      0.00      0.00     73.43
12:12:36 AM     all     24.13      0.00      1.74      0.00      0.00      0.75      0.25      0.00      0.00     73.13
12:12:37 AM     all     25.13      0.00      0.75      0.00      0.00      0.25      0.00      0.00      0.00     73.87
12:12:38 AM     all     24.87      0.00      0.75      0.00      0.00      0.50      0.25      0.00      0.00     73.62
12:12:39 AM     all     25.13      0.00      0.50      0.00      0.00      0.50      0.00      0.00      0.00     73.87
12:12:40 AM     all     25.19      0.00      0.76      0.00      0.00      0.25      0.00      0.00      0.00     73.80
12:12:41 AM     all     24.88      0.00      1.24      0.00      0.00      0.50      0.25      0.00      0.00     73.13
12:12:42 AM     all     25.44      0.00      1.00      0.00      0.00      0.50      0.00      0.00      0.00     73.07
12:12:43 AM     all     24.38      0.00      1.74      0.00      0.00      0.50      0.25      0.00      0.00     73.13
12:12:44 AM     all     25.12      0.00      1.24      0.00      0.00      0.50      0.25      0.00      0.00     72.89
12:12:45 AM     all     24.94      0.00      1.75      0.25      0.00      0.50      0.00      0.00      0.00     72.57
12:12:46 AM     all     24.81      0.00      1.74      0.00      0.00      0.25      0.25      0.00      0.00     72.95
12:12:47 AM     all     25.12      0.00      1.24      0.00      0.00      0.50      0.00      0.00      0.00     73.13
12:12:48 AM     all     24.88      0.00      1.49      0.00      0.00      0.50      0.25      0.00      0.00     72.89
12:12:49 AM     all     24.81      0.00      1.74      0.00      0.00      0.50      0.00      0.00      0.00     72.95
12:12:50 AM     all     61.90      0.00      7.27      0.00      0.00      0.75      0.25      0.00      0.00     29.82
12:12:51 AM     all     96.26      0.00      2.99      0.00      0.00      0.50      0.25      0.00      0.00      0.00
12:12:52 AM     all     62.34      0.00      2.49      0.00      0.00      0.75      0.00      0.00      0.00     34.41
12:12:53 AM     all     24.75      0.00      1.50      0.00      0.00      0.25      0.25      0.00      0.00     73.25
12:12:54 AM     all     24.94      0.00      1.25      0.00      0.00      0.50      0.00      0.00      0.00     73.32
12:12:55 AM     all     24.75      0.00      1.73      0.25      0.00      0.50      0.25      0.00      0.00     72.52
12:12:56 AM     all     24.81      0.00      1.25      0.00      0.00      0.50      0.00      0.00      0.00     73.43
12:12:57 AM     all     24.63      0.00      2.49      0.00      0.00      0.50      0.25      0.00      0.00     72.14
12:12:58 AM     all     24.25      0.00      1.25      0.00      0.00      0.50      0.25      0.00      0.00     73.75
12:12:59 AM     all     43.25      0.00      2.00      0.00      0.00      0.50      0.25      0.00      0.00     54.00
12:13:00 AM     all     44.95      0.00      1.52      0.00      0.00      0.51      0.25      0.00      0.00     52.78
12:13:01 AM     all     96.98      0.00      2.26      0.00      0.00      0.50      0.00      0.00      0.00      0.25
12:13:02 AM     all     65.59      0.00      1.75      0.00      0.00      0.75      0.25      0.00      0.00     31.67
12:13:03 AM     all     24.18      0.00      1.26      0.00      0.00      0.25      0.00      0.00      0.00     74.31
12:13:04 AM     all     24.25      0.00      1.25      0.00      0.00      0.50      0.25      0.00      0.00     73.75
12:13:05 AM     all     22.72      0.00      2.72      0.25      0.00      0.49      0.00      0.00      0.00     73.83
12:13:06 AM     all     29.70      0.00      2.23      0.00      0.00      0.50      0.25      0.00      0.00     67.33
12:13:07 AM     all     48.76      0.00      1.99      0.00      0.00      0.50      0.25      0.00      0.00     48.51
12:13:08 AM     all     37.16      0.00      1.50      0.00      0.00      0.50      0.25      0.00      0.00     60.60
12:13:09 AM     all     98.25      0.00      1.25      0.00      0.00      0.50      0.00      0.00      0.00      0.00
12:13:10 AM     all     50.12      0.00      1.74      0.00      0.00      0.50      0.25      0.00      0.00     47.39
12:13:11 AM     all     24.75      0.00      1.98      0.00      0.00      0.25      0.00      0.00      0.00     73.02
12:13:12 AM     all     23.95      0.00      2.72      0.00      0.00      0.49      0.25      0.00      0.00     72.59
12:13:13 AM     all     27.97      0.00      1.98      0.00      0.00      0.50      0.00      0.00      0.00     69.55
12:13:14 AM     all     49.63      0.00      1.24      0.00      0.00      0.50      0.25      0.00      0.00     48.39
12:13:15 AM     all     36.66      0.00      1.50      0.00      0.00      0.50      0.25      0.00      0.00     61.10
12:13:16 AM     all     87.97      0.00      1.00      0.00      0.00      0.50      0.25      0.00      0.00     10.28
12:13:17 AM     all     78.05      0.00      0.75      0.00      0.00      0.50      0.00      0.00      0.00     20.70
12:13:18 AM     all     25.12      0.00      1.24      0.00      0.00      0.50      0.25      0.00      0.00     72.89
12:13:19 AM     all     25.00      0.00      1.00      0.00      0.00      0.50      0.00      0.00      0.00     73.50
12:13:20 AM     all     25.31      0.00      1.74      0.25      0.00      0.50      0.25      0.00      0.00     71.96
12:13:21 AM     all     25.69      0.00      1.00      0.00      0.00      0.25      0.00      0.00      0.00     73.07
12:13:22 AM     all     24.94      0.00      1.73      0.00      0.00      0.49      0.25      0.00      0.00     72.59
12:13:23 AM     all     25.43      0.00      1.48      0.00      0.00      0.49      0.00      0.00      0.00     72.59
12:13:24 AM     all     25.31      0.00      1.24      0.00      0.00      0.50      0.25      0.00      0.00     72.70
12:13:25 AM     all     25.19      0.00      1.50      1.25      0.00      0.25      0.00      0.00      0.00     71.82
12:13:26 AM     all     24.38      0.00      1.74      0.00      0.00      0.75      0.25      0.00      0.00     72.89
12:13:27 AM     all     25.12      0.00      1.49      0.00      0.00      0.25      0.25      0.00      0.00     72.89
12:13:28 AM     all     25.25      0.00      1.73      0.00      0.00      0.50      0.00      0.00      0.00     72.52
12:13:29 AM     all     24.81      0.00      1.49      0.00      0.00      0.50      0.25      0.00      0.00     72.95
12:13:30 AM     all     25.25      0.00      1.00      0.25      0.00      0.25      0.00      0.00      0.00     73.25
12:13:31 AM     all     25.25      0.00      0.75      0.00      0.00      0.50      0.25      0.00      0.00     73.25
12:13:32 AM     all     25.44      0.00      0.75      0.00      0.00      0.50      0.00      0.00      0.00     73.32
12:13:33 AM     all     24.75      0.00      1.00      0.00      0.00      0.50      0.25      0.00      0.00     73.50
12:13:34 AM     all     25.00      0.00      1.25      0.00      0.00      0.50      0.00      0.00      0.00     73.25
12:13:35 AM     all     25.25      0.00      0.75      0.00      0.00      0.50      0.25      0.00      0.00     73.25
Average:        all     33.15      0.00      0.96      0.14      0.00      0.46      0.14      0.00      0.00     65.15
