Linux 4.9.253-tegra (nano-desktop) 	08/17/2023 	_aarch64_	(4 CPU)

12:51:16 AM     CPU      %usr     %nice      %sys   %iowait    %steal      %irq     %soft    %guest    %gnice     %idle
12:51:17 AM     all     25.13      0.00      0.25      0.00      0.00      0.50      0.00      0.00      0.00     74.12
12:51:18 AM     all     25.00      0.00      0.50      0.00      0.00      0.50      0.25      0.00      0.00     73.75
12:51:19 AM     all     25.13      0.00      0.00      0.00      0.00      0.50      0.00      0.00      0.00     74.37
12:51:20 AM     all     24.94      0.00      0.25      0.00      0.00      0.50      0.00      0.00      0.00     74.31
12:51:21 AM     all     25.13      0.00      0.25      0.00      0.00      0.25      0.25      0.00      0.00     74.12
12:51:22 AM     all     25.06      0.00      0.25      0.25      0.00      0.50      0.00      0.00      0.00     73.93
12:51:23 AM     all     22.86      0.00      5.53      0.00      0.00      0.50      0.25      0.00      0.00     70.85
12:51:24 AM     all     25.38      0.00      0.25      0.00      0.00      0.50      0.00      0.00      0.00     73.87
12:51:25 AM     all     25.00      0.00      0.50      0.00      0.00      0.50      0.25      0.00      0.00     73.75
12:51:26 AM     all     25.25      0.00      0.25      0.00      0.00      0.75      0.00      0.00      0.00     73.75
12:51:27 AM     all     25.19      0.00      0.25      0.00      0.00      0.25      0.25      0.00      0.00     74.06
12:51:28 AM     all     23.00      0.00      5.50      0.00      0.00      0.75      0.00      0.00      0.00     70.75
12:51:29 AM     all     18.14      0.00      5.54      0.00      0.00      0.25      0.25      0.00      0.00     75.82
12:51:30 AM     all     24.31      0.00      0.75      0.00      0.00      0.50      0.25      0.00      0.00     74.19
12:51:31 AM     all     25.00      0.00      0.50      0.00      0.00      0.50      0.00      0.00      0.00     74.00
12:51:32 AM     all     25.19      0.00      0.25      0.00      0.00      0.50      0.00      0.00      0.00     74.06
12:51:33 AM     all     25.00      0.00      0.50      0.00      0.00      0.25      0.25      0.00      0.00     74.00
12:51:34 AM     all     25.06      0.00      0.50      0.00      0.00      0.50      0.00      0.00      0.00     73.93
12:51:35 AM     all     25.00      0.00      0.50      0.00      0.00      0.25      0.25      0.00      0.00     74.00
12:51:36 AM     all     57.18      0.00      7.05      0.00      0.00      0.76      0.25      0.00      0.00     34.76
12:51:37 AM     all     91.75      0.00      7.25      0.00      0.00      0.75      0.00      0.00      0.00      0.25
12:51:38 AM     all     89.25      0.00      9.75      0.00      0.00      0.75      0.25      0.00      0.00      0.00
12:51:39 AM     all     96.25      0.00      3.00      0.00      0.00      0.75      0.00      0.00      0.00      0.00
12:51:40 AM     all     97.51      0.00      1.24      0.00      0.00      1.00      0.25      0.00      0.00      0.00
12:51:41 AM     all     98.49      0.00      0.75      0.00      0.00      0.75      0.00      0.00      0.00      0.00
12:51:42 AM     all     96.76      0.00      2.24      0.00      0.00      0.75      0.25      0.00      0.00      0.00
12:51:43 AM     all     99.00      0.00      0.25      0.00      0.00      0.75      0.00      0.00      0.00      0.00
12:51:44 AM     all     98.25      0.00      0.50      0.00      0.00      1.00      0.25      0.00      0.00      0.00
12:51:45 AM     all     98.25      0.00      0.75      0.00      0.00      1.00      0.00      0.00      0.00      0.00
12:51:46 AM     all     97.75      0.00      1.00      0.00      0.00      1.00      0.25      0.00      0.00      0.00
12:51:47 AM     all     98.50      0.00      0.75      0.00      0.00      0.75      0.00      0.00      0.00      0.00
12:51:48 AM     all     98.25      0.00      0.50      0.00      0.00      1.00      0.25      0.00      0.00      0.00
12:51:49 AM     all     98.25      0.00      0.75      0.00      0.00      1.00      0.00      0.00      0.00      0.00
12:51:50 AM     all     97.26      0.00      1.25      0.00      0.00      1.25      0.25      0.00      0.00      0.00
12:51:51 AM     all     98.74      0.00      0.50      0.00      0.00      0.75      0.00      0.00      0.00      0.00
12:51:52 AM     all     98.25      0.00      0.50      0.00      0.00      1.00      0.25      0.00      0.00      0.00
12:51:53 AM     all     98.50      0.00      0.75      0.00      0.00      0.75      0.00      0.00      0.00      0.00
12:51:54 AM     all     98.00      0.00      0.75      0.00      0.00      1.00      0.25      0.00      0.00      0.00
12:51:55 AM     all     98.75      0.00      0.50      0.00      0.00      0.75      0.00      0.00      0.00      0.00
12:51:56 AM     all     98.00      0.00      0.75      0.00      0.00      1.00      0.25      0.00      0.00      0.00
12:51:57 AM     all     98.50      0.00      0.75      0.00      0.00      0.75      0.00      0.00      0.00      0.00
12:51:58 AM     all     98.50      0.00      0.50      0.00      0.00      0.75      0.25      0.00      0.00      0.00
12:51:59 AM     all     98.50      0.00      0.50      0.00      0.00      1.00      0.00      0.00      0.00      0.00
12:52:00 AM     all     97.49      0.00      1.50      0.00      0.00      0.75      0.25      0.00      0.00      0.00
12:52:01 AM     all     98.75      0.00      0.50      0.00      0.00      0.75      0.00      0.00      0.00      0.00
12:52:02 AM     all     97.51      0.00      1.24      0.00      0.00      1.00      0.25      0.00      0.00      0.00
12:52:03 AM     all     98.49      0.00      0.75      0.00      0.00      0.75      0.00      0.00      0.00      0.00
12:52:04 AM     all     97.76      0.00      1.00      0.00      0.00      1.00      0.25      0.00      0.00      0.00
12:52:05 AM     all     98.50      0.00      0.50      0.00      0.00      1.00      0.00      0.00      0.00      0.00
12:52:06 AM     all     59.00      0.00      1.75      0.00      0.00      1.00      0.25      0.00      0.00     38.00
12:52:07 AM     all     24.94      0.00      0.25      0.25      0.00      0.25      0.25      0.00      0.00     74.06
12:52:08 AM     all     25.31      0.00      0.25      0.00      0.00      0.50      0.00      0.00      0.00     73.93
12:52:09 AM     all     24.81      0.00      0.50      0.00      0.00      0.25      0.25      0.00      0.00     74.19
12:52:10 AM     all     25.06      0.00      0.50      0.00      0.00      0.50      0.00      0.00      0.00     73.93
12:52:11 AM     all     24.75      0.00      0.75      0.00      0.00      0.50      0.00      0.00      0.00     74.00
12:52:12 AM     all     24.25      0.00      1.00      0.00      0.00      0.50      0.25      0.00      0.00     74.00
12:52:13 AM     all     25.13      0.00      0.25      0.00      0.00      0.25      0.25      0.00      0.00     74.12
12:52:14 AM     all     24.81      0.00      0.50      0.00      0.00      0.50      0.00      0.00      0.00     74.19
12:52:15 AM     all     24.94      0.00      0.25      0.00      0.00      0.50      0.00      0.00      0.00     74.31
12:52:16 AM     all     24.81      0.00      0.50      0.00      0.00      0.25      0.25      0.00      0.00     74.19
12:52:17 AM     all     25.13      0.00      0.25      0.00      0.00      0.50      0.00      0.00      0.00     74.12
12:52:18 AM     all     24.69      0.00      0.75      0.00      0.00      0.50      0.25      0.00      0.00     73.82
12:52:19 AM     all     25.00      0.00      0.25      0.00      0.00      0.50      0.25      0.00      0.00     74.00
12:52:20 AM     all     25.13      0.00      0.50      0.00      0.00      0.25      0.00      0.00      0.00     74.12
12:52:21 AM     all     24.81      0.00      0.25      0.00      0.00      0.50      0.25      0.00      0.00     74.19
12:52:22 AM     all     25.13      0.00      0.25      0.25      0.00      0.50      0.00      0.00      0.00     73.87
12:52:23 AM     all     25.00      0.00      0.50      0.00      0.00      0.25      0.25      0.00      0.00     74.00
12:52:24 AM     all     25.06      0.00      0.50      0.00      0.00      0.50      0.00      0.00      0.00     73.93
12:52:25 AM     all     24.19      0.00      1.00      0.00      0.00      0.50      0.25      0.00      0.00     74.06
12:52:26 AM     all     25.19      0.00      0.25      0.00      0.00      0.25      0.00      0.00      0.00     74.31
12:52:27 AM     all     25.00      0.00      0.50      0.00      0.00      0.50      0.25      0.00      0.00     73.75
12:52:28 AM     all     25.00      0.00      0.25      0.00      0.00      0.25      0.00      0.00      0.00     74.49
12:52:29 AM     all     25.13      0.00      0.00      0.00      0.00      0.50      0.00      0.00      0.00     74.37
12:52:30 AM     all     25.06      0.00      0.25      0.00      0.00      0.50      0.25      0.00      0.00     73.93
12:52:31 AM     all     24.56      0.00      0.50      0.00      0.00      0.25      0.25      0.00      0.00     74.44
12:52:32 AM     all     24.94      0.00      0.50      0.00      0.00      0.50      0.00      0.00      0.00     74.06
12:52:33 AM     all     24.81      0.00      0.50      0.00      0.00      0.50      0.00      0.00      0.00     74.19
12:52:34 AM     all     25.12      0.00      1.00      0.00      0.00      0.25      0.25      0.00      0.00     73.38
12:52:35 AM     all     25.06      0.00      0.50      0.00      0.00      0.50      0.25      0.00      0.00     73.68
12:52:36 AM     all     25.06      0.00      0.50      0.00      0.00      0.50      0.00      0.00      0.00     73.93
12:52:37 AM     all     23.75      0.00      1.00      0.25      0.00      0.50      0.25      0.00      0.00     74.25
12:52:38 AM     all     25.13      0.00      0.25      0.00      0.00      0.50      0.00      0.00      0.00     74.12
12:52:39 AM     all     24.94      0.00      1.00      0.00      0.00      0.25      0.25      0.00      0.00     73.57
12:52:40 AM     all     25.19      0.00      0.25      0.00      0.00      0.50      0.00      0.00      0.00     74.06
12:52:41 AM     all     24.69      0.00      1.48      0.00      0.00      0.49      0.25      0.00      0.00     73.09
12:52:42 AM     all     25.19      0.00      0.25      0.00      0.00      0.50      0.00      0.00      0.00     74.06
12:52:43 AM     all     25.06      0.00      0.25      0.00      0.00      0.25      0.25      0.00      0.00     74.19
12:52:44 AM     all     64.59      0.00      7.48      0.00      0.00      1.00      0.25      0.00      0.00     26.68
12:52:45 AM     all     88.75      0.00     10.00      0.00      0.00      1.00      0.25      0.00      0.00      0.00
12:52:46 AM     all     90.73      0.00      8.27      0.00      0.00      0.75      0.25      0.00      0.00      0.00
12:52:47 AM     all     94.99      0.00      4.26      0.00      0.00      0.75      0.00      0.00      0.00      0.00
12:52:48 AM     all     96.01      0.00      2.99      0.00      0.00      0.75      0.25      0.00      0.00      0.00
12:52:49 AM     all     98.50      0.00      0.75      0.00      0.00      0.75      0.00      0.00      0.00      0.00
12:52:50 AM     all     96.49      0.00      2.26      0.00      0.00      1.00      0.25      0.00      0.00      0.00
12:52:51 AM     all     97.51      0.00      1.50      0.00      0.00      0.75      0.25      0.00      0.00      0.00
12:52:52 AM     all     97.50      0.00      1.50      0.00      0.00      1.00      0.00      0.00      0.00      0.00
12:52:53 AM     all     98.25      0.00      0.75      0.00      0.00      0.75      0.25      0.00      0.00      0.00
12:52:54 AM     all     98.25      0.00      0.75      0.00      0.00      1.00      0.00      0.00      0.00      0.00
12:52:55 AM     all     97.50      0.00      1.00      0.00      0.00      1.00      0.25      0.00      0.00      0.25
12:52:56 AM     all     96.52      0.00      1.99      0.00      0.00      1.24      0.25      0.00      0.00      0.00
12:52:57 AM     all     98.25      0.00      0.75      0.00      0.00      0.75      0.25      0.00      0.00      0.00
12:52:58 AM     all     98.50      0.00      0.50      0.00      0.00      1.00      0.00      0.00      0.00      0.00
12:52:59 AM     all     98.00      0.00      1.00      0.00      0.00      0.75      0.25      0.00      0.00      0.00
12:53:00 AM     all     96.27      0.00      2.49      0.00      0.00      1.00      0.25      0.00      0.00      0.00
12:53:01 AM     all     98.25      0.00      0.75      0.00      0.00      1.00      0.00      0.00      0.00      0.00
12:53:02 AM     all     98.75      0.00      0.25      0.00      0.00      0.75      0.25      0.00      0.00      0.00
12:53:03 AM     all     98.50      0.00      0.50      0.00      0.00      1.00      0.00      0.00      0.00      0.00
12:53:04 AM     all     98.50      0.00      0.50      0.00      0.00      0.75      0.25      0.00      0.00      0.00
12:53:05 AM     all     98.00      0.00      1.00      0.00      0.00      1.00      0.00      0.00      0.00      0.00
12:53:06 AM     all     99.00      0.00      0.25      0.00      0.00      0.75      0.00      0.00      0.00      0.00
12:53:07 AM     all     98.50      0.00      0.50      0.00      0.00      0.75      0.25      0.00      0.00      0.00
12:53:08 AM     all     98.25      0.00      0.75      0.00      0.00      1.00      0.00      0.00      0.00      0.00
12:53:09 AM     all     98.75      0.00      0.25      0.00      0.00      0.75      0.25      0.00      0.00      0.00
12:53:10 AM     all     98.25      0.00      0.75      0.00      0.00      1.00      0.00      0.00      0.00      0.00
12:53:11 AM     all     97.75      0.00      1.00      0.00      0.00      1.00      0.25      0.00      0.00      0.00
12:53:12 AM     all     98.50      0.00      0.25      0.00      0.00      1.00      0.25      0.00      0.00      0.00
12:53:13 AM     all     97.49      0.00      1.50      0.00      0.00      1.00      0.00      0.00      0.00      0.00
12:53:14 AM     all     52.01      0.00      1.76      0.00      0.00      0.50      0.25      0.00      0.00     45.48
12:53:15 AM     all     25.31      0.00      0.25      0.00      0.00      0.50      0.00      0.00      0.00     73.93
12:53:16 AM     all     25.19      0.00      0.75      0.00      0.00      0.25      0.25      0.00      0.00     73.57
12:53:17 AM     all     25.94      0.00      0.75      0.25      0.00      0.50      0.00      0.00      0.00     72.57
12:53:18 AM     all     25.00      0.00      0.50      0.00      0.00      0.50      0.25      0.00      0.00     73.75
12:53:19 AM     all     24.25      0.00      1.00      0.00      0.00      0.50      0.25      0.00      0.00     74.00
12:53:20 AM     all     25.00      0.00      0.50      0.00      0.00      0.50      0.00      0.00      0.00     74.00
12:53:21 AM     all     25.31      0.00      0.50      0.00      0.00      0.25      0.00      0.00      0.00     73.93
12:53:22 AM     all     24.94      0.00      0.75      0.00      0.00      0.50      0.25      0.00      0.00     73.57
12:53:23 AM     all     25.38      0.00      0.25      0.00      0.00      0.25      0.00      0.00      0.00     74.12
12:53:24 AM     all     25.00      0.00      0.25      0.00      0.00      0.50      0.25      0.00      0.00     74.00
12:53:25 AM     all     25.06      0.00      0.50      0.00      0.00      0.50      0.00      0.00      0.00     73.93
12:53:26 AM     all     20.90      0.00      1.24      0.00      0.00      0.50      0.25      0.00      0.00     77.11
12:53:27 AM     all     25.00      0.00      0.75      0.00      0.00      0.25      0.25      0.00      0.00     73.75
12:53:28 AM     all     25.13      0.00      0.25      0.00      0.00      0.50      0.00      0.00      0.00     74.12
12:53:29 AM     all     24.81      0.00      0.50      0.00      0.00      0.50      0.00      0.00      0.00     74.19
12:53:30 AM     all     25.13      0.00      0.25      0.00      0.00      0.25      0.25      0.00      0.00     74.12
12:53:31 AM     all     24.94      0.00      0.25      0.00      0.00      0.50      0.00      0.00      0.00     74.31
12:53:32 AM     all     24.00      0.00      1.00      0.00      0.00      0.50      0.25      0.00      0.00     74.25
12:53:33 AM     all     25.13      0.00      0.25      0.00      0.00      0.50      0.00      0.00      0.00     74.12
12:53:34 AM     all     25.06      0.00      0.50      0.00      0.00      0.25      0.25      0.00      0.00     73.93
12:53:35 AM     all     25.25      0.00      0.25      0.00      0.00      0.50      0.00      0.00      0.00     74.00
12:53:36 AM     all     25.00      0.00      0.50      0.00      0.00      0.50      0.25      0.00      0.00     73.75
12:53:37 AM     all     25.25      0.00      0.00      0.00      0.00      0.25      0.00      0.00      0.00     74.49
12:53:38 AM     all     24.44      0.00      1.00      0.00      0.00      0.50      0.25      0.00      0.00     73.82
12:53:39 AM     all     25.19      0.00      0.50      0.00      0.00      0.50      0.25      0.00      0.00     73.57
12:53:40 AM     all     25.06      0.00      0.25      0.00      0.00      0.50      0.00      0.00      0.00     74.19
12:53:41 AM     all     25.06      0.00      0.25      0.00      0.00      0.50      0.25      0.00      0.00     73.93
12:53:42 AM     all     24.94      0.00      0.25      0.25      0.00      0.25      0.00      0.00      0.00     74.31
12:53:43 AM     all     25.13      0.00      0.25      0.00      0.00      0.50      0.00      0.00      0.00     74.12
12:53:44 AM     all     25.25      0.00      0.25      0.00      0.00      0.25      0.25      0.00      0.00     74.00
12:53:45 AM     all     24.12      0.00      0.75      0.00      0.00      0.50      0.00      0.00      0.00     74.62
12:53:46 AM     all     25.00      0.00      0.50      0.00      0.00      0.50      0.25      0.00      0.00     73.75
12:53:47 AM     all     24.81      0.00      0.75      0.00      0.00      0.50      0.00      0.00      0.00     73.93
12:53:48 AM     all     24.87      0.00      0.25      0.00      0.00      0.25      0.25      0.00      0.00     74.37
12:53:49 AM     all     24.56      0.00      0.75      0.00      0.00      0.50      0.00      0.00      0.00     74.19
12:53:50 AM     all     24.87      0.00      0.50      0.00      0.00      0.25      0.00      0.00      0.00     74.37
12:53:51 AM     all     49.50      0.00      8.00      0.00      0.00      0.75      0.25      0.00      0.00     41.50
12:53:52 AM     all     89.80      0.00      8.96      0.00      0.00      1.00      0.25      0.00      0.00      0.00
12:53:53 AM     all     91.48      0.00      7.77      0.00      0.00      0.75      0.00      0.00      0.00      0.00
12:53:54 AM     all     95.25      0.00      3.75      0.00      0.00      0.75      0.25      0.00      0.00      0.00
12:53:55 AM     all     95.75      0.00      3.25      0.00      0.00      1.00      0.00      0.00      0.00      0.00
12:53:56 AM     all     97.51      0.00      1.50      0.00      0.00      0.75      0.25      0.00      0.00      0.00
12:53:57 AM     all     98.49      0.00      0.75      0.00      0.00      0.75      0.00      0.00      0.00      0.00
12:53:58 AM     all     97.01      0.00      2.00      0.00      0.00      0.75      0.25      0.00      0.00      0.00
12:53:59 AM     all     97.00      0.00      2.25      0.00      0.00      0.75      0.00      0.00      0.00      0.00
12:54:00 AM     all     97.51      0.00      1.25      0.00      0.00      1.00      0.25      0.00      0.00      0.00
12:54:01 AM     all     98.74      0.00      0.50      0.00      0.00      0.75      0.00      0.00      0.00      0.00
12:54:02 AM     all     98.50      0.00      0.75      0.00      0.00      0.75      0.00      0.00      0.00      0.00
12:54:03 AM     all     97.25      0.00      1.25      0.00      0.00      1.25      0.25      0.00      0.00      0.00
12:54:04 AM     all     97.75      0.00      1.00      0.00      0.00      1.00      0.25      0.00      0.00      0.00
12:54:05 AM     all     98.00      0.00      1.00      0.00      0.00      1.00      0.00      0.00      0.00      0.00
12:54:06 AM     all     98.50      0.00      0.50      0.00      0.00      0.75      0.25      0.00      0.00      0.00
12:54:07 AM     all     98.25      0.00      0.75      0.00      0.00      1.00      0.00      0.00      0.00      0.00
12:54:08 AM     all     98.75      0.00      0.00      0.00      0.00      1.00      0.25      0.00      0.00      0.00
12:54:09 AM     all     98.50      0.00      0.75      0.00      0.00      0.75      0.00      0.00      0.00      0.00
12:54:10 AM     all     98.50      0.00      0.75      0.00      0.00      0.75      0.00      0.00      0.00      0.00
12:54:11 AM     all     98.00      0.00      0.75      0.00      0.00      1.00      0.25      0.00      0.00      0.00
12:54:12 AM     all     98.75      0.00      0.50      0.00      0.00      0.75      0.00      0.00      0.00      0.00
12:54:13 AM     all     98.50      0.00      0.50      0.00      0.00      0.75      0.25      0.00      0.00      0.00
12:54:14 AM     all     98.00      0.00      1.00      0.00      0.00      1.00      0.00      0.00      0.00      0.00
12:54:15 AM     all     98.50      0.00      0.50      0.00      0.00      0.75      0.25      0.00      0.00      0.00
12:54:16 AM     all     97.25      0.00      1.50      0.00      0.00      1.00      0.25      0.00      0.00      0.00
12:54:17 AM     all     98.00      0.00      1.00      0.00      0.00      1.00      0.00      0.00      0.00      0.00
12:54:18 AM     all     98.50      0.00      0.75      0.00      0.00      0.75      0.00      0.00      0.00      0.00
12:54:19 AM     all     97.76      0.00      1.00      0.00      0.00      1.00      0.25      0.00      0.00      0.00
12:54:20 AM     all     98.75      0.00      0.50      0.00      0.00      0.75      0.00      0.00      0.00      0.00
12:54:21 AM     all     66.75      0.00      1.75      0.00      0.00      0.75      0.25      0.00      0.00     30.50
12:54:22 AM     all     25.00      0.00      0.25      0.25      0.00      0.25      0.00      0.00      0.00     74.24
12:54:23 AM     all     25.06      0.00      0.00      0.00      0.00      0.50      0.25      0.00      0.00     74.19
12:54:24 AM     all     25.25      0.00      0.00      0.00      0.00      0.25      0.00      0.00      0.00     74.49
12:54:25 AM     all     24.00      0.00      0.75      0.00      0.00      0.75      0.25      0.00      0.00     74.25
12:54:26 AM     all     25.19      0.00      0.25      0.00      0.00      0.25      0.00      0.00      0.00     74.31
12:54:27 AM     all     24.94      0.00      0.75      0.00      0.00      0.50      0.25      0.00      0.00     73.57
12:54:28 AM     all     25.13      0.00      0.50      0.00      0.00      0.25      0.00      0.00      0.00     74.12
12:54:29 AM     all     24.94      0.00      0.50      0.00      0.00      0.50      0.25      0.00      0.00     73.82
12:54:30 AM     all     25.13      0.00      0.25      0.00      0.00      0.50      0.00      0.00      0.00     74.12
12:54:31 AM     all     23.68      0.00      0.76      0.00      0.00      0.50      0.25      0.00      0.00     74.81
12:54:32 AM     all     25.19      0.00      0.25      0.00      0.00      0.25      0.00      0.00      0.00     74.31
12:54:33 AM     all     25.00      0.00      0.50      0.00      0.00      0.50      0.25      0.00      0.00     73.75
12:54:34 AM     all     24.87      0.00      0.25      0.00      0.00      0.50      0.00      0.00      0.00     74.37
12:54:35 AM     all     24.87      0.00      0.50      0.00      0.00      0.25      0.25      0.00      0.00     74.12
12:54:36 AM     all     25.06      0.00      0.25      0.00      0.00      0.50      0.00      0.00      0.00     74.19
12:54:37 AM     all     24.44      0.00      1.00      0.25      0.00      0.50      0.25      0.00      0.00     73.57
12:54:38 AM     all     25.13      0.00      0.25      0.00      0.00      0.25      0.00      0.00      0.00     74.37
12:54:39 AM     all     24.75      0.00      0.75      0.00      0.00      0.50      0.25      0.00      0.00     73.75
12:54:40 AM     all     25.06      0.00      0.50      0.00      0.00      0.25      0.00      0.00      0.00     74.19
12:54:41 AM     all     24.87      0.00      0.25      0.00      0.00      0.50      0.00      0.00      0.00     74.37
12:54:42 AM     all     25.06      0.00      0.25      0.00      0.00      0.50      0.25      0.00      0.00     73.93
12:54:43 AM     all     25.13      0.00      0.25      0.00      0.00      0.25      0.00      0.00      0.00     74.37
12:54:44 AM     all     24.69      0.00      0.75      0.00      0.00      0.50      0.25      0.00      0.00     73.82
12:54:45 AM     all     25.06      0.00      0.50      0.00      0.00      0.50      0.00      0.00      0.00     73.93
12:54:46 AM     all     25.00      0.00      0.50      0.00      0.00      0.25      0.25      0.00      0.00     74.00
12:54:47 AM     all     24.87      0.00      0.50      0.25      0.00      0.50      0.00      0.00      0.00     73.87
12:54:48 AM     all     25.06      0.00      0.25      0.00      0.00      0.25      0.25      0.00      0.00     74.19
12:54:49 AM     all     24.87      0.00      0.50      0.00      0.00      0.50      0.00      0.00      0.00     74.12
12:54:50 AM     all     24.56      0.00      0.50      0.00      0.00      0.50      0.25      0.00      0.00     74.19
12:54:51 AM     all     24.87      0.00      0.50      0.00      0.00      0.50      0.00      0.00      0.00     74.12
12:54:52 AM     all     25.06      0.00      0.50      0.00      0.00      0.25      0.25      0.00      0.00     73.93
12:54:53 AM     all     25.06      0.00      0.25      0.00      0.00      0.50      0.00      0.00      0.00     74.19
12:54:54 AM     all     25.13      0.00      0.00      0.00      0.00      0.50      0.25      0.00      0.00     74.12
12:54:55 AM     all     25.06      0.00      0.50      0.00      0.00      0.25      0.00      0.00      0.00     74.19
12:54:56 AM     all     24.44      0.00      6.73      0.00      0.00      0.75      0.25      0.00      0.00     67.83
12:54:57 AM     all     93.48      0.00      5.76      0.00      0.00      0.75      0.00      0.00      0.00      0.00
12:54:58 AM     all     91.77      0.00      7.23      0.00      0.00      0.75      0.25      0.00      0.00      0.00
12:54:59 AM     all     88.03      0.00     10.72      0.00      0.00      1.00      0.25      0.00      0.00      0.00
12:55:00 AM     all     94.24      0.00      5.01      0.00      0.00      0.75      0.00      0.00      0.00      0.00
12:55:01 AM     all     97.76      0.00      1.25      0.00      0.00      0.75      0.25      0.00      0.00      0.00
12:55:02 AM     all     98.25      0.00      1.00      0.00      0.00      0.75      0.00      0.00      0.00      0.00
12:55:03 AM     all     98.00      0.00      1.25      0.00      0.00      0.75      0.00      0.00      0.00      0.00
12:55:04 AM     all     96.26      0.00      2.49      0.00      0.00      1.00      0.25      0.00      0.00      0.00
12:55:05 AM     all     98.49      0.00      0.75      0.00      0.00      0.75      0.00      0.00      0.00      0.00
12:55:06 AM     all     98.00      0.00      0.75      0.00      0.00      1.00      0.25      0.00      0.00      0.00
12:55:07 AM     all     98.25      0.00      1.00      0.00      0.00      0.75      0.00      0.00      0.00      0.00
12:55:08 AM     all     97.50      0.00      1.00      0.00      0.00      1.25      0.25      0.00      0.00      0.00
12:55:09 AM     all     97.26      0.00      1.50      0.00      0.00      1.00      0.25      0.00      0.00      0.00
12:55:10 AM     all     98.00      0.00      1.00      0.00      0.00      1.00      0.00      0.00      0.00      0.00
12:55:11 AM     all     97.24      0.00      1.75      0.00      0.00      0.75      0.25      0.00      0.00      0.00
12:55:12 AM     all     97.25      0.00      1.75      0.00      0.00      1.00      0.00      0.00      0.00      0.00
12:55:13 AM     all     97.25      0.00      1.75      0.00      0.00      0.75      0.25      0.00      0.00      0.00
12:55:14 AM     all     97.24      0.00      1.75      0.00      0.00      1.00      0.00      0.00      0.00      0.00
12:55:15 AM     all     98.00      0.00      1.00      0.00      0.00      0.75      0.25      0.00      0.00      0.00
12:55:16 AM     all     98.00      0.00      1.00      0.00      0.00      1.00      0.00      0.00      0.00      0.00
12:55:17 AM     all     98.50      0.00      0.50      0.00      0.00      0.75      0.25      0.00      0.00      0.00
12:55:18 AM     all     98.25      0.00      0.75      0.00      0.00      1.00      0.00      0.00      0.00      0.00
12:55:19 AM     all     98.25      0.00      0.75      0.00      0.00      0.75      0.25      0.00      0.00      0.00
12:55:20 AM     all     98.00      0.00      1.00      0.00      0.00      1.00      0.00      0.00      0.00      0.00
12:55:21 AM     all     98.50      0.00      0.50      0.00      0.00      1.00      0.00      0.00      0.00      0.00
12:55:22 AM     all     98.25      0.00      0.75      0.00      0.00      0.75      0.25      0.00      0.00      0.00
12:55:23 AM     all     97.26      0.00      1.25      0.00      0.00      1.25      0.25      0.00      0.00      0.00
12:55:24 AM     all     97.75      0.00      1.00      0.00      0.00      1.00      0.25      0.00      0.00      0.00
12:55:25 AM     all     98.75      0.00      0.50      0.00      0.00      0.75      0.00      0.00      0.00      0.00
12:55:26 AM     all     90.52      0.00      4.99      0.00      0.00      1.00      0.25      0.00      0.00      3.24
12:55:27 AM     all     25.19      0.00      1.01      0.00      0.00      0.50      0.00      0.00      0.00     73.30
12:55:28 AM     all     25.31      0.00      0.25      0.00      0.00      0.25      0.25      0.00      0.00     73.93
12:55:29 AM     all     24.87      0.00      0.25      0.00      0.00      0.50      0.00      0.00      0.00     74.37
12:55:30 AM     all     25.13      0.00      0.00      0.00      0.00      0.50      0.25      0.00      0.00     74.12
12:55:31 AM     all     23.99      0.00      0.76      0.00      0.00      0.25      0.00      0.00      0.00     75.00
12:55:32 AM     all     25.13      0.00      0.00      0.25      0.00      0.50      0.25      0.00      0.00     73.87
12:55:33 AM     all     25.00      0.00      0.50      0.00      0.00      0.50      0.00      0.00      0.00     74.00
12:55:34 AM     all     25.00      0.00      0.25      0.25      0.00      0.25      0.25      0.00      0.00     73.99
12:55:35 AM     all     25.00      0.00      0.50      0.00      0.00      0.50      0.00      0.00      0.00     74.00
12:55:36 AM     all     25.00      0.00      0.50      0.00      0.00      0.50      0.25      0.00      0.00     73.75
12:55:37 AM     all     24.87      0.00      0.25      0.25      0.00      0.25      0.00      0.00      0.00     74.37
12:55:38 AM     all     24.56      0.00      0.75      0.00      0.00      0.50      0.25      0.00      0.00     73.93
12:55:39 AM     all     25.06      0.00      0.25      0.00      0.00      0.50      0.00      0.00      0.00     74.19
12:55:40 AM     all     25.06      0.00      0.50      0.00      0.00      0.25      0.25      0.00      0.00     73.93
12:55:41 AM     all     25.06      0.00      0.25      0.00      0.00      0.50      0.00      0.00      0.00     74.19
12:55:42 AM     all     24.94      0.00      0.50      0.00      0.00      0.50      0.00      0.00      0.00     74.06
12:55:43 AM     all     25.19      0.00      0.50      0.00      0.00      0.25      0.25      0.00      0.00     73.82
12:55:44 AM     all     24.31      0.00      1.00      0.00      0.00      0.50      0.25      0.00      0.00     73.93
12:55:45 AM     all     25.00      0.00      0.75      0.00      0.00      0.50      0.00      0.00      0.00     73.75
12:55:46 AM     all     25.31      0.00      0.25      0.00      0.00      0.25      0.25      0.00      0.00     73.93
12:55:47 AM     all     24.87      0.00      0.50      0.00      0.00      0.50      0.00      0.00      0.00     74.12
12:55:48 AM     all     25.06      0.00      0.50      0.00      0.00      0.25      0.25      0.00      0.00     73.93
12:55:49 AM     all     25.00      0.00      0.00      0.00      0.00      0.25      0.00      0.00      0.00     74.75
12:55:50 AM     all     23.88      0.00      1.00      0.00      0.00      0.75      0.25      0.00      0.00     74.13
12:55:51 AM     all     25.38      0.00      0.25      0.00      0.00      0.25      0.00      0.00      0.00     74.12
12:55:52 AM     all     24.94      0.00      0.50      0.25      0.00      0.50      0.25      0.00      0.00     73.57
12:55:53 AM     all     25.13      0.00      0.50      0.00      0.00      0.25      0.00      0.00      0.00     74.12
12:55:54 AM     all     24.94      0.00      0.75      0.00      0.00      0.50      0.25      0.00      0.00     73.57
12:55:55 AM     all     24.94      0.00      0.75      0.00      0.00      0.50      0.00      0.00      0.00     73.82
12:55:56 AM     all     24.81      0.00      0.50      0.00      0.00      0.50      0.25      0.00      0.00     73.93
12:55:57 AM     all     24.81      0.00      0.75      0.25      0.00      0.50      0.00      0.00      0.00     73.68
12:55:58 AM     all     25.25      0.00      0.50      0.00      0.00      0.25      0.25      0.00      0.00     73.75
12:55:59 AM     all     24.81      0.00      0.50      0.00      0.00      0.50      0.00      0.00      0.00     74.19
12:56:00 AM     all     25.63      0.00      0.50      0.00      0.00      0.50      0.25      0.00      0.00     73.12
12:56:01 AM     all     25.56      0.00      0.50      0.00      0.00      0.25      0.00      0.00      0.00     73.68
12:56:02 AM     all     25.06      0.00      0.25      0.00      0.00      0.50      0.25      0.00      0.00     73.93
12:56:03 AM     all     55.25      0.00      8.75      0.00      0.00      0.75      0.25      0.00      0.00     35.00
12:56:04 AM     all     85.93      0.00     13.32      0.00      0.00      0.75      0.00      0.00      0.00      0.00
12:56:05 AM     all     85.79      0.00     13.22      0.00      0.00      0.75      0.25      0.00      0.00      0.00
12:56:06 AM     all     92.52      0.00      6.73      0.00      0.00      0.75      0.00      0.00      0.00      0.00
12:56:07 AM     all     94.76      0.00      4.24      0.00      0.00      0.75      0.25      0.00      0.00      0.00
12:56:08 AM     all     97.99      0.00      1.25      0.00      0.00      0.75      0.00      0.00      0.00      0.00
12:56:09 AM     all     98.75      0.00      0.25      0.00      0.00      0.75      0.25      0.00      0.00      0.00
12:56:10 AM     all     97.99      0.00      1.25      0.00      0.00      0.75      0.00      0.00      0.00      0.00
12:56:11 AM     all     97.01      0.00      1.74      0.00      0.00      1.00      0.25      0.00      0.00      0.00
12:56:12 AM     all     98.99      0.00      0.25      0.00      0.00      0.75      0.00      0.00      0.00      0.00
12:56:13 AM     all     98.50      0.00      0.50      0.00      0.00      0.75      0.25      0.00      0.00      0.00
12:56:14 AM     all     98.00      0.00      1.00      0.00      0.00      1.00      0.00      0.00      0.00      0.00
12:56:15 AM     all     98.75      0.00      0.25      0.00      0.00      1.00      0.00      0.00      0.00      0.00
12:56:16 AM     all     96.50      0.00      2.00      0.00      0.00      1.25      0.25      0.00      0.00      0.00
12:56:17 AM     all     96.76      0.00      2.24      0.00      0.00      0.75      0.25      0.00      0.00      0.00
12:56:18 AM     all     96.99      0.00      2.01      0.00      0.00      1.00      0.00      0.00      0.00      0.00
12:56:19 AM     all     96.75      0.00      2.25      0.00      0.00      0.75      0.25      0.00      0.00      0.00
12:56:20 AM     all     97.26      0.00      1.50      0.00      0.00      1.00      0.25      0.00      0.00      0.00
12:56:21 AM     all     98.75      0.00      0.50      0.00      0.00      0.75      0.00      0.00      0.00      0.00
12:56:22 AM     all     98.50      0.00      0.50      0.00      0.00      1.00      0.00      0.00      0.00      0.00
12:56:23 AM     all     98.25      0.00      0.75      0.00      0.00      0.75      0.25      0.00      0.00      0.00
12:56:24 AM     all     98.25      0.00      0.75      0.00      0.00      1.00      0.00      0.00      0.00      0.00
12:56:25 AM     all     98.00      0.00      0.75      0.00      0.00      1.00      0.25      0.00      0.00      0.00
12:56:26 AM     all     99.00      0.00      0.25      0.00      0.00      0.75      0.00      0.00      0.00      0.00
12:56:27 AM     all     98.00      0.00      1.00      0.00      0.00      0.75      0.25      0.00      0.00      0.00
12:56:28 AM     all     98.50      0.00      0.50      0.00      0.00      1.00      0.00      0.00      0.00      0.00
12:56:29 AM     all     98.25      0.00      0.50      0.00      0.00      1.00      0.25      0.00      0.00      0.00
12:56:30 AM     all     97.01      0.00      1.50      0.00      0.00      1.25      0.25      0.00      0.00      0.00
12:56:31 AM     all     97.24      0.00      2.01      0.00      0.00      0.75      0.00      0.00      0.00      0.00
12:56:32 AM     all     96.51      0.00      2.00      0.00      0.00      1.25      0.25      0.00      0.00      0.00
12:56:33 AM     all     60.00      0.00      3.00      0.00      0.00      0.75      0.00      0.00      0.00     36.25
12:56:34 AM     all     24.87      0.00      0.50      0.00      0.00      0.25      0.25      0.00      0.00     74.12
12:56:35 AM     all     25.38      0.00      0.00      0.00      0.00      0.50      0.00      0.00      0.00     74.12
12:56:36 AM     all     25.00      0.00      0.50      0.00      0.00      0.50      0.25      0.00      0.00     73.75
12:56:37 AM     all     25.06      0.00      0.50      0.25      0.00      0.25      0.00      0.00      0.00     73.93
12:56:38 AM     all     24.06      0.00      0.50      0.00      0.00      0.50      0.25      0.00      0.00     74.69
12:56:39 AM     all     24.81      0.00      0.75      0.00      0.00      0.50      0.00      0.00      0.00     73.93
12:56:40 AM     all     25.00      0.00      0.25      0.00      0.00      0.50      0.25      0.00      0.00     74.00
12:56:41 AM     all     25.19      0.00      0.25      0.00      0.00      0.25      0.00      0.00      0.00     74.31
12:56:42 AM     all     25.06      0.00      0.25      0.00      0.00      0.50      0.25      0.00      0.00     73.93
12:56:43 AM     all     25.00      0.00      0.75      0.00      0.00      0.25      0.00      0.00      0.00     74.00
12:56:44 AM     all     24.25      0.00      1.00      0.00      0.00      0.50      0.25      0.00      0.00     74.00
12:56:45 AM     all     25.00      0.00      0.00      0.00      0.00      0.51      0.00      0.00      0.00     74.49
12:56:46 AM     all     25.00      0.00      0.25      0.00      0.00      0.50      0.25      0.00      0.00     74.00
12:56:47 AM     all     25.19      0.00      0.25      0.00      0.00      0.25      0.00      0.00      0.00     74.31
12:56:48 AM     all     24.81      0.00      0.50      0.00      0.00      0.50      0.25      0.00      0.00     73.93
12:56:49 AM     all     24.81      0.00      0.75      0.00      0.00      0.50      0.00      0.00      0.00     73.93
12:56:50 AM     all     25.31      0.00      0.25      0.00      0.00      0.25      0.00      0.00      0.00     74.19
12:56:51 AM     all     24.56      0.00      0.75      0.00      0.00      0.50      0.25      0.00      0.00     73.93
12:56:52 AM     all     25.06      0.00      0.25      0.25      0.00      0.50      0.00      0.00      0.00     73.93
12:56:53 AM     all     24.94      0.00      0.75      0.00      0.00      0.25      0.25      0.00      0.00     73.82
12:56:54 AM     all     24.87      0.00      0.50      0.00      0.00      0.50      0.00      0.00      0.00     74.12
12:56:55 AM     all     25.00      0.00      0.50      0.00      0.00      0.50      0.25      0.00      0.00     73.75
12:56:56 AM     all     25.19      0.00      0.00      0.00      0.00      0.50      0.00      0.00      0.00     74.31
12:56:57 AM     all     25.00      0.00      0.75      0.00      0.00      0.25      0.25      0.00      0.00     73.75
12:56:58 AM     all     25.13      0.00      0.00      0.00      0.00      0.50      0.25      0.00      0.00     74.12
12:56:59 AM     all     25.06      0.00      0.25      0.00      0.00      0.50      0.00      0.00      0.00     74.19
12:57:00 AM     all     25.94      0.00      1.25      0.00      0.00      0.50      0.25      0.00      0.00     72.07
12:57:01 AM     all     25.19      0.00      0.25      0.00      0.00      0.25      0.00      0.00      0.00     74.31
12:57:02 AM     all     25.00      0.00      0.50      0.25      0.00      0.50      0.25      0.00      0.00     73.50
12:57:03 AM     all     24.50      0.00      1.00      0.00      0.00      0.50      0.00      0.00      0.00     74.00
12:57:04 AM     all     25.37      0.00      0.50      0.00      0.00      0.50      0.25      0.00      0.00     73.38
12:57:05 AM     all     25.13      0.00      0.25      0.00      0.00      0.25      0.00      0.00      0.00     74.37
12:57:06 AM     all     25.19      0.00      0.25      0.00      0.00      0.25      0.00      0.00      0.00     74.31
12:57:07 AM     all     25.00      0.00      0.50      0.00      0.00      0.50      0.25      0.00      0.00     73.75
12:57:08 AM     all     25.19      0.00      0.50      0.00      0.00      0.50      0.00      0.00      0.00     73.82
12:57:09 AM     all     23.50      0.00      2.50      0.00      0.00      0.25      0.25      0.00      0.00     73.50
12:57:10 AM     all     73.25      0.00     18.00      0.00      0.00      1.00      0.25      0.00      0.00      7.50
12:57:11 AM     all     89.22      0.00     10.03      0.00      0.00      0.75      0.00      0.00      0.00      0.00
12:57:12 AM     all     91.00      0.00      8.00      0.00      0.00      0.75      0.25      0.00      0.00      0.00
12:57:13 AM     all     91.75      0.00      7.50      0.00      0.00      0.75      0.00      0.00      0.00      0.00
12:57:14 AM     all     90.50      0.00      8.50      0.00      0.00      0.75      0.25      0.00      0.00      0.00
12:57:15 AM     all     97.25      0.00      2.00      0.00      0.00      0.75      0.00      0.00      0.00      0.00
12:57:16 AM     all     98.25      0.00      0.75      0.00      0.00      0.75      0.25      0.00      0.00      0.00
12:57:17 AM     all     98.49      0.00      0.75      0.00      0.00      0.75      0.00      0.00      0.00      0.00
12:57:18 AM     all     96.51      0.00      2.49      0.00      0.00      0.75      0.25      0.00      0.00      0.00
12:57:19 AM     all     98.75      0.00      0.25      0.00      0.00      1.00      0.00      0.00      0.00      0.00
12:57:20 AM     all     98.75      0.00      0.25      0.00      0.00      0.75      0.25      0.00      0.00      0.00
12:57:21 AM     all     97.50      0.00      1.25      0.00      0.00      1.25      0.00      0.00      0.00      0.00
12:57:22 AM     all     98.00      0.00      1.00      0.00      0.00      0.75      0.25      0.00      0.00      0.00
12:57:23 AM     all     98.75      0.00      0.25      0.00      0.00      1.00      0.00      0.00      0.00      0.00
12:57:24 AM     all     98.26      0.00      0.75      0.00      0.00      0.75      0.25      0.00      0.00      0.00
12:57:25 AM     all     98.25      0.00      0.75      0.00      0.00      1.00      0.00      0.00      0.00      0.00
12:57:26 AM     all     98.25      0.00      0.75      0.00      0.00      0.75      0.25      0.00      0.00      0.00
12:57:27 AM     all     98.25      0.00      0.75      0.00      0.00      1.00      0.00      0.00      0.00      0.00
12:57:28 AM     all     98.25      0.00      0.75      0.00      0.00      0.75      0.25      0.00      0.00      0.00
12:57:29 AM     all     98.50      0.00      0.50      0.00      0.00      1.00      0.00      0.00      0.00      0.00
12:57:30 AM     all     97.76      0.00      1.25      0.00      0.00      0.75      0.25      0.00      0.00      0.00
12:57:31 AM     all     98.25      0.00      0.75      0.00      0.00      1.00      0.00      0.00      0.00      0.00
12:57:32 AM     all     98.50      0.00      0.50      0.00      0.00      0.75      0.25      0.00      0.00      0.00
12:57:33 AM     all     98.25      0.00      0.75      0.00      0.00      1.00      0.00      0.00      0.00      0.00
12:57:34 AM     all     97.75      0.00      1.00      0.00      0.00      1.00      0.25      0.00      0.00      0.00
12:57:35 AM     all     98.74      0.00      0.50      0.00      0.00      0.75      0.00      0.00      0.00      0.00
12:57:36 AM     all     97.76      0.00      1.00      0.00      0.00      1.00      0.25      0.00      0.00      0.00
12:57:37 AM     all     98.25      0.00      0.75      0.00      0.00      1.00      0.00      0.00      0.00      0.00
12:57:38 AM     all     98.50      0.00      0.50      0.00      0.00      0.75      0.25      0.00      0.00      0.00
12:57:39 AM     all     98.50      0.00      0.50      0.00      0.00      1.00      0.00      0.00      0.00      0.00
12:57:40 AM     all     33.33      0.00      1.00      0.00      0.00      0.50      0.25      0.00      0.00     64.91
12:57:41 AM     all     24.94      0.00      0.25      0.00      0.00      0.25      0.00      0.00      0.00     74.56
12:57:42 AM     all     25.00      0.00      0.50      0.00      0.00      0.50      0.25      0.00      0.00     73.75
12:57:43 AM     all     24.37      0.00      1.01      0.00      0.00      0.50      0.00      0.00      0.00     74.12
12:57:44 AM     all     24.87      0.00      0.25      0.00      0.00      0.25      0.25      0.00      0.00     74.37
12:57:45 AM     all     25.44      0.00      0.25      0.00      0.00      0.50      0.00      0.00      0.00     73.80
12:57:46 AM     all     24.75      0.00      0.50      0.00      0.00      0.50      0.25      0.00      0.00     74.00
12:57:47 AM     all     25.06      0.00      0.25      0.25      0.00      0.50      0.00      0.00      0.00     73.93
12:57:48 AM     all     25.13      0.00      0.25      0.00      0.00      0.25      0.25      0.00      0.00     74.12
12:57:49 AM     all     25.25      0.00      0.25      0.00      0.00      0.50      0.00      0.00      0.00     74.00
12:57:50 AM     all     23.87      0.00      1.01      0.00      0.00      0.50      0.25      0.00      0.00     74.37
12:57:51 AM     all     25.00      0.00      0.75      0.00      0.00      0.50      0.00      0.00      0.00     73.75
12:57:52 AM     all     25.25      0.00      0.50      0.00      0.00      0.25      0.25      0.00      0.00     73.75
12:57:53 AM     all     25.25      0.00      0.50      0.00      0.00      0.50      0.00      0.00      0.00     73.75
12:57:54 AM     all     24.88      0.00      0.75      0.00      0.00      0.50      0.25      0.00      0.00     73.63
12:57:55 AM     all     24.87      0.00      0.50      0.00      0.00      0.50      0.00      0.00      0.00     74.12
12:57:56 AM     all     24.56      0.00      0.75      0.00      0.00      0.50      0.25      0.00      0.00     73.93
12:57:57 AM     all     25.06      0.00      0.50      0.00      0.00      0.25      0.25      0.00      0.00     73.93
12:57:58 AM     all     25.06      0.00      0.50      0.25      0.00      0.50      0.00      0.00      0.00     73.68
12:57:59 AM     all     25.06      0.00      0.50      0.00      0.00      0.50      0.00      0.00      0.00     73.93
12:58:00 AM     all     25.69      0.00      0.76      0.00      0.00      0.25      0.25      0.00      0.00     73.05
12:58:01 AM     all     25.06      0.00      0.50      0.00      0.00      0.50      0.00      0.00      0.00     73.93
12:58:02 AM     all     24.81      0.00      0.75      0.25      0.00      0.50      0.25      0.00      0.00     73.43
12:58:03 AM     all     24.87      0.00      0.50      0.00      0.00      0.50      0.00      0.00      0.00     74.12
12:58:04 AM     all     25.31      0.00      0.00      0.00      0.00      0.25      0.25      0.00      0.00     74.19
12:58:05 AM     all     25.19      0.00      0.00      0.00      0.00      0.50      0.00      0.00      0.00     74.31
12:58:06 AM     all     24.75      0.00      0.50      0.00      0.00      0.50      0.25      0.00      0.00     74.00
12:58:07 AM     all     25.32      0.00      0.00      0.00      0.00      0.25      0.00      0.00      0.00     74.43
12:58:08 AM     all     25.00      0.00      0.50      0.00      0.00      0.50      0.00      0.00      0.00     74.00
12:58:09 AM     all     24.31      0.00      0.50      0.00      0.00      0.50      0.25      0.00      0.00     74.44
12:58:10 AM     all     25.12      0.00      0.75      0.00      0.00      0.50      0.00      0.00      0.00     73.63
12:58:11 AM     all     25.06      0.00      0.50      0.00      0.00      0.25      0.25      0.00      0.00     73.93
12:58:12 AM     all     25.06      0.00      0.25      0.25      0.00      0.50      0.00      0.00      0.00     73.93
12:58:13 AM     all     25.00      0.00      0.50      0.00      0.00      0.50      0.25      0.00      0.00     73.75
12:58:14 AM     all     25.06      0.00      0.50      0.00      0.00      0.25      0.00      0.00      0.00     74.19
12:58:15 AM     all     41.71      0.00      8.79      0.00      0.00      0.75      0.25      0.00      0.00     48.49
12:58:16 AM     all     92.27      0.00      6.73      0.00      0.00      0.75      0.25      0.00      0.00      0.00
12:58:17 AM     all     89.72      0.00      9.27      0.00      0.00      0.75      0.25      0.00      0.00      0.00
12:58:18 AM     all     90.50      0.00      8.75      0.00      0.00      0.75      0.00      0.00      0.00      0.00
12:58:19 AM     all     94.00      0.00      5.00      0.00      0.00      0.75      0.25      0.00      0.00      0.00
12:58:20 AM     all     78.25      0.00     21.00      0.00      0.00      0.75      0.00      0.00      0.00      0.00
12:58:21 AM     all     78.80      0.00     19.95      0.00      0.00      1.00      0.25      0.00      0.00      0.00
12:58:22 AM     all     94.97      0.00      4.27      0.00      0.00      0.75      0.00      0.00      0.00      0.00
12:58:23 AM     all     97.25      0.00      1.75      0.00      0.00      1.00      0.00      0.00      0.00      0.00
12:58:24 AM     all     97.76      0.00      1.00      0.00      0.00      1.00      0.25      0.00      0.00      0.00
12:58:25 AM     all     97.99      0.00      1.00      0.00      0.00      1.00      0.00      0.00      0.00      0.00
12:58:26 AM     all     97.26      0.00      1.75      0.00      0.00      0.75      0.25      0.00      0.00      0.00
12:58:27 AM     all     97.26      0.00      1.25      0.00      0.00      1.25      0.25      0.00      0.00      0.00
12:58:28 AM     all     98.25      0.00      1.00      0.00      0.00      0.75      0.00      0.00      0.00      0.00
12:58:29 AM     all     97.76      0.00      0.75      0.00      0.00      1.00      0.25      0.00      0.00      0.25
12:58:30 AM     all     98.50      0.00      0.50      0.00      0.00      1.00      0.00      0.00      0.00      0.00
12:58:31 AM     all     98.74      0.00      0.50      0.00      0.00      0.75      0.00      0.00      0.00      0.00
12:58:32 AM     all     98.25      0.00      0.75      0.00      0.00      0.75      0.25      0.00      0.00      0.00
12:58:33 AM     all     98.75      0.00      0.25      0.00      0.00      1.00      0.00      0.00      0.00      0.00
12:58:34 AM     all     98.25      0.00      0.75      0.00      0.00      0.75      0.25      0.00      0.00      0.00
12:58:35 AM     all     98.50      0.00      0.50      0.00      0.00      1.00      0.00      0.00      0.00      0.00
12:58:36 AM     all     98.25      0.00      0.75      0.00      0.00      0.75      0.25      0.00      0.00      0.00
12:58:37 AM     all     98.50      0.00      0.50      0.00      0.00      1.00      0.00      0.00      0.00      0.00
12:58:38 AM     all     98.25      0.00      0.75      0.00      0.00      0.75      0.25      0.00      0.00      0.00
12:58:39 AM     all     98.25      0.00      1.00      0.00      0.00      0.75      0.00      0.00      0.00      0.00
12:58:40 AM     all     98.50      0.00      0.50      0.00      0.00      0.75      0.25      0.00      0.00      0.00
12:58:41 AM     all     97.75      0.00      1.00      0.00      0.00      1.25      0.00      0.00      0.00      0.00
12:58:42 AM     all     97.75      0.00      1.00      0.00      0.00      1.00      0.25      0.00      0.00      0.00
12:58:43 AM     all     97.99      0.00      1.00      0.00      0.00      1.00      0.00      0.00      0.00      0.00
12:58:44 AM     all     97.76      0.00      1.25      0.00      0.00      0.75      0.25      0.00      0.00      0.00
12:58:45 AM     all     72.43      0.00      1.50      0.00      0.00      0.75      0.00      0.00      0.00     25.31
12:58:46 AM     all     24.87      0.00      0.25      0.00      0.00      0.50      0.25      0.00      0.00     74.12
12:58:47 AM     all     25.13      0.00      0.50      0.00      0.00      0.25      0.00      0.00      0.00     74.12
12:58:48 AM     all     25.06      0.00      0.00      0.00      0.00      0.50      0.25      0.00      0.00     74.19
12:58:49 AM     all     24.24      0.00      0.76      0.00      0.00      0.51      0.00      0.00      0.00     74.49
12:58:50 AM     all     25.12      0.00      0.75      0.00      0.00      0.25      0.25      0.00      0.00     73.63
12:58:51 AM     all     25.13      0.00      0.25      0.00      0.00      0.50      0.00      0.00      0.00     74.12
12:58:52 AM     all     25.06      0.00      0.25      0.00      0.00      0.50      0.25      0.00      0.00     73.93
12:58:53 AM     all     25.25      0.00      0.50      0.00      0.00      0.50      0.00      0.00      0.00     73.75
12:58:54 AM     all     25.50      0.00      0.25      0.00      0.00      0.25      0.25      0.00      0.00     73.75
12:58:55 AM     all     24.37      0.00      0.25      0.00      0.00      0.50      0.00      0.00      0.00     74.87
12:58:56 AM     all     24.19      0.00      1.00      0.00      0.00      0.50      0.25      0.00      0.00     74.06
12:58:57 AM     all     24.87      0.00      0.50      0.25      0.00      0.50      0.00      0.00      0.00     73.87
12:58:58 AM     all     24.87      0.00      0.50      0.00      0.00      0.25      0.25      0.00      0.00     74.12
12:58:59 AM     all     25.06      0.00      0.25      0.00      0.00      0.50      0.00      0.00      0.00     74.19
12:59:00 AM     all     25.75      0.00      1.25      0.00      0.00      0.50      0.25      0.00      0.00     72.25
12:59:01 AM     all     25.13      0.00      0.50      0.00      0.00      0.25      0.00      0.00      0.00     74.12
12:59:02 AM     all     24.81      0.00      0.50      0.00      0.00      0.50      0.25      0.00      0.00     73.93
12:59:03 AM     all     25.06      0.00      0.50      0.00      0.00      0.50      0.00      0.00      0.00     73.93
12:59:04 AM     all     24.94      0.00      0.75      0.00      0.00      0.50      0.25      0.00      0.00     73.57
12:59:05 AM     all     25.00      0.00      0.75      0.00      0.00      0.25      0.00      0.00      0.00     74.00
12:59:06 AM     all     25.37      0.00      0.50      0.00      0.00      0.50      0.25      0.00      0.00     73.38
12:59:07 AM     all     25.06      0.00      0.25      0.25      0.00      0.50      0.00      0.00      0.00     73.93
12:59:08 AM     all     22.00      0.00      1.00      0.00      0.00      0.50      0.25      0.00      0.00     76.25
12:59:09 AM     all     25.31      0.00      0.50      0.00      0.00      0.25      0.00      0.00      0.00     73.93
12:59:10 AM     all     24.75      0.00      0.50      0.00      0.00      0.50      0.25      0.00      0.00     74.00
12:59:11 AM     all     25.31      0.00      0.25      0.00      0.00      0.50      0.00      0.00      0.00     73.93
12:59:12 AM     all     24.94      0.00      0.25      0.00      0.00      0.25      0.25      0.00      0.00     74.31
12:59:13 AM     all     25.25      0.00      0.50      0.00      0.00      0.50      0.00      0.00      0.00     73.75
12:59:14 AM     all     25.00      0.00      0.50      0.00      0.00      0.25      0.25      0.00      0.00     74.00
12:59:15 AM     all     24.62      0.00      0.50      0.00      0.00      0.75      0.00      0.00      0.00     74.12
12:59:16 AM     all     25.13      0.00      0.25      0.00      0.00      0.25      0.25      0.00      0.00     74.12
12:59:17 AM     all     24.87      0.00      0.25      0.25      0.00      0.50      0.00      0.00      0.00     74.12
12:59:18 AM     all     25.25      0.00      0.75      0.00      0.00      0.25      0.00      0.00      0.00     73.75
12:59:19 AM     all     24.75      0.00      0.50      0.00      0.00      0.50      0.25      0.00      0.00     74.00
12:59:20 AM     all     25.06      0.00      0.25      0.00      0.00      0.50      0.00      0.00      0.00     74.19
12:59:21 AM     all     55.75      0.00      7.75      0.00      0.00      0.75      0.25      0.00      0.00     35.50
12:59:22 AM     all     89.72      0.00      9.52      0.00      0.00      0.75      0.00      0.00      0.00      0.00
12:59:23 AM     all     91.02      0.00      7.98      0.00      0.00      0.75      0.25      0.00      0.00      0.00
12:59:24 AM     all     87.50      0.00     11.50      0.00      0.00      0.75      0.25      0.00      0.00      0.00
12:59:25 AM     all     96.50      0.00      2.75      0.00      0.00      0.75      0.00      0.00      0.00      0.00
12:59:26 AM     all     94.75      0.00      4.25      0.00      0.00      0.75      0.25      0.00      0.00      0.00
12:59:27 AM     all     97.25      0.00      2.00      0.00      0.00      0.75      0.00      0.00      0.00      0.00
12:59:28 AM     all     97.49      0.00      1.75      0.00      0.00      0.75      0.00      0.00      0.00      0.00
12:59:29 AM     all     97.25      0.00      1.75      0.00      0.00      0.75      0.25      0.00      0.00      0.00
12:59:30 AM     all     95.00      0.00      4.00      0.00      0.00      1.00      0.00      0.00      0.00      0.00
12:59:31 AM     all     96.51      0.00      2.24      0.00      0.00      1.00      0.25      0.00      0.00      0.00
12:59:32 AM     all     98.75      0.00      0.50      0.00      0.00      0.75      0.00      0.00      0.00      0.00
12:59:33 AM     all     97.26      0.00      1.24      0.00      0.00      1.24      0.25      0.00      0.00      0.00
12:59:34 AM     all     98.75      0.00      0.50      0.00      0.00      0.75      0.00      0.00      0.00      0.00
12:59:35 AM     all     98.75      0.00      0.25      0.00      0.00      0.75      0.25      0.00      0.00      0.00
12:59:36 AM     all     98.50      0.00      0.50      0.00      0.00      1.00      0.00      0.00      0.00      0.00
12:59:37 AM     all     98.75      0.00      0.25      0.00      0.00      0.75      0.25      0.00      0.00      0.00
12:59:38 AM     all     98.50      0.00      0.50      0.00      0.00      1.00      0.00      0.00      0.00      0.00
12:59:39 AM     all     98.25      0.00      0.75      0.00      0.00      0.75      0.25      0.00      0.00      0.00
12:59:40 AM     all     98.50      0.00      0.50      0.00      0.00      1.00      0.00      0.00      0.00      0.00
12:59:41 AM     all     98.00      0.00      1.00      0.00      0.00      0.75      0.25      0.00      0.00      0.00
12:59:42 AM     all     97.25      0.00      1.75      0.00      0.00      1.00      0.00      0.00      0.00      0.00
12:59:43 AM     all     97.25      0.00      1.75      0.00      0.00      0.75      0.25      0.00      0.00      0.00
12:59:44 AM     all     97.50      0.00      1.50      0.00      0.00      1.00      0.00      0.00      0.00      0.00
12:59:45 AM     all     96.99      0.00      2.01      0.00      0.00      1.00      0.00      0.00      0.00      0.00
12:59:46 AM     all     97.26      0.00      1.50      0.00      0.00      1.00      0.25      0.00      0.00      0.00
12:59:47 AM     all     97.24      0.00      1.50      0.00      0.00      1.00      0.25      0.00      0.00      0.00
12:59:48 AM     all     98.50      0.00      0.25      0.00      0.00      1.25      0.00      0.00      0.00      0.00
12:59:49 AM     all     98.25      0.00      0.75      0.00      0.00      0.75      0.25      0.00      0.00      0.00
12:59:50 AM     all     98.25      0.00      0.75      0.00      0.00      1.00      0.00      0.00      0.00      0.00
12:59:51 AM     all     61.00      0.00      1.50      0.00      0.00      0.50      0.25      0.00      0.00     36.75
12:59:52 AM     all     24.75      0.00      0.25      0.00      0.00      0.51      0.00      0.00      0.00     74.49
12:59:53 AM     all     25.06      0.00      0.25      0.00      0.00      0.25      0.25      0.00      0.00     74.19
12:59:54 AM     all     25.06      0.00      0.50      0.00      0.00      0.50      0.00      0.00      0.00     73.93
12:59:55 AM     all     24.87      0.00      0.25      0.00      0.00      0.50      0.25      0.00      0.00     74.12
12:59:56 AM     all     24.62      0.00      0.75      0.00      0.00      0.50      0.00      0.00      0.00     74.12
12:59:57 AM     all     24.81      0.00      0.50      0.25      0.00      0.25      0.25      0.00      0.00     73.93
12:59:58 AM     all     25.06      0.00      0.50      0.00      0.00      0.50      0.00      0.00      0.00     73.93
12:59:59 AM     all     24.94      0.00      0.50      0.00      0.00      0.50      0.25      0.00      0.00     73.82
01:00:00 AM     all     27.07      0.00      1.00      0.00      0.00      0.50      0.00      0.00      0.00     71.43
01:00:01 AM     all     24.87      0.00      0.50      0.00      0.00      0.25      0.25      0.00      0.00     74.12
01:00:02 AM     all     25.13      0.00      0.75      0.00      0.00      0.50      0.00      0.00      0.00     73.62
01:00:03 AM     all     24.87      0.00      0.25      0.00      0.00      0.50      0.25      0.00      0.00     74.12
01:00:04 AM     all     25.00      0.00      0.75      0.00      0.00      0.50      0.00      0.00      0.00     73.75
01:00:05 AM     all     25.06      0.00      0.25      0.00      0.00      0.25      0.25      0.00      0.00     74.19
01:00:06 AM     all     24.87      0.00      0.50      0.00      0.00      0.50      0.00      0.00      0.00     74.12
01:00:07 AM     all     25.06      0.00      0.50      0.00      0.00      0.25      0.25      0.00      0.00     73.93
01:00:08 AM     all     24.50      0.00      0.75      0.00      0.00      0.50      0.00      0.00      0.00     74.25
01:00:09 AM     all     24.94      0.00      0.00      0.00      0.00      0.50      0.25      0.00      0.00     74.31
01:00:10 AM     all     25.19      0.00      0.25      0.00      0.00      0.25      0.00      0.00      0.00     74.31
01:00:11 AM     all     25.00      0.00      0.50      0.00      0.00      0.50      0.00      0.00      0.00     74.00
01:00:12 AM     all     25.06      0.00      0.50      0.25      0.00      0.25      0.25      0.00      0.00     73.68
01:00:13 AM     all     25.13      0.00      0.00      0.00      0.00      0.50      0.00      0.00      0.00     74.37
01:00:14 AM     all     25.00      0.00      0.50      0.00      0.00      0.25      0.25      0.00      0.00     74.00
01:00:15 AM     all     23.17      0.00      0.50      0.00      0.00      0.50      0.00      0.00      0.00     75.82
01:00:16 AM     all     25.00      0.00      0.50      0.00      0.00      0.50      0.25      0.00      0.00     73.75
01:00:17 AM     all     25.13      0.00      0.50      0.00      0.00      0.25      0.00      0.00      0.00     74.12
01:00:18 AM     all     25.00      0.00      0.50      0.00      0.00      0.50      0.25      0.00      0.00     73.75
01:00:19 AM     all     25.13      0.00      0.50      0.00      0.00      0.25      0.00      0.00      0.00     74.12
01:00:20 AM     all     24.94      0.00      0.50      0.00      0.00      0.50      0.25      0.00      0.00     73.82
01:00:21 AM     all     23.75      0.00      1.00      0.00      0.00      0.50      0.25      0.00      0.00     74.50
01:00:22 AM     all     25.00      0.00      0.50      0.25      0.00      0.50      0.00      0.00      0.00     73.75
01:00:23 AM     all     25.00      0.00      0.50      0.00      0.00      0.25      0.25      0.00      0.00     74.00
01:00:24 AM     all     24.87      0.00      0.50      0.00      0.00      0.50      0.00      0.00      0.00     74.12
01:00:25 AM     all     25.06      0.00      0.00      0.00      0.00      0.50      0.25      0.00      0.00     74.19
01:00:26 AM     all     24.87      0.00      0.50      0.00      0.00      0.25      0.00      0.00      0.00     74.37
01:00:27 AM     all     23.75      0.00      2.00      0.00      0.00      0.50      0.25      0.00      0.00     73.50
01:00:28 AM     all     83.21      0.00      7.77      0.00      0.00      1.00      0.00      0.00      0.00      8.02
01:00:29 AM     all     82.21      0.00     17.04      0.00      0.00      0.50      0.25      0.00      0.00      0.00
01:00:30 AM     all     85.82      0.00     12.94      0.00      0.00      1.00      0.25      0.00      0.00      0.00
01:00:31 AM     all     90.95      0.00      8.54      0.00      0.00      0.50      0.00      0.00      0.00      0.00
01:00:32 AM     all     92.79      0.00      5.97      0.00      0.00      1.00      0.25      0.00      0.00      0.00
01:00:33 AM     all     96.25      0.00      3.00      0.00      0.00      0.75      0.00      0.00      0.00      0.00
01:00:34 AM     all     97.49      0.00      1.75      0.00      0.00      0.75      0.00      0.00      0.00      0.00
01:00:35 AM     all     98.50      0.00      0.50      0.00      0.00      0.75      0.25      0.00      0.00      0.00
01:00:36 AM     all     97.99      0.00      1.25      0.00      0.00      0.75      0.00      0.00      0.00      0.00
01:00:37 AM     all     97.26      0.00      1.75      0.00      0.00      0.75      0.25      0.00      0.00      0.00
01:00:38 AM     all     96.99      0.00      2.01      0.00      0.00      1.00      0.00      0.00      0.00      0.00
01:00:39 AM     all     98.01      0.00      0.74      0.00      0.00      0.99      0.25      0.00      0.00      0.00
01:00:40 AM     all     97.49      0.00      1.25      0.00      0.00      1.00      0.25      0.00      0.00      0.00
01:00:41 AM     all     98.25      0.00      0.75      0.00      0.00      1.00      0.00      0.00      0.00      0.00
01:00:42 AM     all     99.00      0.00      0.25      0.00      0.00      0.75      0.00      0.00      0.00      0.00
01:00:43 AM     all     98.25      0.00      0.50      0.00      0.00      1.00      0.25      0.00      0.00      0.00
01:00:44 AM     all     98.50      0.00      0.75      0.00      0.00      0.75      0.00      0.00      0.00      0.00
01:00:45 AM     all     98.25      0.00      0.50      0.00      0.00      1.00      0.25      0.00      0.00      0.00
01:00:46 AM     all     98.75      0.00      0.50      0.00      0.00      0.75      0.00      0.00      0.00      0.00
01:00:47 AM     all     98.01      0.00      0.75      0.00      0.00      1.00      0.25      0.00      0.00      0.00
01:00:48 AM     all     98.74      0.00      0.50      0.00      0.00      0.75      0.00      0.00      0.00      0.00
01:00:49 AM     all     98.25      0.00      0.50      0.00      0.00      1.00      0.25      0.00      0.00      0.00
01:00:50 AM     all     98.25      0.00      1.00      0.00      0.00      0.75      0.00      0.00      0.00      0.00
01:00:51 AM     all     98.25      0.00      0.50      0.00      0.00      1.00      0.25      0.00      0.00      0.00
01:00:52 AM     all     98.49      0.00      0.75      0.00      0.00      0.75      0.00      0.00      0.00      0.00
01:00:53 AM     all     98.50      0.00      0.25      0.00      0.00      1.00      0.25      0.00      0.00      0.00
01:00:54 AM     all     97.99      0.00      0.75      0.00      0.00      1.25      0.00      0.00      0.00      0.00
01:00:55 AM     all     98.00      0.00      0.75      0.00      0.00      1.00      0.25      0.00      0.00      0.00
01:00:56 AM     all     97.51      0.00      1.25      0.00      0.00      1.00      0.25      0.00      0.00      0.00
01:00:57 AM     all     97.99      0.00      1.01      0.00      0.00      1.01      0.00      0.00      0.00      0.00
01:00:58 AM     all     33.08      0.00      1.99      0.00      0.00      0.50      0.25      0.00      0.00     64.18
01:00:59 AM     all     25.31      0.00      0.25      0.00      0.00      0.25      0.00      0.00      0.00     74.19
01:01:00 AM     all     25.31      0.00      1.50      0.00      0.00      0.50      0.25      0.00      0.00     72.43
01:01:01 AM     all     25.00      0.00      0.50      0.00      0.00      0.50      0.00      0.00      0.00     74.00
01:01:02 AM     all     24.25      0.00      1.25      0.00      0.00      0.50      0.25      0.00      0.00     73.75
01:01:03 AM     all     25.31      0.00      0.50      0.00      0.00      0.25      0.00      0.00      0.00     73.93
01:01:04 AM     all     24.75      0.00      0.50      0.00      0.00      0.50      0.25      0.00      0.00     74.00
01:01:05 AM     all     25.06      0.00      0.50      0.00      0.00      0.50      0.00      0.00      0.00     73.93
01:01:06 AM     all     25.06      0.00      0.50      0.00      0.00      0.25      0.00      0.00      0.00     74.19
01:01:07 AM     all     24.94      0.00      0.50      0.25      0.00      0.50      0.25      0.00      0.00     73.57
01:01:08 AM     all     25.13      0.00      0.50      0.00      0.00      0.25      0.00      0.00      0.00     74.12
01:01:09 AM     all     24.06      0.00      1.00      0.00      0.00      0.50      0.25      0.00      0.00     74.19
01:01:10 AM     all     25.13      0.00      0.25      0.00      0.00      0.50      0.00      0.00      0.00     74.12
01:01:11 AM     all     25.06      0.00      0.00      0.00      0.00      0.50      0.25      0.00      0.00     74.19
01:01:12 AM     all     24.81      0.00      0.75      0.00      0.00      0.50      0.00      0.00      0.00     73.93
01:01:13 AM     all     24.81      0.00      0.50      0.00      0.00      0.25      0.25      0.00      0.00     74.19
01:01:14 AM     all     25.13      0.00      0.25      0.00      0.00      0.50      0.00      0.00      0.00     74.12
01:01:15 AM     all     24.56      0.00      0.75      0.00      0.00      0.50      0.25      0.00      0.00     73.93
01:01:16 AM     all     25.13      0.00      0.50      0.00      0.00      0.25      0.00      0.00      0.00     74.12
01:01:17 AM     all     25.06      0.00      0.25      0.00      0.00      0.50      0.25      0.00      0.00     73.93
01:01:18 AM     all     25.06      0.00      0.50      0.00      0.00      0.50      0.00      0.00      0.00     73.93
01:01:19 AM     all     24.81      0.00      0.50      0.00      0.00      0.25      0.25      0.00      0.00     74.19
01:01:20 AM     all     24.94      0.00      0.25      0.00      0.00      0.50      0.00      0.00      0.00     74.31
01:01:21 AM     all     24.56      0.00      0.50      0.00      0.00      0.50      0.25      0.00      0.00     74.19
01:01:22 AM     all     24.87      0.00      0.50      0.25      0.00      0.50      0.00      0.00      0.00     73.87
01:01:23 AM     all     25.38      0.00      0.00      0.00      0.00      0.25      0.00      0.00      0.00     74.37
01:01:24 AM     all     24.94      0.00      0.75      0.00      0.00      0.50      0.25      0.00      0.00     73.57
01:01:25 AM     all     24.87      0.00      0.50      0.00      0.00      0.50      0.00      0.00      0.00     74.12
01:01:26 AM     all     25.06      0.00      0.25      0.00      0.00      0.25      0.25      0.00      0.00     74.19
01:01:27 AM     all     24.75      0.00      0.75      0.00      0.00      0.50      0.25      0.00      0.00     73.75
01:01:28 AM     all     25.00      0.00      0.50      0.00      0.00      0.50      0.00      0.00      0.00     74.00
01:01:29 AM     all     25.19      0.00      0.25      0.00      0.00      0.25      0.00      0.00      0.00     74.31
01:01:30 AM     all     24.94      0.00      0.50      0.00      0.00      0.50      0.25      0.00      0.00     73.82
01:01:31 AM     all     25.13      0.00      0.25      0.00      0.00      0.50      0.00      0.00      0.00     74.12
01:01:32 AM     all     25.19      0.00      0.50      0.25      0.00      0.25      0.25      0.00      0.00     73.57
01:01:33 AM     all     25.25      0.00      0.50      0.00      0.00      0.50      0.00      0.00      0.00     73.75
01:01:34 AM     all     62.00      0.00      8.75      0.00      0.00      0.75      0.25      0.00      0.00     28.25
01:01:35 AM     all     89.00      0.00     10.00      0.00      0.00      0.75      0.25      0.00      0.00      0.00
01:01:36 AM     all     92.00      0.00      7.25      0.00      0.00      0.75      0.00      0.00      0.00      0.00
01:01:37 AM     all     88.53      0.00     10.22      0.00      0.00      1.00      0.25      0.00      0.00      0.00
01:01:38 AM     all     95.98      0.00      3.27      0.00      0.00      0.75      0.00      0.00      0.00      0.00
01:01:39 AM     all     93.75      0.00      5.50      0.00      0.00      0.75      0.00      0.00      0.00      0.00
01:01:40 AM     all     96.75      0.00      2.25      0.00      0.00      0.75      0.25      0.00      0.00      0.00
01:01:41 AM     all     97.25      0.00      1.75      0.00      0.00      1.00      0.00      0.00      0.00      0.00
01:01:42 AM     all     97.76      0.00      1.25      0.00      0.00      0.75      0.25      0.00      0.00      0.00
01:01:43 AM     all     97.49      0.00      1.75      0.00      0.00      0.75      0.00      0.00      0.00      0.00
01:01:44 AM     all     97.26      0.00      1.75      0.00      0.00      0.75      0.25      0.00      0.00      0.00
01:01:45 AM     all     97.25      0.00      1.25      0.00      0.00      1.25      0.25      0.00      0.00      0.00
01:01:46 AM     all     98.50      0.00      0.75      0.00      0.00      0.75      0.00      0.00      0.00      0.00
01:01:47 AM     all     97.51      0.00      1.00      0.00      0.00      1.25      0.25      0.00      0.00      0.00
01:01:48 AM     all     98.49      0.00      0.75      0.00      0.00      0.75      0.00      0.00      0.00      0.00
01:01:49 AM     all     98.01      0.00      0.75      0.00      0.00      1.00      0.25      0.00      0.00      0.00
01:01:50 AM     all     98.25      0.00      0.75      0.00      0.00      1.00      0.00      0.00      0.00      0.00
01:01:51 AM     all     98.25      0.00      0.50      0.00      0.00      1.00      0.25      0.00      0.00      0.00
01:01:52 AM     all     98.75      0.00      0.50      0.00      0.00      0.75      0.00      0.00      0.00      0.00
01:01:53 AM     all     98.25      0.00      0.50      0.00      0.00      1.00      0.25      0.00      0.00      0.00
01:01:54 AM     all     98.25      0.00      0.75      0.00      0.00      0.75      0.00      0.00      0.00      0.25
01:01:55 AM     all     98.00      0.00      0.75      0.00      0.00      1.00      0.25      0.00      0.00      0.00
01:01:56 AM     all     98.50      0.00      0.75      0.00      0.00      0.75      0.00      0.00      0.00      0.00
Average:        all     57.75      0.00      1.38      0.01      0.00      0.64      0.13      0.00      0.00     40.09
