Linux 4.9.253-tegra (nano-desktop) 	08/17/2023 	_aarch64_	(4 CPU)

01:14:27 AM     CPU      %usr     %nice      %sys   %iowait    %steal      %irq     %soft    %guest    %gnice     %idle
01:14:28 AM     all     25.13      0.00      0.25      0.00      0.00      0.50      0.00      0.00      0.00     74.12
01:14:29 AM     all     25.06      0.00      0.50      0.00      0.00      0.50      0.00      0.00      0.00     73.93
01:14:30 AM     all     25.06      0.00      0.25      0.00      0.00      0.25      0.25      0.00      0.00     74.19
01:14:31 AM     all     25.00      0.00      0.50      0.00      0.00      0.75      0.00      0.00      0.00     73.75
01:14:32 AM     all     24.94      0.00      0.25      0.00      0.00      0.25      0.25      0.00      0.00     74.31
01:14:33 AM     all     25.19      0.00      0.75      0.00      0.00      0.50      0.00      0.00      0.00     73.57
01:14:34 AM     all     22.69      0.00      5.74      0.00      0.00      0.75      0.25      0.00      0.00     70.57
01:14:35 AM     all     25.06      0.00      0.50      0.00      0.00      0.50      0.00      0.00      0.00     73.93
01:14:36 AM     all     25.13      0.00      0.25      0.00      0.00      0.25      0.25      0.00      0.00     74.12
01:14:37 AM     all     25.13      0.00      0.25      0.00      0.00      0.50      0.00      0.00      0.00     74.12
01:14:38 AM     all     25.19      0.00      0.25      0.00      0.00      0.50      0.00      0.00      0.00     74.06
01:14:39 AM     all     23.12      0.00      5.28      0.00      0.00      0.50      0.25      0.00      0.00     70.85
01:14:40 AM     all     18.66      0.00     11.94      0.25      0.00      0.50      0.25      0.00      0.00     68.41
01:14:41 AM     all     23.44      0.00     75.31      0.00      0.00      0.75      0.50      0.00      0.00      0.00
01:14:42 AM     all     24.06      0.00     74.94      0.00      0.00      0.75      0.25      0.00      0.00      0.00
01:14:43 AM     all     23.00      0.00     75.50      0.25      0.00      0.75      0.50      0.00      0.00      0.00
01:14:44 AM     all     22.25      0.00     76.75      0.00      0.00      0.75      0.25      0.00      0.00      0.00
01:14:45 AM     all     25.50      0.00     73.25      0.00      0.00      0.75      0.50      0.00      0.00      0.00
01:14:46 AM     all     24.81      0.00     74.19      0.00      0.00      0.50      0.50      0.00      0.00      0.00
01:14:47 AM     all     23.50      0.00     75.50      0.00      0.00      0.75      0.25      0.00      0.00      0.00
01:14:48 AM     all     23.25      0.00     75.25      0.00      0.00      0.75      0.50      0.00      0.00      0.25
01:14:49 AM     all     23.00      0.00     75.75      0.00      0.00      0.75      0.50      0.00      0.00      0.00
01:14:50 AM     all     23.06      0.00     75.94      0.00      0.00      0.75      0.25      0.00      0.00      0.00
01:14:51 AM     all     18.86      0.00     79.90      0.00      0.00      0.74      0.50      0.00      0.00      0.00
01:14:52 AM     all     23.38      0.00     75.12      0.25      0.00      0.75      0.50      0.00      0.00      0.00
01:14:53 AM     all     25.56      0.00     73.18      0.25      0.00      0.75      0.25      0.00      0.00      0.00
01:14:54 AM     all     21.30      0.00     77.69      0.00      0.00      0.50      0.50      0.00      0.00      0.00
01:14:55 AM     all     25.25      0.00     73.50      0.00      0.00      0.75      0.50      0.00      0.00      0.00
01:14:56 AM     all     22.69      0.00     76.06      0.00      0.00      0.75      0.50      0.00      0.00      0.00
01:14:57 AM     all     24.00      0.00     74.75      0.00      0.00      1.00      0.25      0.00      0.00      0.00
01:14:58 AM     all     22.94      0.00     75.31      0.25      0.00      0.75      0.50      0.00      0.00      0.25
01:14:59 AM     all     25.81      0.00     73.18      0.00      0.00      0.75      0.25      0.00      0.00      0.00
01:15:00 AM     all     19.80      0.00     78.95      0.00      0.00      0.75      0.50      0.00      0.00      0.00
01:15:01 AM     all     24.44      0.00     74.31      0.00      0.00      0.75      0.50      0.00      0.00      0.00
01:15:02 AM     all     25.00      0.00     73.75      0.00      0.00      0.75      0.50      0.00      0.00      0.00
01:15:03 AM     all     25.56      0.00     73.18      0.25      0.00      0.75      0.25      0.00      0.00      0.00
01:15:04 AM     all     26.25      0.00     72.50      0.00      0.00      0.75      0.50      0.00      0.00      0.00
01:15:05 AM     all     23.63      0.00     74.88      0.00      0.00      1.00      0.50      0.00      0.00      0.00
01:15:06 AM     all     25.69      0.00     73.55      0.00      0.00      0.50      0.25      0.00      0.00      0.00
01:15:07 AM     all     23.38      0.00     75.12      0.00      0.00      0.75      0.50      0.00      0.00      0.25
01:15:08 AM     all     23.94      0.00     74.56      0.25      0.00      0.75      0.50      0.00      0.00      0.00
01:15:09 AM     all     22.61      0.00     76.38      0.00      0.00      0.75      0.25      0.00      0.00      0.00
01:15:10 AM     all     24.00      0.00     73.25      0.00      0.00      0.50      0.50      0.00      0.00      1.75
01:15:11 AM     all     25.06      0.00      0.25      0.00      0.00      0.50      0.25      0.00      0.00     73.93
01:15:12 AM     all     24.62      0.00      0.50      0.00      0.00      0.50      0.00      0.00      0.00     74.37
01:15:13 AM     all     25.06      0.00      0.25      0.00      0.00      0.50      0.25      0.00      0.00     73.93
01:15:14 AM     all     25.06      0.00      0.75      0.00      0.00      0.25      0.00      0.00      0.00     73.93
01:15:15 AM     all     24.94      0.00      0.50      0.00      0.00      0.50      0.25      0.00      0.00     73.82
01:15:16 AM     all     25.13      0.00      0.25      0.00      0.00      0.50      0.00      0.00      0.00     74.12
01:15:17 AM     all     24.94      0.00      0.25      0.00      0.00      0.25      0.00      0.00      0.00     74.56
01:15:18 AM     all     21.55      0.00      1.00      0.25      0.00      0.50      0.25      0.00      0.00     76.44
01:15:19 AM     all     24.94      0.00      0.00      0.00      0.00      0.50      0.00      0.00      0.00     74.56
01:15:20 AM     all     25.00      0.00      0.50      0.00      0.00      0.25      0.25      0.00      0.00     74.00
01:15:21 AM     all     25.13      0.00      0.25      0.00      0.00      0.50      0.00      0.00      0.00     74.12
01:15:22 AM     all     24.81      0.00      0.25      0.00      0.00      0.50      0.25      0.00      0.00     74.19
01:15:23 AM     all     24.94      0.00      0.50      0.00      0.00      0.25      0.00      0.00      0.00     74.31
01:15:24 AM     all     24.69      0.00      0.75      0.00      0.00      0.50      0.25      0.00      0.00     73.82
01:15:25 AM     all     25.31      0.00      0.25      0.00      0.00      0.50      0.00      0.00      0.00     73.93
01:15:26 AM     all     24.81      0.00      0.50      0.00      0.00      0.50      0.25      0.00      0.00     73.93
01:15:27 AM     all     25.06      0.00      0.75      0.00      0.00      0.25      0.00      0.00      0.00     73.93
01:15:28 AM     all     24.81      0.00      0.25      0.00      0.00      0.50      0.25      0.00      0.00     74.19
01:15:29 AM     all     25.31      0.00      0.25      0.00      0.00      0.50      0.00      0.00      0.00     73.93
01:15:30 AM     all     25.13      0.00      0.25      0.00      0.00      0.25      0.25      0.00      0.00     74.12
01:15:31 AM     all     23.81      0.00      0.75      0.00      0.00      0.50      0.00      0.00      0.00     74.94
01:15:32 AM     all     25.00      0.00      0.25      0.00      0.00      0.50      0.25      0.00      0.00     74.00
01:15:33 AM     all     24.75      0.00      1.00      0.25      0.00      0.50      0.00      0.00      0.00     73.50
01:15:34 AM     all     25.00      0.00      0.75      0.00      0.00      0.25      0.00      0.00      0.00     74.00
01:15:35 AM     all     24.81      0.00      1.24      0.00      0.00      0.50      0.25      0.00      0.00     73.20
01:15:36 AM     all     25.25      0.00      0.50      0.00      0.00      0.25      0.00      0.00      0.00     74.00
01:15:37 AM     all     23.43      0.00      0.50      0.00      0.00      0.50      0.25      0.00      0.00     75.31
01:15:38 AM     all     24.81      0.00      0.50      0.25      0.00      0.50      0.00      0.00      0.00     73.93
01:15:39 AM     all     25.06      0.00      0.25      0.00      0.00      0.50      0.25      0.00      0.00     73.93
01:15:40 AM     all     25.31      0.00      0.50      0.00      0.00      0.25      0.00      0.00      0.00     73.93
01:15:41 AM     all     24.87      0.00      0.25      0.00      0.00      0.50      0.25      0.00      0.00     74.12
01:15:42 AM     all     25.13      0.00      0.25      0.00      0.00      0.25      0.00      0.00      0.00     74.37
01:15:43 AM     all     22.50      0.00      3.75      0.00      0.00      0.50      0.25      0.00      0.00     73.00
01:15:44 AM     all     21.50      0.00     72.25      0.00      0.00      0.75      0.25      0.00      0.00      5.25
01:15:45 AM     all     21.50      0.00     77.25      0.00      0.00      0.75      0.50      0.00      0.00      0.00
01:15:46 AM     all     22.56      0.00     76.19      0.00      0.00      0.50      0.50      0.00      0.00      0.25
01:15:47 AM     all     24.06      0.00     74.94      0.00      0.00      0.75      0.25      0.00      0.00      0.00
01:15:48 AM     all     23.88      0.00     74.63      0.25      0.00      0.75      0.50      0.00      0.00      0.00
01:15:49 AM     all     22.25      0.00     76.50      0.00      0.00      0.75      0.50      0.00      0.00      0.00
01:15:50 AM     all     24.25      0.00     74.75      0.00      0.00      0.75      0.25      0.00      0.00      0.00
01:15:51 AM     all     18.55      0.00     80.45      0.00      0.00      0.50      0.50      0.00      0.00      0.00
01:15:52 AM     all     23.19      0.00     75.06      0.25      0.00      1.00      0.50      0.00      0.00      0.00
01:15:53 AM     all     23.00      0.00     76.00      0.00      0.00      0.75      0.25      0.00      0.00      0.00
01:15:54 AM     all     22.50      0.00     76.50      0.00      0.00      0.50      0.50      0.00      0.00      0.00
01:15:55 AM     all     24.50      0.00     74.25      0.00      0.00      0.75      0.50      0.00      0.00      0.00
01:15:56 AM     all     18.30      0.00     80.70      0.00      0.00      0.75      0.25      0.00      0.00      0.00
01:15:57 AM     all     21.39      0.00     77.11      0.25      0.00      0.75      0.50      0.00      0.00      0.00
01:15:58 AM     all     23.31      0.00     75.44      0.00      0.00      0.75      0.50      0.00      0.00      0.00
01:15:59 AM     all     21.30      0.00     77.69      0.00      0.00      0.50      0.25      0.00      0.00      0.25
01:16:00 AM     all     21.45      0.00     77.06      0.00      0.00      1.00      0.50      0.00      0.00      0.00
01:16:01 AM     all     20.00      0.00     78.75      0.00      0.00      0.75      0.50      0.00      0.00      0.00
01:16:02 AM     all     23.13      0.00     75.37      0.25      0.00      0.75      0.50      0.00      0.00      0.00
01:16:03 AM     all     22.56      0.00     76.19      0.25      0.00      0.50      0.25      0.00      0.00      0.25
01:16:04 AM     all     21.70      0.00     77.06      0.00      0.00      0.75      0.50      0.00      0.00      0.00
01:16:05 AM     all     24.50      0.00     74.00      0.00      0.00      0.75      0.50      0.00      0.00      0.25
01:16:06 AM     all     23.31      0.00     75.69      0.00      0.00      0.75      0.25      0.00      0.00      0.00
01:16:07 AM     all     26.25      0.00     72.50      0.00      0.00      0.75      0.50      0.00      0.00      0.00
01:16:08 AM     all     25.13      0.00     73.62      0.00      0.00      0.75      0.50      0.00      0.00      0.00
01:16:09 AM     all     24.44      0.00     74.56      0.00      0.00      0.75      0.25      0.00      0.00      0.00
01:16:10 AM     all     23.00      0.00     75.50      0.00      0.00      0.75      0.50      0.00      0.00      0.25
01:16:11 AM     all     25.94      0.00     72.82      0.00      0.00      0.75      0.50      0.00      0.00      0.00
01:16:12 AM     all     21.45      0.00     77.31      0.25      0.00      0.75      0.25      0.00      0.00      0.00
01:16:13 AM     all     20.00      0.00     78.50      0.25      0.00      0.75      0.50      0.00      0.00      0.00
01:16:14 AM     all     25.06      0.00      6.27      0.00      0.00      0.25      0.25      0.00      0.00     68.17
01:16:15 AM     all     25.06      0.00      0.25      0.00      0.00      0.50      0.00      0.00      0.00     74.19
01:16:16 AM     all     22.75      0.00      1.00      0.00      0.00      0.50      0.25      0.00      0.00     75.50
01:16:17 AM     all     25.25      0.00      0.25      0.00      0.00      0.50      0.00      0.00      0.00     74.00
01:16:18 AM     all     24.94      0.00      1.25      0.00      0.00      0.25      0.25      0.00      0.00     73.32
01:16:19 AM     all     24.88      0.00      1.00      0.00      0.00      0.50      0.00      0.00      0.00     73.63
01:16:20 AM     all     24.75      0.00      0.75      0.00      0.00      0.50      0.25      0.00      0.00     73.75
01:16:21 AM     all     25.06      0.00      0.50      0.00      0.00      0.25      0.00      0.00      0.00     74.19
01:16:22 AM     all     24.50      0.00      0.75      0.00      0.00      0.50      0.25      0.00      0.00     74.00
01:16:23 AM     all     24.87      0.00      0.50      0.00      0.00      0.50      0.00      0.00      0.00     74.12
01:16:24 AM     all     25.31      0.00      0.25      0.00      0.00      0.25      0.25      0.00      0.00     73.93
01:16:25 AM     all     24.94      0.00      0.25      0.00      0.00      0.50      0.00      0.00      0.00     74.31
01:16:26 AM     all     25.19      0.00      0.50      0.00      0.00      0.50      0.25      0.00      0.00     73.57
01:16:27 AM     all     24.94      0.00      0.25      0.00      0.00      0.50      0.00      0.00      0.00     74.31
01:16:28 AM     all     24.94      0.00      0.75      0.25      0.00      0.25      0.25      0.00      0.00     73.57
01:16:29 AM     all     24.12      0.00      0.50      0.00      0.00      0.50      0.00      0.00      0.00     74.87
01:16:30 AM     all     25.00      0.00      0.50      0.00      0.00      0.50      0.25      0.00      0.00     73.75
01:16:31 AM     all     24.94      0.00      0.50      0.00      0.00      0.25      0.00      0.00      0.00     74.31
01:16:32 AM     all     25.00      0.00      0.25      0.00      0.00      0.50      0.25      0.00      0.00     74.00
01:16:33 AM     all     25.19      0.00      0.00      0.00      0.00      0.50      0.00      0.00      0.00     74.31
01:16:34 AM     all     24.94      0.00      0.25      0.00      0.00      0.50      0.00      0.00      0.00     74.31
01:16:35 AM     all     24.19      0.00      1.00      0.00      0.00      0.50      0.25      0.00      0.00     74.06
01:16:36 AM     all     25.13      0.00      0.25      0.00      0.00      0.25      0.25      0.00      0.00     74.12
01:16:37 AM     all     25.06      0.00      0.50      0.00      0.00      0.50      0.00      0.00      0.00     73.93
01:16:38 AM     all     25.00      0.00      0.75      0.00      0.00      0.50      0.00      0.00      0.00     73.75
01:16:39 AM     all     24.81      0.00      0.50      0.00      0.00      0.25      0.25      0.00      0.00     74.19
01:16:40 AM     all     25.13      0.00      0.25      0.00      0.00      0.50      0.00      0.00      0.00     74.12
01:16:41 AM     all     23.00      0.00      1.00      0.00      0.00      0.50      0.25      0.00      0.00     75.25
01:16:42 AM     all     25.13      0.00      0.50      0.00      0.00      0.25      0.00      0.00      0.00     74.12
01:16:43 AM     all     25.00      0.00      0.25      0.25      0.00      0.50      0.25      0.00      0.00     73.75
01:16:44 AM     all     25.06      0.00      0.50      0.00      0.00      0.50      0.00      0.00      0.00     73.93
01:16:45 AM     all     25.19      0.00      0.00      0.00      0.00      0.25      0.25      0.00      0.00     74.31
01:16:46 AM     all     25.00      0.00      0.50      0.00      0.00      0.50      0.00      0.00      0.00     74.00
01:16:47 AM     all     25.06      0.00      0.50      0.00      0.00      0.25      0.00      0.00      0.00     74.19
01:16:48 AM     all     16.00      0.00     63.50      0.00      0.00      1.00      0.50      0.00      0.00     19.00
01:16:49 AM     all     19.00      0.00     80.00      0.00      0.00      0.50      0.50      0.00      0.00      0.00
01:16:50 AM     all     24.50      0.00     74.25      0.00      0.00      1.00      0.25      0.00      0.00      0.00
01:16:51 AM     all     24.06      0.00     74.94      0.00      0.00      0.50      0.50      0.00      0.00      0.00
01:16:52 AM     all     25.37      0.00     73.13      0.00      0.00      1.00      0.50      0.00      0.00      0.00
01:16:53 AM     all     21.55      0.00     77.19      0.50      0.00      0.50      0.25      0.00      0.00      0.00
01:16:54 AM     all     21.95      0.00     76.81      0.00      0.00      0.75      0.50      0.00      0.00      0.00
01:16:55 AM     all     23.25      0.00     75.50      0.00      0.00      0.75      0.50      0.00      0.00      0.00
01:16:56 AM     all     18.75      0.00     80.00      0.00      0.00      0.75      0.50      0.00      0.00      0.00
01:16:57 AM     all     26.07      0.00     72.68      0.00      0.00      0.75      0.25      0.00      0.00      0.25
01:16:58 AM     all     24.19      0.00     74.31      0.25      0.00      0.75      0.50      0.00      0.00      0.00
01:16:59 AM     all     26.68      0.00     72.07      0.00      0.00      0.75      0.50      0.00      0.00      0.00
01:17:00 AM     all     22.19      0.00     76.81      0.00      0.00      0.75      0.25      0.00      0.00      0.00
01:17:01 AM     all     23.75      0.00     75.00      0.00      0.00      0.75      0.50      0.00      0.00      0.00
01:17:02 AM     all     22.25      0.00     76.25      0.00      0.00      0.75      0.50      0.00      0.00      0.25
01:17:03 AM     all     24.75      0.00     74.00      0.25      0.00      0.50      0.25      0.00      0.00      0.25
01:17:04 AM     all     25.50      0.00     73.00      0.00      0.00      1.00      0.50      0.00      0.00      0.00
01:17:05 AM     all     20.95      0.00     77.81      0.00      0.00      0.75      0.50      0.00      0.00      0.00
01:17:06 AM     all     19.80      0.00     79.20      0.00      0.00      0.75      0.25      0.00      0.00      0.00
01:17:07 AM     all     25.25      0.00     73.50      0.00      0.00      0.75      0.50      0.00      0.00      0.00
01:17:08 AM     all     25.50      0.00     73.00      0.25      0.00      0.75      0.50      0.00      0.00      0.00
01:17:09 AM     all     24.19      0.00     74.81      0.00      0.00      0.75      0.25      0.00      0.00      0.00
01:17:10 AM     all     22.81      0.00     75.94      0.00      0.00      0.75      0.50      0.00      0.00      0.00
01:17:11 AM     all     20.00      0.00     79.00      0.00      0.00      0.50      0.50      0.00      0.00      0.00
01:17:12 AM     all     19.70      0.00     78.80      0.00      0.00      1.00      0.50      0.00      0.00      0.00
01:17:13 AM     all     24.56      0.00     74.44      0.25      0.00      0.50      0.25      0.00      0.00      0.00
01:17:14 AM     all     22.08      0.00     76.18      0.00      0.00      0.99      0.50      0.00      0.00      0.25
01:17:15 AM     all     24.06      0.00     74.94      0.00      0.00      0.50      0.50      0.00      0.00      0.00
01:17:16 AM     all     23.75      0.00     75.00      0.00      0.00      1.00      0.25      0.00      0.00      0.00
01:17:17 AM     all     26.50      0.00     72.50      0.00      0.00      0.50      0.50      0.00      0.00      0.00
01:17:18 AM     all     25.00      0.00     20.75      0.00      0.00      0.75      0.25      0.00      0.00     53.25
01:17:19 AM     all     24.25      0.00      1.25      0.00      0.00      0.25      0.00      0.00      0.00     74.25
01:17:20 AM     all     24.81      0.00      0.50      0.00      0.00      0.50      0.25      0.00      0.00     73.93
01:17:21 AM     all     24.87      0.00      0.50      0.00      0.00      0.25      0.00      0.00      0.00     74.37
01:17:22 AM     all     24.87      0.00      0.00      0.00      0.00      0.50      0.25      0.00      0.00     74.37
01:17:23 AM     all     24.94      0.00      0.25      0.25      0.00      0.25      0.00      0.00      0.00     74.31
01:17:24 AM     all     25.06      0.00      0.50      0.00      0.00      0.50      0.00      0.00      0.00     73.93
01:17:25 AM     all     24.87      0.00      0.00      0.00      0.00      0.50      0.25      0.00      0.00     74.37
01:17:26 AM     all     24.12      0.00      0.50      0.00      0.00      0.50      0.25      0.00      0.00     74.62
01:17:27 AM     all     25.06      0.00      0.25      0.00      0.00      0.50      0.00      0.00      0.00     74.19
01:17:28 AM     all     25.00      0.00      0.75      0.25      0.00      0.25      0.25      0.00      0.00     73.50
01:17:29 AM     all     25.06      0.00      0.25      0.00      0.00      0.50      0.00      0.00      0.00     74.19
01:17:30 AM     all     25.13      0.00      0.00      0.00      0.00      0.50      0.25      0.00      0.00     74.12
01:17:31 AM     all     24.94      0.00      0.25      0.00      0.00      0.25      0.00      0.00      0.00     74.56
01:17:32 AM     all     24.31      0.00      1.00      0.00      0.00      0.50      0.25      0.00      0.00     73.93
01:17:33 AM     all     25.13      0.00      0.25      0.00      0.00      0.50      0.00      0.00      0.00     74.12
01:17:34 AM     all     25.25      0.00      0.50      0.00      0.00      0.25      0.25      0.00      0.00     73.75
01:17:35 AM     all     24.94      0.00      0.25      0.00      0.00      0.50      0.00      0.00      0.00     74.31
01:17:36 AM     all     25.06      0.00      0.25      0.00      0.00      0.50      0.00      0.00      0.00     74.19
01:17:37 AM     all     25.06      0.00      0.50      0.00      0.00      0.25      0.25      0.00      0.00     73.93
01:17:38 AM     all     23.06      0.00      0.50      0.00      0.00      0.50      0.25      0.00      0.00     75.69
01:17:39 AM     all     25.06      0.00      0.25      0.00      0.00      0.50      0.00      0.00      0.00     74.19
01:17:40 AM     all     25.13      0.00      0.25      0.00      0.00      0.50      0.00      0.00      0.00     74.12
01:17:41 AM     all     24.94      0.00      0.75      0.00      0.00      0.25      0.25      0.00      0.00     73.82
01:17:42 AM     all     24.94      0.00      0.25      0.00      0.00      0.50      0.00      0.00      0.00     74.31
01:17:43 AM     all     25.25      0.00      0.50      0.25      0.00      0.25      0.25      0.00      0.00     73.50
01:17:44 AM     all     25.37      0.00      0.50      0.00      0.00      0.50      0.00      0.00      0.00     73.63
01:17:45 AM     all     24.31      0.00      1.00      0.00      0.00      0.50      0.50      0.00      0.00     73.68
01:17:46 AM     all     25.25      0.00      0.50      0.00      0.00      0.50      0.00      0.00      0.00     73.75
01:17:47 AM     all     25.06      0.00      0.25      0.00      0.00      0.25      0.25      0.00      0.00     74.19
01:17:48 AM     all     24.94      0.00      0.50      0.00      0.00      0.50      0.00      0.00      0.00     74.06
01:17:49 AM     all     25.06      0.00      0.25      0.00      0.00      0.50      0.00      0.00      0.00     74.19
01:17:50 AM     all     25.06      0.00      0.50      0.00      0.00      0.50      0.25      0.00      0.00     73.68
01:17:51 AM     all     18.09      0.00     30.15      0.00      0.00      0.50      0.25      0.00      0.00     51.01
01:17:52 AM     all     24.94      0.00     73.82      0.00      0.00      0.75      0.50      0.00      0.00      0.00
01:17:53 AM     all     22.00      0.00     76.50      0.25      0.00      0.75      0.50      0.00      0.00      0.00
01:17:54 AM     all     21.30      0.00     77.69      0.00      0.00      0.75      0.25      0.00      0.00      0.00
01:17:55 AM     all     22.00      0.00     77.00      0.00      0.00      0.50      0.50      0.00      0.00      0.00
01:17:56 AM     all     20.70      0.00     77.81      0.00      0.00      1.00      0.50      0.00      0.00      0.00
01:17:57 AM     all     25.38      0.00     73.87      0.00      0.00      0.50      0.25      0.00      0.00      0.00
01:17:58 AM     all     27.11      0.00     71.39      0.25      0.00      0.75      0.50      0.00      0.00      0.00
01:17:59 AM     all     23.06      0.00     75.69      0.00      0.00      0.75      0.50      0.00      0.00      0.00
01:18:00 AM     all     25.00      0.00     74.00      0.00      0.00      0.75      0.25      0.00      0.00      0.00
01:18:01 AM     all     22.00      0.00     76.75      0.00      0.00      0.75      0.50      0.00      0.00      0.00
01:18:02 AM     all     22.39      0.00     76.12      0.00      0.00      0.75      0.50      0.00      0.00      0.25
01:18:03 AM     all     25.06      0.00     73.68      0.25      0.00      0.75      0.25      0.00      0.00      0.00
01:18:04 AM     all     24.50      0.00     74.00      0.00      0.00      0.75      0.50      0.00      0.00      0.25
01:18:05 AM     all     24.81      0.00     74.19      0.00      0.00      0.75      0.25      0.00      0.00      0.00
01:18:06 AM     all     22.19      0.00     76.56      0.00      0.00      0.75      0.50      0.00      0.00      0.00
01:18:07 AM     all     21.05      0.00     77.69      0.00      0.00      0.75      0.50      0.00      0.00      0.00
01:18:08 AM     all     24.88      0.00     73.38      0.25      0.00      0.75      0.50      0.00      0.00      0.25
01:18:09 AM     all     26.13      0.00     72.86      0.00      0.00      0.75      0.25      0.00      0.00      0.00
01:18:10 AM     all     23.19      0.00     75.56      0.00      0.00      0.75      0.50      0.00      0.00      0.00
01:18:11 AM     all     25.00      0.00     73.75      0.00      0.00      0.75      0.25      0.00      0.00      0.25
01:18:12 AM     all     23.88      0.00     74.88      0.00      0.00      0.75      0.50      0.00      0.00      0.00
01:18:13 AM     all     24.25      0.00     74.25      0.25      0.00      0.75      0.50      0.00      0.00      0.00
01:18:14 AM     all     26.07      0.00     73.18      0.00      0.00      0.50      0.25      0.00      0.00      0.00
01:18:15 AM     all     19.45      0.00     79.05      0.00      0.00      1.00      0.50      0.00      0.00      0.00
01:18:16 AM     all     25.31      0.00     73.43      0.00      0.00      0.75      0.50      0.00      0.00      0.00
01:18:17 AM     all     25.44      0.00     73.32      0.00      0.00      0.75      0.25      0.00      0.00      0.25
01:18:18 AM     all     22.56      0.00     75.69      0.50      0.00      0.75      0.50      0.00      0.00      0.00
01:18:19 AM     all     23.25      0.00     75.50      0.00      0.00      0.75      0.50      0.00      0.00      0.00
01:18:20 AM     all     22.19      0.00     76.81      0.00      0.00      0.75      0.25      0.00      0.00      0.00
01:18:21 AM     all     23.81      0.00     52.88      0.00      0.00      0.50      0.50      0.00      0.00     22.31
01:18:22 AM     all     25.00      0.00      0.50      0.00      0.00      0.50      0.00      0.00      0.00     74.00
01:18:23 AM     all     21.61      0.00      1.26      0.00      0.00      0.50      0.25      0.00      0.00     76.38
01:18:24 AM     all     25.25      0.00      0.00      0.00      0.00      0.25      0.00      0.00      0.00     74.49
01:18:25 AM     all     25.19      0.00      0.50      0.00      0.00      0.50      0.25      0.00      0.00     73.57
01:18:26 AM     all     25.19      0.00      0.50      0.00      0.00      0.50      0.00      0.00      0.00     73.82
01:18:27 AM     all     25.13      0.00      0.25      0.00      0.00      0.50      0.25      0.00      0.00     73.87
01:18:28 AM     all     25.06      0.00      0.50      0.25      0.00      0.25      0.00      0.00      0.00     73.93
01:18:29 AM     all     24.50      0.00      0.75      0.00      0.00      0.50      0.25      0.00      0.00     74.00
01:18:30 AM     all     24.87      0.00      0.25      0.00      0.00      0.50      0.00      0.00      0.00     74.37
01:18:31 AM     all     25.13      0.00      0.25      0.00      0.00      0.25      0.25      0.00      0.00     74.12
01:18:32 AM     all     25.19      0.00      0.50      0.00      0.00      0.50      0.00      0.00      0.00     73.82
01:18:33 AM     all     25.06      0.00      0.50      0.00      0.00      0.50      0.25      0.00      0.00     73.68
01:18:34 AM     all     24.87      0.00      0.50      0.00      0.00      0.25      0.00      0.00      0.00     74.37
01:18:35 AM     all     24.62      0.00      0.50      0.00      0.00      0.50      0.25      0.00      0.00     74.12
01:18:36 AM     all     25.06      0.00      0.25      0.00      0.00      0.50      0.00      0.00      0.00     74.19
01:18:37 AM     all     24.94      0.00      0.75      0.00      0.00      0.50      0.25      0.00      0.00     73.57
01:18:38 AM     all     25.06      0.00      0.50      0.25      0.00      0.25      0.00      0.00      0.00     73.93
01:18:39 AM     all     24.94      0.00      0.25      0.00      0.00      0.50      0.00      0.00      0.00     74.31
01:18:40 AM     all     25.06      0.00      0.25      0.00      0.00      0.50      0.25      0.00      0.00     73.93
01:18:41 AM     all     25.13      0.00      0.25      0.00      0.00      0.25      0.00      0.00      0.00     74.37
01:18:42 AM     all     23.25      0.00      1.00      0.00      0.00      0.50      0.25      0.00      0.00     75.00
01:18:43 AM     all     25.19      0.00      0.25      0.00      0.00      0.50      0.00      0.00      0.00     74.06
01:18:44 AM     all     25.00      0.00      0.50      0.00      0.00      0.25      0.25      0.00      0.00     74.00
01:18:45 AM     all     25.38      0.00      0.25      0.00      0.00      0.50      0.00      0.00      0.00     73.87
01:18:46 AM     all     24.87      0.00      0.00      0.00      0.00      0.50      0.25      0.00      0.00     74.37
01:18:47 AM     all     25.38      0.00      0.25      0.00      0.00      0.25      0.00      0.00      0.00     74.12
01:18:48 AM     all     22.83      0.00      1.49      0.25      0.00      0.50      0.25      0.00      0.00     74.69
01:18:49 AM     all     25.06      0.00      0.50      0.00      0.00      0.50      0.00      0.00      0.00     73.93
01:18:50 AM     all     25.00      0.00      0.50      0.00      0.00      0.50      0.25      0.00      0.00     73.75
01:18:51 AM     all     25.00      0.00      0.25      0.00      0.00      0.25      0.00      0.00      0.00     74.49
01:18:52 AM     all     25.06      0.00      0.25      0.00      0.00      0.50      0.00      0.00      0.00     74.19
01:18:53 AM     all     24.87      0.00      0.25      0.00      0.00      0.50      0.25      0.00      0.00     74.12
01:18:54 AM     all     19.00      0.00      8.75      0.00      0.00      0.50      0.25      0.00      0.00     71.50
01:18:55 AM     all     22.31      0.00     76.44      0.00      0.00      0.75      0.50      0.00      0.00      0.00
01:18:56 AM     all     24.31      0.00     74.69      0.00      0.00      0.75      0.25      0.00      0.00      0.00
01:18:57 AM     all     26.25      0.00     72.50      0.00      0.00      0.75      0.50      0.00      0.00      0.00
01:18:58 AM     all     23.44      0.00     75.06      0.25      0.00      0.75      0.50      0.00      0.00      0.00
01:18:59 AM     all     24.31      0.00     74.69      0.00      0.00      0.75      0.25      0.00      0.00      0.00
01:19:00 AM     all     22.25      0.00     76.75      0.00      0.00      0.50      0.50      0.00      0.00      0.00
01:19:01 AM     all     25.69      0.00     72.82      0.00      0.00      0.75      0.50      0.00      0.00      0.25
01:19:02 AM     all     18.55      0.00     80.45      0.00      0.00      0.75      0.25      0.00      0.00      0.00
01:19:03 AM     all     24.44      0.00     73.82      0.25      0.00      0.75      0.50      0.00      0.00      0.25
01:19:04 AM     all     24.25      0.00     74.50      0.00      0.00      0.75      0.50      0.00      0.00      0.00
01:19:05 AM     all     21.25      0.00     77.75      0.00      0.00      0.75      0.25      0.00      0.00      0.00
01:19:06 AM     all     25.19      0.00     73.57      0.00      0.00      0.75      0.50      0.00      0.00      0.00
01:19:07 AM     all     22.50      0.00     76.25      0.00      0.00      0.75      0.50      0.00      0.00      0.00
01:19:08 AM     all     24.25      0.00     74.75      0.25      0.00      0.50      0.25      0.00      0.00      0.00
01:19:09 AM     all     23.50      0.00     75.25      0.00      0.00      0.75      0.50      0.00      0.00      0.00
01:19:10 AM     all     23.75      0.00     74.75      0.00      0.00      1.00      0.50      0.00      0.00      0.00
01:19:11 AM     all     25.31      0.00     73.43      0.00      0.00      0.75      0.25      0.00      0.00      0.25
01:19:12 AM     all     25.19      0.00     73.57      0.00      0.00      0.75      0.50      0.00      0.00      0.00
01:19:13 AM     all     26.93      0.00     71.57      0.25      0.00      0.75      0.50      0.00      0.00      0.00
01:19:14 AM     all     21.75      0.00     77.25      0.00      0.00      0.75      0.25      0.00      0.00      0.00
01:19:15 AM     all     21.75      0.00     77.00      0.00      0.00      0.75      0.50      0.00      0.00      0.00
01:19:16 AM     all     23.31      0.00     75.69      0.00      0.00      0.50      0.50      0.00      0.00      0.00
01:19:17 AM     all     26.75      0.00     72.00      0.25      0.00      0.75      0.25      0.00      0.00      0.00
01:19:18 AM     all     21.70      0.00     76.81      0.00      0.00      1.00      0.50      0.00      0.00      0.00
01:19:19 AM     all     23.50      0.00     75.25      0.00      0.00      0.75      0.50      0.00      0.00      0.00
01:19:20 AM     all     20.60      0.00     78.64      0.00      0.00      0.50      0.25      0.00      0.00      0.00
01:19:21 AM     all     23.44      0.00     75.31      0.00      0.00      0.75      0.50      0.00      0.00      0.00
01:19:22 AM     all     24.88      0.00     73.63      0.25      0.00      0.75      0.50      0.00      0.00      0.00
01:19:23 AM     all     22.86      0.00     76.13      0.00      0.00      0.75      0.25      0.00      0.00      0.00
01:19:24 AM     all     26.87      0.00     69.65      0.00      0.00      0.75      0.50      0.00      0.00      2.24
01:19:25 AM     all     25.00      0.00      0.50      0.00      0.00      0.50      0.25      0.00      0.00     73.75
01:19:26 AM     all     24.31      0.00      1.25      0.00      0.00      0.50      0.00      0.00      0.00     73.93
01:19:27 AM     all     25.38      0.00      0.00      0.00      0.00      0.25      0.25      0.00      0.00     74.12
01:19:28 AM     all     24.87      0.00      0.25      0.25      0.00      0.50      0.00      0.00      0.00     74.12
01:19:29 AM     all     25.00      0.00      0.75      0.00      0.00      0.50      0.00      0.00      0.00     73.75
01:19:30 AM     all     24.87      0.00      0.25      0.00      0.00      0.25      0.25      0.00      0.00     74.37
01:19:31 AM     all     25.13      0.00      0.25      0.00      0.00      0.50      0.00      0.00      0.00     74.12
01:19:32 AM     all     24.31      0.00      0.75      0.00      0.00      0.50      0.25      0.00      0.00     74.19
01:19:33 AM     all     25.06      0.00      0.50      0.00      0.00      0.50      0.00      0.00      0.00     73.93
01:19:34 AM     all     25.25      0.00      0.50      0.00      0.00      0.25      0.25      0.00      0.00     73.75
01:19:35 AM     all     25.25      0.00      0.25      0.00      0.00      0.50      0.00      0.00      0.00     74.00
01:19:36 AM     all     25.06      0.00      0.25      0.00      0.00      0.50      0.25      0.00      0.00     73.93
01:19:37 AM     all     25.19      0.00      0.25      0.00      0.00      0.25      0.00      0.00      0.00     74.31
01:19:38 AM     all     22.50      0.00      1.00      0.00      0.00      0.50      0.25      0.00      0.00     75.75
01:19:39 AM     all     25.13      0.00      0.25      0.00      0.00      0.50      0.00      0.00      0.00     74.12
01:19:40 AM     all     25.13      0.00      0.25      0.00      0.00      0.25      0.25      0.00      0.00     74.12
01:19:41 AM     all     25.00      0.00      0.50      0.00      0.00      0.50      0.00      0.00      0.00     74.00
01:19:42 AM     all     25.13      0.00      0.25      0.00      0.00      0.50      0.00      0.00      0.00     74.12
01:19:43 AM     all     25.06      0.00      0.25      0.25      0.00      0.25      0.25      0.00      0.00     73.93
01:19:44 AM     all     24.75      0.00      0.75      0.00      0.00      0.50      0.00      0.00      0.00     74.00
01:19:45 AM     all     24.62      0.00      0.75      0.00      0.00      0.50      0.25      0.00      0.00     73.87
01:19:46 AM     all     24.63      0.00      1.00      0.00      0.00      0.50      0.25      0.00      0.00     73.63
01:19:47 AM     all     25.56      0.00      0.25      0.00      0.00      0.25      0.00      0.00      0.00     73.93
01:19:48 AM     all     24.87      0.00      0.50      0.00      0.00      0.50      0.00      0.00      0.00     74.12
01:19:49 AM     all     24.88      0.00      0.75      0.00      0.00      0.50      0.25      0.00      0.00     73.63
01:19:50 AM     all     25.19      0.00      0.25      0.00      0.00      0.25      0.00      0.00      0.00     74.31
01:19:51 AM     all     22.25      0.00      0.75      0.00      0.00      0.50      0.25      0.00      0.00     76.25
01:19:52 AM     all     25.00      0.00      0.50      0.00      0.00      0.50      0.25      0.00      0.00     73.75
01:19:53 AM     all     25.13      0.00      0.50      0.00      0.00      0.25      0.00      0.00      0.00     74.12
01:19:54 AM     all     25.00      0.00      0.50      0.00      0.00      0.50      0.25      0.00      0.00     73.75
01:19:55 AM     all     24.87      0.00      0.50      0.00      0.00      0.50      0.00      0.00      0.00     74.12
01:19:56 AM     all     25.19      0.00      0.25      0.00      0.00      0.50      0.25      0.00      0.00     73.82
01:19:57 AM     all     20.80      0.00      6.02      0.25      0.00      0.25      0.00      0.00      0.00     72.68
01:19:58 AM     all     23.44      0.00     74.56      0.25      0.00      1.00      0.50      0.00      0.00      0.25
01:19:59 AM     all     23.63      0.00     75.12      0.00      0.00      0.75      0.50      0.00      0.00      0.00
01:20:00 AM     all     25.13      0.00     73.87      0.00      0.00      0.75      0.25      0.00      0.00      0.00
01:20:01 AM     all     23.94      0.00     74.81      0.00      0.00      0.75      0.50      0.00      0.00      0.00
01:20:02 AM     all     23.50      0.00     75.50      0.00      0.00      0.50      0.50      0.00      0.00      0.00
01:20:03 AM     all     27.14      0.00     71.36      0.25      0.00      0.75      0.25      0.00      0.00      0.25
01:20:04 AM     all     19.90      0.00     78.86      0.00      0.00      0.75      0.50      0.00      0.00      0.00
01:20:05 AM     all     21.55      0.00     76.94      0.00      0.00      0.75      0.50      0.00      0.00      0.25
01:20:06 AM     all     20.45      0.00     78.30      0.00      0.00      0.75      0.50      0.00      0.00      0.00
01:20:07 AM     all     22.81      0.00     76.19      0.00      0.00      0.75      0.25      0.00      0.00      0.00
01:20:08 AM     all     25.44      0.00     73.07      0.25      0.00      0.75      0.50      0.00      0.00      0.00
01:20:09 AM     all     26.75      0.00     72.25      0.00      0.00      0.75      0.25      0.00      0.00      0.00
01:20:10 AM     all     22.06      0.00     76.69      0.00      0.00      0.75      0.50      0.00      0.00      0.00
01:20:11 AM     all     22.94      0.00     75.81      0.00      0.00      0.75      0.50      0.00      0.00      0.00
01:20:12 AM     all     21.55      0.00     77.44      0.00      0.00      0.75      0.25      0.00      0.00      0.00
01:20:13 AM     all     23.62      0.00     74.87      0.25      0.00      0.75      0.50      0.00      0.00      0.00
01:20:14 AM     all     24.75      0.00     74.00      0.00      0.00      0.75      0.50      0.00      0.00      0.00
01:20:15 AM     all     22.25      0.00     76.75      0.00      0.00      0.75      0.25      0.00      0.00      0.00
01:20:16 AM     all     23.69      0.00     74.81      0.00      0.00      0.75      0.50      0.00      0.00      0.25
01:20:17 AM     all     24.69      0.00     74.06      0.00      0.00      0.75      0.50      0.00      0.00      0.00
01:20:18 AM     all     24.56      0.00     74.19      0.25      0.00      0.75      0.25      0.00      0.00      0.00
01:20:19 AM     all     24.44      0.00     74.31      0.00      0.00      0.75      0.50      0.00      0.00      0.00
01:20:20 AM     all     21.75      0.00     77.00      0.00      0.00      0.75      0.50      0.00      0.00      0.00
01:20:21 AM     all     21.00      0.00     78.00      0.00      0.00      0.75      0.25      0.00      0.00      0.00
01:20:22 AM     all     16.50      0.00     82.00      0.00      0.00      0.75      0.50      0.00      0.00      0.25
01:20:23 AM     all     24.69      0.00     70.07      3.99      0.00      0.75      0.50      0.00      0.00      0.00
01:20:24 AM     all     23.56      0.00     75.19      0.00      0.00      0.75      0.50      0.00      0.00      0.00
01:20:25 AM     all     25.44      0.00     73.57      0.00      0.00      0.75      0.25      0.00      0.00      0.00
01:20:26 AM     all     20.00      0.00     78.75      0.00      0.00      0.75      0.50      0.00      0.00      0.00
01:20:27 AM     all     23.81      0.00     74.44      0.00      0.00      0.75      0.50      0.00      0.00      0.50
01:20:28 AM     all     25.19      0.00      1.25      0.25      0.00      0.50      0.00      0.00      0.00     72.82
01:20:29 AM     all     23.00      0.00      1.00      0.00      0.00      0.50      0.25      0.00      0.00     75.25
01:20:30 AM     all     24.88      0.00      1.00      0.00      0.00      0.50      0.25      0.00      0.00     73.38
01:20:31 AM     all     24.87      0.00      0.50      0.00      0.00      0.25      0.00      0.00      0.00     74.37
01:20:32 AM     all     25.06      0.00      0.25      0.00      0.00      0.50      0.25      0.00      0.00     73.93
01:20:33 AM     all     25.31      0.00      0.25      0.25      0.00      0.25      0.00      0.00      0.00     73.93
01:20:34 AM     all     24.94      0.00      0.75      0.00      0.00      0.50      0.25      0.00      0.00     73.57
01:20:35 AM     all     25.13      0.00      0.25      0.00      0.00      0.25      0.00      0.00      0.00     74.37
01:20:36 AM     all     24.62      0.00      0.50      0.00      0.00      0.50      0.25      0.00      0.00     74.12
01:20:37 AM     all     24.94      0.00      0.75      0.00      0.00      0.50      0.00      0.00      0.00     73.82
01:20:38 AM     all     24.94      0.00      0.75      0.00      0.00      0.50      0.25      0.00      0.00     73.57
01:20:39 AM     all     25.19      0.00      0.25      0.00      0.00      0.25      0.00      0.00      0.00     74.31
01:20:40 AM     all     25.06      0.00      0.25      0.00      0.00      0.50      0.25      0.00      0.00     73.93
01:20:41 AM     all     25.13      0.00      0.25      0.00      0.00      0.25      0.00      0.00      0.00     74.37
01:20:42 AM     all     24.56      0.00      0.75      0.00      0.00      0.50      0.25      0.00      0.00     73.93
01:20:43 AM     all     25.00      0.00      0.50      0.50      0.00      0.50      0.00      0.00      0.00     73.50
01:20:44 AM     all     25.00      0.00      0.50      0.00      0.00      0.50      0.25      0.00      0.00     73.75
01:20:45 AM     all     25.19      0.00      0.00      0.00      0.00      0.25      0.00      0.00      0.00     74.56
01:20:46 AM     all     25.00      0.00      0.50      0.00      0.00      0.50      0.25      0.00      0.00     73.75
01:20:47 AM     all     25.06      0.00      0.25      0.00      0.00      0.50      0.00      0.00      0.00     74.19
01:20:48 AM     all     24.31      0.00      1.00      0.00      0.00      0.50      0.25      0.00      0.00     73.93
01:20:49 AM     all     25.19      0.00      0.25      0.00      0.00      0.25      0.00      0.00      0.00     74.31
01:20:50 AM     all     24.87      0.00      0.25      0.00      0.00      0.50      0.25      0.00      0.00     74.12
01:20:51 AM     all     25.38      0.00      0.00      0.00      0.00      0.25      0.00      0.00      0.00     74.37
01:20:52 AM     all     25.06      0.00      0.50      0.00      0.00      0.50      0.00      0.00      0.00     73.93
01:20:53 AM     all     25.31      0.00      0.25      0.00      0.00      0.25      0.25      0.00      0.00     73.93
01:20:54 AM     all     25.13      0.00      0.25      0.00      0.00      0.50      0.00      0.00      0.00     74.12
01:20:55 AM     all     24.43      0.00      0.50      0.00      0.00      0.50      0.25      0.00      0.00     74.31
01:20:56 AM     all     25.00      0.00      0.50      0.00      0.00      0.50      0.25      0.00      0.00     73.75
01:20:57 AM     all     25.06      0.00      0.50      0.00      0.00      0.25      0.00      0.00      0.00     74.19
01:20:58 AM     all     24.94      0.00      0.25      0.00      0.00      0.50      0.00      0.00      0.00     74.31
01:20:59 AM     all     25.00      0.00      0.50      0.00      0.00      0.50      0.25      0.00      0.00     73.75
01:21:00 AM     all     25.88      0.00      1.26      0.00      0.00      0.25      0.00      0.00      0.00     72.61
01:21:01 AM     all     19.75      0.00     42.75      0.00      0.00      0.75      0.50      0.00      0.00     36.25
01:21:02 AM     all     24.00      0.00     75.00      0.00      0.00      0.75      0.25      0.00      0.00      0.00
01:21:03 AM     all     24.44      0.00     73.82      0.50      0.00      0.75      0.50      0.00      0.00      0.00
01:21:04 AM     all     24.25      0.00     74.50      0.00      0.00      0.75      0.50      0.00      0.00      0.00
01:21:05 AM     all     23.44      0.00     75.31      0.00      0.00      0.75      0.25      0.00      0.00      0.25
01:21:06 AM     all     22.81      0.00     76.19      0.00      0.00      0.50      0.50      0.00      0.00      0.00
01:21:07 AM     all     22.44      0.00     76.31      0.00      0.00      0.75      0.50      0.00      0.00      0.00
01:21:08 AM     all     25.81      0.00     73.18      0.00      0.00      0.75      0.25      0.00      0.00      0.00
01:21:09 AM     all     18.75      0.00     80.00      0.00      0.00      0.75      0.50      0.00      0.00      0.00
01:21:10 AM     all     24.94      0.00     73.82      0.00      0.00      0.75      0.50      0.00      0.00      0.00
01:21:11 AM     all     23.31      0.00     75.69      0.00      0.00      0.75      0.25      0.00      0.00      0.00
01:21:12 AM     all     23.13      0.00     75.62      0.00      0.00      0.75      0.50      0.00      0.00      0.00
01:21:13 AM     all     19.00      0.00     79.25      0.50      0.00      0.75      0.50      0.00      0.00      0.00
01:21:14 AM     all     23.75      0.00     75.25      0.00      0.00      0.75      0.25      0.00      0.00      0.00
01:21:15 AM     all     22.25      0.00     76.75      0.00      0.00      0.50      0.50      0.00      0.00      0.00
01:21:16 AM     all     24.81      0.00     74.19      0.00      0.00      0.75      0.25      0.00      0.00      0.00
01:21:17 AM     all     23.44      0.00     75.06      0.00      0.00      0.75      0.50      0.00      0.00      0.25
01:21:18 AM     all     23.94      0.00     74.31      0.25      0.00      0.75      0.50      0.00      0.00      0.25
01:21:19 AM     all     22.00      0.00     76.75      0.00      0.00      0.75      0.50      0.00      0.00      0.00
01:21:20 AM     all     26.00      0.00     73.00      0.00      0.00      0.75      0.25      0.00      0.00      0.00
01:21:21 AM     all     23.25      0.00     75.50      0.00      0.00      0.75      0.50      0.00      0.00      0.00
01:21:22 AM     all     20.50      0.00     78.25      0.00      0.00      0.75      0.50      0.00      0.00      0.00
01:21:23 AM     all     25.38      0.00     73.87      0.00      0.00      0.50      0.25      0.00      0.00      0.00
01:21:24 AM     all     22.25      0.00     76.50      0.00      0.00      0.75      0.50      0.00      0.00      0.00
01:21:25 AM     all     23.56      0.00     75.19      0.00      0.00      0.75      0.50      0.00      0.00      0.00
01:21:26 AM     all     22.64      0.00     75.87      0.00      0.00      1.00      0.50      0.00      0.00      0.00
01:21:27 AM     all     26.13      0.00     73.12      0.00      0.00      0.50      0.25      0.00      0.00      0.00
01:21:28 AM     all     19.65      0.00     78.61      0.50      0.00      0.75      0.50      0.00      0.00      0.00
01:21:29 AM     all     22.94      0.00     75.56      0.00      0.00      0.75      0.50      0.00      0.00      0.25
01:21:30 AM     all     22.56      0.00     76.44      0.00      0.00      0.75      0.25      0.00      0.00      0.00
01:21:31 AM     all     25.75      0.00     36.50      0.00      0.00      0.50      0.50      0.00      0.00     36.75
01:21:32 AM     all     25.00      0.00      0.75      0.00      0.00      0.50      0.00      0.00      0.00     73.75
01:21:33 AM     all     24.31      0.00      1.00      0.25      0.00      0.50      0.25      0.00      0.00     73.68
01:21:34 AM     all     25.06      0.00      0.50      0.00      0.00      0.25      0.25      0.00      0.00     73.93
01:21:35 AM     all     24.87      0.00      0.25      0.00      0.00      0.50      0.00      0.00      0.00     74.37
01:21:36 AM     all     25.13      0.00      0.25      0.00      0.00      0.50      0.00      0.00      0.00     74.12
01:21:37 AM     all     25.06      0.00      0.25      0.00      0.00      0.25      0.25      0.00      0.00     74.19
01:21:38 AM     all     25.00      0.00      0.75      0.00      0.00      0.50      0.00      0.00      0.00     73.75
01:21:39 AM     all     24.25      0.00      1.00      0.00      0.00      0.50      0.25      0.00      0.00     74.00
01:21:40 AM     all     25.06      0.00      0.25      0.00      0.00      0.50      0.00      0.00      0.00     74.19
01:21:41 AM     all     24.94      0.00      0.25      0.00      0.00      0.25      0.25      0.00      0.00     74.31
01:21:42 AM     all     24.87      0.00      0.25      0.00      0.00      0.50      0.00      0.00      0.00     74.37
01:21:43 AM     all     24.94      0.00      1.00      0.00      0.00      0.25      0.25      0.00      0.00     73.57
01:21:44 AM     all     25.13      0.00      0.25      0.00      0.00      0.50      0.00      0.00      0.00     74.12
01:21:45 AM     all     24.19      0.00      1.25      0.00      0.00      0.50      0.25      0.00      0.00     73.82
01:21:46 AM     all     25.19      0.00      0.00      0.00      0.00      0.50      0.00      0.00      0.00     74.31
01:21:47 AM     all     24.81      0.00      0.50      0.00      0.00      0.25      0.25      0.00      0.00     74.19
01:21:48 AM     all     25.31      0.00      0.25      0.25      0.00      0.50      0.00      0.00      0.00     73.68
01:21:49 AM     all     25.00      0.00      0.25      0.00      0.00      0.50      0.25      0.00      0.00     74.00
01:21:50 AM     all     25.25      0.00      0.50      0.00      0.00      0.50      0.00      0.00      0.00     73.75
01:21:51 AM     all     25.13      0.00      0.25      0.00      0.00      0.25      0.00      0.00      0.00     74.37
01:21:52 AM     all     24.31      0.00      1.00      0.00      0.00      0.50      0.25      0.00      0.00     73.93
01:21:53 AM     all     25.13      0.00      0.25      0.00      0.00      0.50      0.00      0.00      0.00     74.12
01:21:54 AM     all     25.00      0.00      0.75      0.00      0.00      0.25      0.25      0.00      0.00     73.75
01:21:55 AM     all     25.19      0.00      0.50      0.00      0.00      0.50      0.00      0.00      0.00     73.82
01:21:56 AM     all     25.06      0.00      0.25      0.00      0.00      0.50      0.25      0.00      0.00     73.93
01:21:57 AM     all     25.00      0.00      0.75      0.00      0.00      0.50      0.00      0.00      0.00     73.75
01:21:58 AM     all     23.50      0.00      1.25      0.00      0.00      0.50      0.25      0.00      0.00     74.50
01:21:59 AM     all     25.38      0.00      0.00      0.00      0.00      0.25      0.25      0.00      0.00     74.12
01:22:00 AM     all     25.81      0.00      1.25      0.00      0.00      0.50      0.00      0.00      0.00     72.43
01:22:01 AM     all     25.25      0.00      0.25      0.00      0.00      0.50      0.25      0.00      0.00     73.75
01:22:02 AM     all     25.13      0.00      0.50      0.00      0.00      0.25      0.00      0.00      0.00     74.12
01:22:03 AM     all     25.25      0.00      0.25      0.25      0.00      0.50      0.00      0.00      0.00     73.75
01:22:04 AM     all     19.10      0.00     15.83      0.00      0.00      0.50      0.25      0.00      0.00     64.32
01:22:05 AM     all     22.94      0.00     75.81      0.00      0.00      0.75      0.50      0.00      0.00      0.00
01:22:06 AM     all     22.75      0.00     76.00      0.00      0.00      0.75      0.50      0.00      0.00      0.00
01:22:07 AM     all     23.81      0.00     75.19      0.00      0.00      0.75      0.25      0.00      0.00      0.00
01:22:08 AM     all     26.18      0.00     72.07      0.25      0.00      0.75      0.50      0.00      0.00      0.25
01:22:09 AM     all     21.00      0.00     77.75      0.00      0.00      0.75      0.50      0.00      0.00      0.00
01:22:10 AM     all     23.50      0.00     75.50      0.00      0.00      0.75      0.25      0.00      0.00      0.00
01:22:11 AM     all     24.38      0.00     74.13      0.00      0.00      0.75      0.50      0.00      0.00      0.25
01:22:12 AM     all     20.85      0.00     77.89      0.00      0.00      0.75      0.50      0.00      0.00      0.00
01:22:13 AM     all     22.06      0.00     76.69      0.25      0.00      0.75      0.25      0.00      0.00      0.00
01:22:14 AM     all     22.94      0.00     75.81      0.00      0.00      0.75      0.50      0.00      0.00      0.00
01:22:15 AM     all     23.82      0.00     74.94      0.00      0.00      0.74      0.50      0.00      0.00      0.00
01:22:16 AM     all     20.55      0.00     78.45      0.00      0.00      0.75      0.25      0.00      0.00      0.00
01:22:17 AM     all     23.50      0.00     75.25      0.00      0.00      0.75      0.50      0.00      0.00      0.00
01:22:18 AM     all     25.50      0.00     72.75      0.25      0.00      0.75      0.50      0.00      0.00      0.25
01:22:19 AM     all     23.00      0.00     76.00      0.00      0.00      0.75      0.25      0.00      0.00      0.00
01:22:20 AM     all     22.44      0.00     76.06      0.00      0.00      0.75      0.50      0.00      0.00      0.25
01:22:21 AM     all     23.56      0.00     75.19      0.00      0.00      0.75      0.50      0.00      0.00      0.00
01:22:22 AM     all     23.75      0.00     75.25      0.00      0.00      0.75      0.25      0.00      0.00      0.00
01:22:23 AM     all     20.95      0.00     77.56      0.25      0.00      0.75      0.50      0.00      0.00      0.00
01:22:24 AM     all     22.75      0.00     76.00      0.00      0.00      0.75      0.50      0.00      0.00      0.00
01:22:25 AM     all     26.07      0.00     72.93      0.00      0.00      0.75      0.25      0.00      0.00      0.00
01:22:26 AM     all     24.19      0.00     74.56      0.00      0.00      0.75      0.50      0.00      0.00      0.00
01:22:27 AM     all     24.81      0.00     73.93      0.00      0.00      0.75      0.50      0.00      0.00      0.00
01:22:28 AM     all     25.75      0.00     70.25      3.00      0.00      0.75      0.25      0.00      0.00      0.00
01:22:29 AM     all     24.25      0.00     74.50      0.00      0.00      0.75      0.50      0.00      0.00      0.00
01:22:30 AM     all     26.50      0.00     72.25      0.00      0.00      0.75      0.50      0.00      0.00      0.00
01:22:31 AM     all     25.94      0.00     72.82      0.00      0.00      0.75      0.25      0.00      0.00      0.25
01:22:32 AM     all     25.94      0.00     72.82      0.00      0.00      0.75      0.50      0.00      0.00      0.00
01:22:33 AM     all     24.56      0.00     74.19      0.25      0.00      0.75      0.25      0.00      0.00      0.00
01:22:34 AM     all     24.25      0.00     65.50      0.00      0.00      0.75      0.50      0.00      0.00      9.00
01:22:35 AM     all     23.43      0.00      0.76      0.00      0.00      0.50      0.25      0.00      0.00     75.06
01:22:36 AM     all     25.00      0.00      0.50      0.00      0.00      0.50      0.00      0.00      0.00     74.00
01:22:37 AM     all     25.00      0.00      0.75      0.00      0.00      0.25      0.25      0.00      0.00     73.75
01:22:38 AM     all     24.94      0.00      0.75      0.25      0.00      0.50      0.00      0.00      0.00     73.57
01:22:39 AM     all     24.75      0.00      1.00      0.00      0.00      0.50      0.25      0.00      0.00     73.50
01:22:40 AM     all     25.13      0.00      0.25      0.00      0.00      0.25      0.00      0.00      0.00     74.37
01:22:41 AM     all     25.06      0.00      0.25      0.00      0.00      0.50      0.00      0.00      0.00     74.19
01:22:42 AM     all     24.56      0.00      0.75      0.00      0.00      0.50      0.25      0.00      0.00     73.93
01:22:43 AM     all     25.00      0.00      1.00      0.00      0.00      0.25      0.25      0.00      0.00     73.50
01:22:44 AM     all     25.06      0.00      0.25      0.00      0.00      0.50      0.00      0.00      0.00     74.19
01:22:45 AM     all     24.87      0.00      0.75      0.00      0.00      0.50      0.25      0.00      0.00     73.62
01:22:46 AM     all     25.00      0.00      0.75      0.00      0.00      0.50      0.00      0.00      0.00     73.75
01:22:47 AM     all     25.13      0.00      0.00      0.00      0.00      0.25      0.25      0.00      0.00     74.37
01:22:48 AM     all     23.62      0.00      1.01      0.00      0.00      0.50      0.00      0.00      0.00     74.87
01:22:49 AM     all     25.06      0.00      0.00      0.00      0.00      0.50      0.25      0.00      0.00     74.19
01:22:50 AM     all     24.87      0.00      0.50      0.00      0.00      0.50      0.25      0.00      0.00     73.87
01:22:51 AM     all     25.06      0.00      0.50      0.00      0.00      0.50      0.00      0.00      0.00     73.93
01:22:52 AM     all     24.94      0.00      0.25      0.00      0.00      0.25      0.25      0.00      0.00     74.31
01:22:53 AM     all     25.19      0.00      0.50      0.25      0.00      0.50      0.00      0.00      0.00     73.57
01:22:54 AM     all     24.50      0.00      0.75      0.00      0.00      0.50      0.25      0.00      0.00     74.00
01:22:55 AM     all     25.19      0.00      0.25      0.00      0.00      0.25      0.00      0.00      0.00     74.31
01:22:56 AM     all     24.81      0.00      0.25      0.00      0.00      0.50      0.25      0.00      0.00     74.19
01:22:57 AM     all     24.94      0.00      0.25      0.00      0.00      0.50      0.00      0.00      0.00     74.31
01:22:58 AM     all     24.88      0.00      0.75      0.00      0.00      0.50      0.25      0.00      0.00     73.63
01:22:59 AM     all     25.00      0.00      0.25      0.00      0.00      0.25      0.00      0.00      0.00     74.49
01:23:00 AM     all     26.25      0.00      0.75      0.00      0.00      0.50      0.25      0.00      0.00     72.25
01:23:01 AM     all     24.69      0.00      0.50      0.00      0.00      0.50      0.00      0.00      0.00     74.31
01:23:02 AM     all     24.94      0.00      0.25      0.00      0.00      0.25      0.25      0.00      0.00     74.31
01:23:03 AM     all     25.06      0.00      0.50      0.00      0.00      0.50      0.00      0.00      0.00     73.93
01:23:04 AM     all     25.13      0.00      0.25      0.00      0.00      0.50      0.00      0.00      0.00     74.12
01:23:05 AM     all     24.94      0.00      0.50      0.00      0.00      0.50      0.25      0.00      0.00     73.82
01:23:06 AM     all     25.06      0.00      0.50      0.00      0.00      0.25      0.00      0.00      0.00     74.19
01:23:07 AM     all     18.75      0.00     38.50      0.00      0.00      0.75      0.50      0.00      0.00     41.50
01:23:08 AM     all     24.25      0.00     70.50      4.50      0.00      0.50      0.25      0.00      0.00      0.00
01:23:09 AM     all     23.00      0.00     75.75      0.00      0.00      0.75      0.50      0.00      0.00      0.00
01:23:10 AM     all     21.39      0.00     77.36      0.00      0.00      0.75      0.50      0.00      0.00      0.00
01:23:11 AM     all     23.56      0.00     75.44      0.00      0.00      0.75      0.25      0.00      0.00      0.00
01:23:12 AM     all     22.25      0.00     76.75      0.00      0.00      0.50      0.50      0.00      0.00      0.00
01:23:13 AM     all     19.75      0.00     78.75      0.25      0.00      0.75      0.50      0.00      0.00      0.00
01:23:14 AM     all     23.00      0.00     76.00      0.00      0.00      0.75      0.25      0.00      0.00      0.00
01:23:15 AM     all     19.55      0.00     79.20      0.00      0.00      0.75      0.50      0.00      0.00      0.00
01:23:16 AM     all     23.19      0.00     75.56      0.00      0.00      0.75      0.50      0.00      0.00      0.00
01:23:17 AM     all     25.56      0.00     73.43      0.00      0.00      0.75      0.25      0.00      0.00      0.00
01:23:18 AM     all     20.95      0.00     77.56      0.50      0.00      0.50      0.50      0.00      0.00      0.00
01:23:19 AM     all     23.75      0.00     74.75      0.00      0.00      0.75      0.50      0.00      0.00      0.25
01:23:20 AM     all     26.00      0.00     73.00      0.00      0.00      0.75      0.25      0.00      0.00      0.00
01:23:21 AM     all     24.00      0.00     74.75      0.00      0.00      0.75      0.50      0.00      0.00      0.00
01:23:22 AM     all     22.25      0.00     76.50      0.00      0.00      0.75      0.50      0.00      0.00      0.00
01:23:23 AM     all     23.69      0.00     74.81      0.25      0.00      0.75      0.25      0.00      0.00      0.25
01:23:24 AM     all     21.00      0.00     77.50      0.00      0.00      0.75      0.50      0.00      0.00      0.25
01:23:25 AM     all     23.00      0.00     75.75      0.00      0.00      0.75      0.50      0.00      0.00      0.00
01:23:26 AM     all     26.25      0.00     72.50      0.00      0.00      1.00      0.25      0.00      0.00      0.00
01:23:27 AM     all     23.75      0.00     75.00      0.00      0.00      0.75      0.50      0.00      0.00      0.00
01:23:28 AM     all     21.25      0.00     77.50      0.25      0.00      0.75      0.25      0.00      0.00      0.00
01:23:29 AM     all     23.00      0.00     75.75      0.00      0.00      0.75      0.50      0.00      0.00      0.00
01:23:30 AM     all     24.75      0.00     74.25      0.00      0.00      0.50      0.50      0.00      0.00      0.00
01:23:31 AM     all     24.56      0.00     74.44      0.00      0.00      0.75      0.25      0.00      0.00      0.00
01:23:32 AM     all     21.45      0.00     76.81      0.00      0.00      1.00      0.50      0.00      0.00      0.25
01:23:33 AM     all     23.87      0.00     74.87      0.00      0.00      0.75      0.50      0.00      0.00      0.00
01:23:34 AM     all     24.25      0.00     74.75      0.00      0.00      0.75      0.25      0.00      0.00      0.00
01:23:35 AM     all     25.94      0.00     72.82      0.00      0.00      0.75      0.50      0.00      0.00      0.00
01:23:36 AM     all     24.56      0.00     74.44      0.00      0.00      0.50      0.50      0.00      0.00      0.00
01:23:37 AM     all     22.94      0.00     44.39      0.00      0.00      0.75      0.25      0.00      0.00     31.67
01:23:38 AM     all     25.00      0.00      0.75      0.25      0.00      0.25      0.00      0.00      0.00     73.75
01:23:39 AM     all     22.19      0.00      0.75      0.00      0.00      0.50      0.25      0.00      0.00     76.31
01:23:40 AM     all     25.06      0.00      0.50      0.00      0.00      0.50      0.00      0.00      0.00     73.93
01:23:41 AM     all     25.19      0.00      0.00      0.00      0.00      0.25      0.25      0.00      0.00     74.31
01:23:42 AM     all     24.81      0.00      0.50      0.00      0.00      0.50      0.00      0.00      0.00     74.19
01:23:43 AM     all     25.25      0.00      0.25      0.25      0.00      0.50      0.25      0.00      0.00     73.50
01:23:44 AM     all     25.00      0.00      0.25      0.00      0.00      0.25      0.00      0.00      0.00     74.49
01:23:45 AM     all     24.12      0.00      0.50      0.00      0.00      0.50      0.25      0.00      0.00     74.62
01:23:46 AM     all     25.06      0.00      0.25      0.00      0.00      0.50      0.00      0.00      0.00     74.19
01:23:47 AM     all     24.87      0.00      0.25      0.00      0.00      0.50      0.25      0.00      0.00     74.12
01:23:48 AM     all     25.06      0.00      0.50      1.50      0.00      0.25      0.00      0.00      0.00     72.68
01:23:49 AM     all     25.31      0.00      0.25      0.00      0.00      0.50      0.00      0.00      0.00     73.93
01:23:50 AM     all     24.75      0.00      0.75      0.00      0.00      0.50      0.25      0.00      0.00     73.75
01:23:51 AM     all     24.94      0.00      0.25      0.00      0.00      0.25      0.00      0.00      0.00     74.56
01:23:52 AM     all     24.62      0.00      0.25      0.00      0.00      0.50      0.25      0.00      0.00     74.37
01:23:53 AM     all     25.19      0.00      0.25      0.00      0.00      0.50      0.00      0.00      0.00     74.06
01:23:54 AM     all     25.06      0.00      0.25      0.00      0.00      0.25      0.25      0.00      0.00     74.19
01:23:55 AM     all     25.06      0.00      0.50      0.00      0.00      0.50      0.00      0.00      0.00     73.93
01:23:56 AM     all     25.00      0.00      0.50      0.00      0.00      0.50      0.25      0.00      0.00     73.75
01:23:57 AM     all     25.06      0.00      0.50      0.00      0.00      0.50      0.00      0.00      0.00     73.93
01:23:58 AM     all     24.44      0.00      1.00      0.25      0.00      0.25      0.25      0.00      0.00     73.82
01:23:59 AM     all     25.13      0.00      0.25      0.00      0.00      0.50      0.00      0.00      0.00     74.12
01:24:00 AM     all     26.07      0.00      0.75      0.00      0.00      0.50      0.25      0.00      0.00     72.43
01:24:01 AM     all     25.19      0.00      0.25      0.00      0.00      0.25      0.00      0.00      0.00     74.31
01:24:02 AM     all     24.75      0.00      0.50      0.00      0.00      0.50      0.25      0.00      0.00     74.00
01:24:03 AM     all     25.31      0.00      0.50      0.00      0.00      0.50      0.00      0.00      0.00     73.68
01:24:04 AM     all     24.19      0.00      1.00      0.00      0.00      0.50      0.25      0.00      0.00     74.06
01:24:05 AM     all     25.31      0.00      0.50      0.00      0.00      0.25      0.00      0.00      0.00     73.93
01:24:06 AM     all     25.00      0.00      0.25      0.00      0.00      0.50      0.25      0.00      0.00     74.00
01:24:07 AM     all     25.00      0.00      0.75      0.00      0.00      0.50      0.00      0.00      0.00     73.75
01:24:08 AM     all     25.13      0.00      0.25      0.00      0.00      0.25      0.25      0.00      0.00     74.12
01:24:09 AM     all     25.06      0.00      0.50      0.00      0.00      0.50      0.00      0.00      0.00     73.93
01:24:10 AM     all     25.00      0.00      0.50      0.00      0.00      0.25      0.25      0.00      0.00     74.00
01:24:11 AM     all     13.10      0.00     67.00      0.00      0.00      1.01      0.25      0.00      0.00     18.64
01:24:12 AM     all     24.50      0.00     74.50      0.00      0.00      0.50      0.50      0.00      0.00      0.00
01:24:13 AM     all     24.38      0.00     73.63      0.25      0.00      1.00      0.50      0.00      0.00      0.25
01:24:14 AM     all     26.13      0.00     73.12      0.00      0.00      0.50      0.25      0.00      0.00      0.00
01:24:15 AM     all     24.88      0.00     73.88      0.00      0.00      0.75      0.50      0.00      0.00      0.00
01:24:16 AM     all     24.50      0.00     74.25      0.00      0.00      0.75      0.50      0.00      0.00      0.00
01:24:17 AM     all     24.56      0.00     74.44      0.00      0.00      0.75      0.25      0.00      0.00      0.00
01:24:18 AM     all     22.39      0.00     76.37      0.25      0.00      0.50      0.50      0.00      0.00      0.00
01:24:19 AM     all     22.25      0.00     76.25      0.00      0.00      1.00      0.50      0.00      0.00      0.00
01:24:20 AM     all     21.55      0.00     77.44      0.00      0.00      0.75      0.25      0.00      0.00      0.00
01:24:21 AM     all     23.94      0.00     75.06      0.00      0.00      0.50      0.50      0.00      0.00      0.00
01:24:22 AM     all     18.00      0.00     80.75      0.00      0.00      0.75      0.50      0.00      0.00      0.00
01:24:23 AM     all     23.25      0.00     75.25      0.25      0.00      0.75      0.50      0.00      0.00      0.00
01:24:24 AM     all     25.25      0.00     73.50      0.00      0.00      0.75      0.25      0.00      0.00      0.25
01:24:25 AM     all     25.44      0.00     73.32      0.00      0.00      0.75      0.50      0.00      0.00      0.00
01:24:26 AM     all     21.50      0.00     77.25      0.00      0.00      0.75      0.50      0.00      0.00      0.00
01:24:27 AM     all     22.75      0.00     75.75      0.00      0.00      0.75      0.50      0.00      0.00      0.25
01:24:28 AM     all     22.00      0.00     76.75      0.25      0.00      0.75      0.25      0.00      0.00      0.00
01:24:29 AM     all     21.50      0.00     77.25      0.00      0.00      0.75      0.50      0.00      0.00      0.00
01:24:30 AM     all     23.56      0.00     75.44      0.00      0.00      0.75      0.25      0.00      0.00      0.00
01:24:31 AM     all     19.70      0.00     79.05      0.00      0.00      0.50      0.50      0.00      0.00      0.25
01:24:32 AM     all     25.69      0.00     73.07      0.00      0.00      0.75      0.50      0.00      0.00      0.00
01:24:33 AM     all     24.81      0.00     69.92      4.26      0.00      0.75      0.25      0.00      0.00      0.00
01:24:34 AM     all     25.44      0.00     73.32      0.00      0.00      0.75      0.50      0.00      0.00      0.00
01:24:35 AM     all     20.30      0.00     78.45      0.00      0.00      0.75      0.50      0.00      0.00      0.00
01:24:36 AM     all     23.56      0.00     75.44      0.00      0.00      0.75      0.25      0.00      0.00      0.00
01:24:37 AM     all     22.58      0.00     75.43      0.25      0.00      0.74      0.50      0.00      0.00      0.50
01:24:38 AM     all     21.95      0.00     76.56      0.25      0.00      0.75      0.50      0.00      0.00      0.00
01:24:39 AM     all     23.31      0.00     75.69      0.00      0.00      0.75      0.25      0.00      0.00      0.00
01:24:40 AM     all     23.00      0.00     75.75      0.00      0.00      0.75      0.50      0.00      0.00      0.00
01:24:41 AM     all     24.06      0.00     21.05      0.00      0.00      0.25      0.25      0.00      0.00     54.39
01:24:42 AM     all     25.13      0.00      0.25      0.00      0.00      0.50      0.00      0.00      0.00     74.12
01:24:43 AM     all     24.12      0.00      0.75      0.00      0.00      0.50      0.25      0.00      0.00     74.37
01:24:44 AM     all     24.87      0.00      0.25      0.00      0.00      0.25      0.25      0.00      0.00     74.37
01:24:45 AM     all     24.81      0.00      0.75      0.00      0.00      0.50      0.00      0.00      0.00     73.93
01:24:46 AM     all     24.75      0.00      0.25      0.00      0.00      0.25      0.00      0.00      0.00     74.75
01:24:47 AM     all     24.69      0.00      0.75      0.00      0.00      0.50      0.25      0.00      0.00     73.82
01:24:48 AM     all     24.87      0.00      0.50      0.00      0.00      0.25      0.00      0.00      0.00     74.37
01:24:49 AM     all     23.69      0.00      1.00      0.00      0.00      0.50      0.25      0.00      0.00     74.56
01:24:50 AM     all     25.06      0.00      0.50      0.00      0.00      0.50      0.00      0.00      0.00     73.93
01:24:51 AM     all     25.25      0.00      0.50      0.00      0.00      0.25      0.25      0.00      0.00     73.75
01:24:52 AM     all     25.13      0.00      0.25      0.00      0.00      0.50      0.00      0.00      0.00     74.12
01:24:53 AM     all     24.81      0.00      0.25      0.25      0.00      0.50      0.25      0.00      0.00     73.93
01:24:54 AM     all     25.25      0.00      0.50      0.00      0.00      0.50      0.00      0.00      0.00     73.75
01:24:55 AM     all     23.00      0.00      1.50      0.00      0.00      0.25      0.25      0.00      0.00     75.00
01:24:56 AM     all     25.12      0.00      0.75      0.00      0.00      0.50      0.25      0.00      0.00     73.38
01:24:57 AM     all     24.94      0.00      0.25      0.00      0.00      0.50      0.00      0.00      0.00     74.31
01:24:58 AM     all     25.06      0.00      0.99      0.00      0.00      0.50      0.25      0.00      0.00     73.20
01:24:59 AM     all     25.13      0.00      0.50      0.00      0.00      0.25      0.00      0.00      0.00     74.12
01:25:00 AM     all     26.07      0.00      0.75      0.00      0.00      0.50      0.25      0.00      0.00     72.43
01:25:01 AM     all     25.25      0.00      0.75      0.00      0.00      0.25      0.00      0.00      0.00     73.75
01:25:02 AM     all     23.25      0.00      1.00      0.00      0.00      0.75      0.25      0.00      0.00     74.75
01:25:03 AM     all     25.31      0.00      0.75      0.00      0.00      0.25      0.00      0.00      0.00     73.68
01:25:04 AM     all     24.81      0.00      0.25      0.00      0.00      0.50      0.25      0.00      0.00     74.19
01:25:05 AM     all     25.38      0.00      0.25      0.00      0.00      0.25      0.00      0.00      0.00     74.12
01:25:06 AM     all     24.75      0.00      0.50      0.00      0.00      0.50      0.25      0.00      0.00     74.00
01:25:07 AM     all     25.19      0.00      0.25      0.00      0.00      0.25      0.00      0.00      0.00     74.31
Average:        all     24.06      0.00     35.76      0.06      0.00      0.57      0.26      0.00      0.00     39.28
