Linux 4.9.253-tegra (nano-desktop) 	08/16/2023 	_aarch64_	(4 CPU)

10:55:38 PM     CPU      %usr     %nice      %sys   %iowait    %steal      %irq     %soft    %guest    %gnice     %idle
10:55:39 PM     all     10.86      0.00     17.17      0.00      0.00      0.51      0.51      0.00      0.00     70.96
10:55:40 PM     all     13.78      0.00      1.50      0.00      0.00      0.75      0.50      0.00      0.00     83.46
10:55:41 PM     all     13.97      0.00      2.00      0.25      0.00      0.50      0.50      0.00      0.00     82.79
10:55:42 PM     all     14.43      0.00      1.27      0.00      0.00      0.76      0.51      0.00      0.00     83.04
10:55:43 PM     all     13.89      0.00      2.02      0.00      0.00      0.76      0.25      0.00      0.00     83.08
10:55:44 PM     all     15.71      0.00      1.00      0.00      0.00      0.75      0.50      0.00      0.00     82.04
10:55:45 PM     all     14.75      0.00      1.75      0.00      0.00      0.75      0.50      0.00      0.00     82.25
10:55:46 PM     all     13.25      0.00      1.50      0.00      0.00      0.75      0.50      0.00      0.00     84.00
10:55:47 PM     all     13.92      0.00      1.52      0.00      0.00      0.76      0.51      0.00      0.00     83.29
10:55:48 PM     all     14.14      0.00      1.52      0.00      0.00      0.76      0.25      0.00      0.00     83.33
10:55:49 PM     all     15.11      0.00      0.76      0.00      0.00      0.76      0.50      0.00      0.00     82.87
10:55:50 PM     all     14.68      0.00      1.01      0.00      0.00      0.76      0.51      0.00      0.00     83.04
10:55:51 PM     all     14.47      0.00      0.51      0.00      0.00      0.76      0.51      0.00      0.00     83.76
10:55:52 PM     all     14.39      0.00      1.26      0.00      0.00      0.51      0.51      0.00      0.00     83.33
10:55:53 PM     all     12.09      0.00      1.26      0.00      0.00      0.76      0.25      0.00      0.00     85.64
10:55:54 PM     all     14.11      0.00      1.76      0.00      0.00      0.76      0.50      0.00      0.00     82.87
10:55:55 PM     all     14.75      0.00      1.75      0.00      0.00      0.75      0.50      0.00      0.00     82.25
10:55:56 PM     all     13.90      0.00      2.98      0.25      0.00      0.74      0.50      0.00      0.00     81.64
10:55:57 PM     all     14.36      0.00      1.51      0.00      0.00      0.76      0.50      0.00      0.00     82.87
10:55:58 PM     all     13.85      0.00      2.02      0.00      0.00      0.76      0.25      0.00      0.00     83.12
10:55:59 PM     all     14.36      0.00      1.51      0.00      0.00      0.76      0.50      0.00      0.00     82.87
10:56:00 PM     all     16.08      0.00      2.01      0.00      0.00      0.75      0.50      0.00      0.00     80.65
10:56:01 PM     all     13.57      0.00      2.01      0.00      0.00      0.75      0.50      0.00      0.00     83.17
10:56:02 PM     all     14.00      0.00      2.50      0.00      0.00      0.75      0.50      0.00      0.00     82.25
10:56:03 PM     all     14.39      0.00      1.52      0.00      0.00      0.76      0.25      0.00      0.00     83.08
10:56:04 PM     all     12.81      0.00      1.51      0.00      0.00      0.50      0.50      0.00      0.00     84.67
10:56:05 PM     all     14.86      0.00      1.26      0.00      0.00      0.76      0.50      0.00      0.00     82.62
10:56:06 PM     all     14.18      0.00      2.24      0.25      0.00      0.75      0.50      0.00      0.00     82.09
10:56:07 PM     all     14.82      0.00      1.76      0.00      0.00      0.75      0.25      0.00      0.00     82.41
10:56:08 PM     all     71.50      0.00      7.75      0.00      0.00      1.00      0.50      0.00      0.00     19.25
10:56:09 PM     all     95.25      0.00      2.25      0.00      0.00      0.75      0.50      0.00      0.00      1.25
10:56:10 PM     all     84.37      0.00      2.23      0.00      0.00      0.99      0.25      0.00      0.00     12.16
10:56:11 PM     all     93.53      0.00      3.23      0.00      0.00      1.00      0.50      0.00      0.00      1.74
10:56:12 PM     all     90.73      0.00      1.75      0.00      0.00      0.75      0.50      0.00      0.00      6.27
10:56:13 PM     all     91.79      0.00      1.49      0.00      0.00      1.00      0.25      0.00      0.00      5.47
10:56:14 PM     all     94.99      0.00      1.75      0.00      0.00      0.75      0.50      0.00      0.00      2.01
10:56:15 PM     all     88.72      0.00      1.75      0.00      0.00      1.00      0.50      0.00      0.00      8.02
10:56:16 PM     all     94.25      0.00      2.50      0.00      0.00      0.75      0.25      0.00      0.00      2.25
10:56:17 PM     all     89.25      0.00      1.50      0.00      0.00      1.00      0.50      0.00      0.00      7.75
10:56:18 PM     all     93.72      0.00      1.76      0.00      0.00      1.01      0.25      0.00      0.00      3.27
10:56:19 PM     all     91.21      0.00      2.26      0.00      0.00      0.75      0.50      0.00      0.00      5.28
10:56:20 PM     all     93.00      0.00      1.50      0.00      0.00      1.00      0.50      0.00      0.00      4.00
10:56:21 PM     all     93.73      0.00      1.75      0.00      0.00      0.75      0.25      0.00      0.00      3.51
10:56:22 PM     all     90.75      0.00      2.00      0.00      0.00      1.00      0.50      0.00      0.00      5.75
10:56:23 PM     all     90.55      0.00      2.24      0.00      0.00      0.75      0.50      0.00      0.00      5.97
10:56:24 PM     all     90.00      0.00      3.50      0.00      0.00      1.00      0.25      0.00      0.00      5.25
10:56:25 PM     all     89.00      0.00      3.50      0.00      0.00      0.75      0.50      0.00      0.00      6.25
10:56:26 PM     all     91.79      0.00      3.23      0.00      0.00      1.00      0.50      0.00      0.00      3.48
10:56:27 PM     all     93.18      0.00      2.27      0.00      0.00      0.76      0.25      0.00      0.00      3.54
10:56:28 PM     all     92.23      0.00      2.51      0.00      0.00      1.00      0.50      0.00      0.00      3.76
10:56:29 PM     all     91.73      0.00      3.26      0.00      0.00      0.75      0.50      0.00      0.00      3.76
10:56:30 PM     all     91.96      0.00      3.27      0.00      0.00      1.01      0.25      0.00      0.00      3.52
10:56:31 PM     all     91.77      0.00      3.24      0.00      0.00      0.75      0.50      0.00      0.00      3.74
10:56:32 PM     all     89.60      0.00      3.47      0.00      0.00      0.99      0.50      0.00      0.00      5.45
10:56:33 PM     all     92.95      0.00      3.53      0.00      0.00      0.76      0.25      0.00      0.00      2.52
10:56:34 PM     all     90.00      0.00      3.00      0.00      0.00      1.00      0.50      0.00      0.00      5.50
10:56:35 PM     all     91.96      0.00      3.27      0.00      0.00      0.75      0.25      0.00      0.00      3.77
10:56:36 PM     all     92.77      0.00      4.24      0.00      0.00      1.00      0.50      0.00      0.00      1.50
10:56:37 PM     all     88.72      0.00      3.51      0.00      0.00      0.75      0.25      0.00      0.00      6.77
10:56:38 PM     all     27.89      0.00      1.76      0.00      0.00      0.25      0.25      0.00      0.00     69.85
10:56:39 PM     all      0.25      0.00      0.50      0.00      0.00      0.25      0.00      0.00      0.00     99.00
10:56:40 PM     all      0.00      0.00      0.25      0.00      0.00      0.00      0.00      0.00      0.00     99.75
10:56:41 PM     all     10.28      0.00      1.25      0.00      0.00      0.50      0.50      0.00      0.00     87.47
10:56:42 PM     all      8.68      0.00      1.99      0.00      0.00      0.50      0.50      0.00      0.00     88.34
10:56:43 PM     all      2.51      0.00      0.50      0.00      0.00      0.25      0.00      0.00      0.00     96.73
10:56:44 PM     all      2.52      0.00      0.76      0.00      0.00      0.25      0.25      0.00      0.00     96.22
10:56:45 PM     all      3.00      0.00      1.00      0.00      0.00      0.25      0.00      0.00      0.00     95.75
10:56:46 PM     all      2.00      0.00      0.75      0.25      0.00      0.25      0.25      0.00      0.00     96.50
10:56:47 PM     all      3.01      0.00      0.75      0.00      0.00      0.25      0.00      0.00      0.00     95.99
10:56:48 PM     all      2.51      0.00      1.00      0.00      0.00      0.25      0.25      0.00      0.00     95.99
10:56:49 PM     all      2.51      0.00      0.75      0.00      0.00      0.25      0.00      0.00      0.00     96.48
10:56:50 PM     all      5.25      0.00      1.25      0.00      0.00      0.50      0.25      0.00      0.00     92.75
10:56:51 PM     all      9.45      0.00      1.74      0.00      0.00      0.50      0.50      0.00      0.00     87.81
10:56:52 PM     all      8.54      0.00      1.76      0.00      0.00      0.50      0.25      0.00      0.00     88.94
10:56:53 PM     all      6.73      0.00      2.00      0.00      0.00      0.50      0.25      0.00      0.00     90.52
10:56:54 PM     all      8.52      0.00      2.01      0.00      0.00      0.50      0.25      0.00      0.00     88.72
10:56:55 PM     all      7.98      0.00      2.24      0.00      0.00      0.50      0.50      0.00      0.00     88.78
10:56:56 PM     all      9.25      0.00      2.00      0.00      0.00      0.50      0.25      0.00      0.00     88.00
10:56:57 PM     all      9.25      0.00      2.00      0.00      0.00      0.50      0.25      0.00      0.00     88.00
10:56:58 PM     all      9.00      0.00      2.25      0.00      0.00      0.75      0.25      0.00      0.00     87.75
10:56:59 PM     all      9.95      0.00      2.24      0.00      0.00      0.50      0.50      0.00      0.00     86.82
10:57:00 PM     all     10.25      0.00      3.00      0.00      0.00      0.50      0.25      0.00      0.00     86.00
10:57:01 PM     all      8.44      0.00      2.48      0.25      0.00      0.50      0.50      0.00      0.00     87.84
10:57:02 PM     all      8.66      0.00      2.97      0.00      0.00      0.50      0.25      0.00      0.00     87.62
10:57:03 PM     all      8.98      0.00      1.50      0.00      0.00      0.50      0.25      0.00      0.00     88.78
10:57:04 PM     all      8.42      0.00      3.22      0.00      0.00      0.50      0.25      0.00      0.00     87.62
10:57:05 PM     all      9.65      0.00      1.98      0.00      0.00      0.50      0.50      0.00      0.00     87.38
10:57:06 PM     all      7.94      0.00      3.23      0.00      0.00      0.74      0.25      0.00      0.00     87.84
10:57:07 PM     all      8.71      0.00      2.49      0.00      0.00      0.25      0.25      0.00      0.00     88.31
10:57:08 PM     all      9.07      0.00      2.94      0.00      0.00      0.74      0.49      0.00      0.00     86.76
10:57:09 PM     all      9.16      0.00      2.72      0.00      0.00      0.50      0.25      0.00      0.00     87.38
10:57:10 PM     all      9.27      0.00      3.41      0.00      0.00      0.49      0.24      0.00      0.00     86.59
10:57:11 PM     all     55.28      0.00      6.78      0.25      0.00      0.50      0.50      0.00      0.00     36.68
10:57:12 PM     all     97.50      0.00      1.50      0.00      0.00      0.75      0.25      0.00      0.00      0.00
10:57:13 PM     all     82.54      0.00      1.50      0.00      0.00      0.75      0.25      0.00      0.00     14.96
10:57:14 PM     all     97.50      0.00      1.25      0.00      0.00      0.75      0.25      0.00      0.00      0.25
10:57:15 PM     all     86.07      0.00      1.74      0.00      0.00      0.50      0.25      0.00      0.00     11.44
10:57:16 PM     all     85.82      0.00      1.49      0.00      0.00      0.75      0.25      0.00      0.00     11.69
10:57:17 PM     all     95.98      0.00      1.51      0.00      0.00      0.50      0.25      0.00      0.00      1.76
10:57:18 PM     all     82.76      0.00      1.23      0.00      0.00      0.74      0.49      0.00      0.00     14.78
10:57:19 PM     all     98.49      0.00      1.01      0.00      0.00      0.50      0.00      0.00      0.00      0.00
10:57:20 PM     all     83.17      0.00      1.24      0.00      0.00      0.74      0.50      0.00      0.00     14.36
10:57:21 PM     all     97.75      0.00      1.25      0.00      0.00      0.75      0.25      0.00      0.00      0.00
10:57:22 PM     all     86.03      0.00      1.75      0.00      0.00      0.75      0.25      0.00      0.00     11.22
10:57:23 PM     all     93.27      0.00      1.25      0.00      0.00      0.50      0.25      0.00      0.00      4.74
10:57:24 PM     all     92.27      0.00      1.25      0.00      0.00      0.75      0.25      0.00      0.00      5.49
10:57:25 PM     all     91.02      0.00      1.50      0.00      0.00      0.50      0.25      0.00      0.00      6.73
10:57:26 PM     all     93.25      0.00      1.50      0.00      0.00      0.75      0.50      0.00      0.00      4.00
10:57:27 PM     all     87.13      0.00      1.49      0.00      0.00      0.74      0.25      0.00      0.00     10.40
10:57:28 PM     all     88.34      0.00      1.99      0.00      0.00      0.74      0.25      0.00      0.00      8.68
10:57:29 PM     all     95.49      0.00      1.50      0.00      0.00      0.50      0.25      0.00      0.00      2.26
10:57:30 PM     all     90.25      0.00      1.00      0.00      0.00      0.75      0.25      0.00      0.00      7.75
10:57:31 PM     all     93.50      0.00      1.25      0.00      0.00      0.75      0.50      0.00      0.00      4.00
10:57:32 PM     all     91.48      0.00      1.25      0.00      0.00      0.50      0.25      0.00      0.00      6.52
10:57:33 PM     all     92.27      0.00      2.00      0.00      0.00      0.75      0.25      0.00      0.00      4.74
10:57:34 PM     all     91.48      0.00      1.25      0.00      0.00      0.75      0.25      0.00      0.00      6.27
10:57:35 PM     all     89.78      0.00      2.00      0.00      0.00      0.75      0.25      0.00      0.00      7.23
10:57:36 PM     all     90.70      0.00      1.51      0.00      0.00      0.50      0.25      0.00      0.00      7.04
10:57:37 PM     all     94.26      0.00      1.50      0.00      0.00      0.75      0.50      0.00      0.00      2.99
10:57:38 PM     all     92.48      0.00      1.50      0.00      0.00      0.75      0.25      0.00      0.00      5.01
10:57:39 PM     all     89.90      0.00      1.26      0.00      0.00      0.51      0.25      0.00      0.00      8.08
10:57:40 PM     all     92.48      0.00      1.00      0.00      0.00      0.75      0.25      0.00      0.00      5.51
10:57:41 PM     all     51.38      0.00      2.01      0.00      0.00      0.50      0.25      0.00      0.00     45.86
10:57:42 PM     all      0.00      0.00      0.50      0.00      0.00      0.25      0.25      0.00      0.00     99.00
10:57:43 PM     all      0.50      0.00      0.00      0.00      0.00      0.00      0.00      0.00      0.00     99.50
10:57:44 PM     all      4.26      0.00      1.00      0.00      0.00      0.25      0.25      0.00      0.00     94.24
10:57:45 PM     all      9.82      0.00      1.01      0.00      0.00      0.76      0.25      0.00      0.00     88.16
10:57:46 PM     all      8.25      0.00      1.75      0.00      0.00      0.50      0.25      0.00      0.00     89.25
10:57:47 PM     all      9.05      0.00      1.26      0.00      0.00      0.50      0.25      0.00      0.00     88.94
10:57:48 PM     all      8.77      0.00      1.50      0.00      0.00      0.50      0.50      0.00      0.00     88.72
10:57:49 PM     all      8.56      0.00      1.01      0.00      0.00      0.50      0.25      0.00      0.00     89.67
10:57:50 PM     all      8.08      0.00      1.26      0.00      0.00      0.51      0.25      0.00      0.00     89.90
10:57:51 PM     all      9.32      0.00      0.76      0.00      0.00      0.50      0.50      0.00      0.00     88.92
10:57:52 PM     all     10.33      0.00      1.26      0.00      0.00      0.76      0.25      0.00      0.00     87.41
10:57:53 PM     all     12.09      0.00      1.26      0.00      0.00      0.50      0.25      0.00      0.00     85.89
10:57:54 PM     all     14.14      0.00      1.01      0.00      0.00      0.76      0.51      0.00      0.00     83.59
10:57:55 PM     all     15.00      0.00      1.75      0.00      0.00      0.75      0.50      0.00      0.00     82.00
10:57:56 PM     all     13.45      0.00      1.27      0.25      0.00      0.76      0.51      0.00      0.00     83.76
10:57:57 PM     all     15.31      0.00      2.47      0.00      0.00      0.74      0.49      0.00      0.00     80.99
10:57:58 PM     all     14.79      0.00      1.75      0.00      0.00      0.75      0.50      0.00      0.00     82.21
10:57:59 PM     all     14.32      0.00      0.51      0.00      0.00      0.77      0.26      0.00      0.00     84.14
10:58:00 PM     all     16.83      0.00      2.51      0.00      0.00      0.75      0.50      0.00      0.00     79.40
10:58:01 PM     all     13.67      0.00      1.77      0.00      0.00      0.51      0.51      0.00      0.00     83.54
10:58:02 PM     all     15.29      0.00      1.50      0.00      0.00      1.00      0.50      0.00      0.00     81.70
10:58:03 PM     all     14.90      0.00      1.26      0.00      0.00      0.51      0.25      0.00      0.00     83.08
10:58:04 PM     all     14.86      0.00      1.01      0.00      0.00      1.01      0.50      0.00      0.00     82.62
10:58:05 PM     all     15.27      0.00      0.76      0.00      0.00      0.51      0.51      0.00      0.00     82.95
10:58:06 PM     all     15.87      0.00      1.01      0.00      0.00      1.01      0.50      0.00      0.00     81.61
10:58:07 PM     all     14.89      0.00      1.99      0.00      0.00      0.74      0.50      0.00      0.00     81.89
10:58:08 PM     all     14.32      0.00      1.76      0.00      0.00      0.75      0.50      0.00      0.00     82.66
10:58:09 PM     all     14.65      0.00      1.26      0.00      0.00      0.51      0.25      0.00      0.00     83.33
10:58:10 PM     all     14.57      0.00      1.51      0.00      0.00      0.75      0.50      0.00      0.00     82.66
10:58:11 PM     all     13.71      0.00      1.02      0.25      0.00      0.76      0.51      0.00      0.00     83.76
10:58:12 PM     all     14.79      0.00      1.50      0.00      0.00      0.75      0.50      0.00      0.00     82.46
10:58:13 PM     all     15.21      0.00      1.50      0.00      0.00      0.75      0.50      0.00      0.00     82.04
10:58:14 PM     all     23.60      0.00      6.09      0.00      0.00      0.76      0.51      0.00      0.00     69.04
10:58:15 PM     all     97.50      0.00      1.25      0.00      0.00      1.00      0.25      0.00      0.00      0.00
10:58:16 PM     all     84.41      0.00      2.48      0.00      0.00      0.99      0.50      0.00      0.00     11.63
10:58:17 PM     all     95.00      0.00      2.25      0.00      0.00      0.75      0.50      0.00      0.00      1.50
10:58:18 PM     all     87.47      0.00      1.75      0.00      0.00      1.00      0.25      0.00      0.00      9.52
10:58:19 PM     all     94.99      0.00      1.75      0.00      0.00      0.75      0.50      0.00      0.00      2.01
10:58:20 PM     all     91.00      0.00      1.50      0.00      0.00      1.00      0.25      0.00      0.00      6.25
10:58:21 PM     all     94.74      0.00      2.01      0.00      0.00      0.75      0.50      0.00      0.00      2.01
10:58:22 PM     all     90.82      0.00      1.74      0.00      0.00      0.99      0.50      0.00      0.00      5.96
10:58:23 PM     all     93.02      0.00      1.75      0.00      0.00      0.75      0.50      0.00      0.00      3.99
10:58:24 PM     all     92.71      0.00      1.76      0.00      0.00      1.01      0.25      0.00      0.00      4.27
10:58:25 PM     all     92.00      0.00      2.75      0.00      0.00      0.75      0.50      0.00      0.00      4.00
10:58:26 PM     all     92.23      0.00      2.26      0.00      0.00      1.00      0.25      0.00      0.00      4.26
10:58:27 PM     all     91.79      0.00      1.49      0.00      0.00      1.00      0.50      0.00      0.00      5.22
10:58:28 PM     all     95.50      0.00      1.00      0.00      0.00      0.75      0.50      0.00      0.00      2.25
10:58:29 PM     all     91.00      0.00      1.75      0.00      0.00      1.00      0.25      0.00      0.00      6.00
10:58:30 PM     all     92.96      0.00      1.26      0.00      0.00      0.50      0.25      0.00      0.00      5.03
10:58:31 PM     all     92.54      0.00      2.24      0.00      0.00      1.00      0.50      0.00      0.00      3.73
10:58:32 PM     all     92.17      0.00      1.26      0.00      0.00      0.76      0.51      0.00      0.00      5.30
10:58:33 PM     all     93.77      0.00      2.24      0.00      0.00      1.00      0.25      0.00      0.00      2.74
10:58:34 PM     all     92.25      0.00      2.50      0.00      0.00      0.75      0.50      0.00      0.00      4.00
10:58:35 PM     all     93.52      0.00      1.25      0.00      0.00      1.00      0.25      0.00      0.00      3.99
10:58:36 PM     all     93.73      0.00      1.75      0.00      0.00      0.75      0.50      0.00      0.00      3.26
10:58:37 PM     all     92.98      0.00      2.01      0.00      0.00      1.00      0.50      0.00      0.00      3.51
10:58:38 PM     all     91.94      0.00      1.76      0.00      0.00      1.01      0.25      0.00      0.00      5.04
10:58:39 PM     all     94.47      0.00      1.51      0.00      0.00      0.75      0.50      0.00      0.00      2.76
10:58:40 PM     all     90.75      0.00      2.00      0.00      0.00      1.00      0.50      0.00      0.00      5.75
10:58:41 PM     all     93.22      0.00      2.26      0.00      0.00      0.75      0.25      0.00      0.00      3.52
10:58:42 PM     all     92.25      0.00      2.00      0.00      0.00      1.00      0.50      0.00      0.00      4.25
10:58:43 PM     all     92.98      0.00      2.01      0.00      0.00      0.75      0.25      0.00      0.00      4.01
10:58:44 PM     all     81.59      0.00      2.24      0.00      0.00      1.00      0.50      0.00      0.00     14.68
10:58:45 PM     all      0.25      0.00      0.50      0.00      0.00      0.00      0.00      0.00      0.00     99.25
10:58:46 PM     all      0.25      0.00      0.25      0.00      0.00      0.00      0.00      0.00      0.00     99.50
10:58:47 PM     all      1.75      0.00      0.75      0.00      0.00      0.25      0.25      0.00      0.00     96.99
10:58:48 PM     all     14.11      0.00      1.26      0.00      0.00      0.76      0.50      0.00      0.00     83.38
10:58:49 PM     all     14.21      0.00      2.00      0.00      0.00      0.75      0.25      0.00      0.00     82.79
10:58:50 PM     all     15.04      0.00      1.25      0.00      0.00      0.75      0.50      0.00      0.00     82.46
10:58:51 PM     all     15.40      0.00      1.26      0.00      0.00      0.76      0.51      0.00      0.00     82.07
10:58:52 PM     all     14.93      0.00      1.99      0.00      0.00      0.75      0.50      0.00      0.00     81.84
10:58:53 PM     all     12.28      0.00      1.50      0.00      0.00      0.50      0.50      0.00      0.00     85.21
10:58:54 PM     all     13.07      0.00      1.76      0.00      0.00      0.75      0.25      0.00      0.00     84.17
10:58:55 PM     all     13.74      0.00      1.02      0.00      0.00      0.76      0.51      0.00      0.00     83.97
10:58:56 PM     all     14.54      0.00      1.25      0.25      0.00      0.75      0.50      0.00      0.00     82.71
10:58:57 PM     all     14.21      0.00      1.02      0.00      0.00      0.76      0.51      0.00      0.00     83.50
10:58:58 PM     all     14.61      0.00      1.26      0.00      0.00      0.76      0.25      0.00      0.00     83.12
10:58:59 PM     all     13.74      0.00      1.02      0.00      0.00      0.76      0.51      0.00      0.00     83.97
10:59:00 PM     all     15.37      0.00      2.27      0.00      0.00      0.76      0.50      0.00      0.00     81.11
10:59:01 PM     all     13.38      0.00      2.02      0.00      0.00      0.76      0.51      0.00      0.00     83.33
10:59:02 PM     all     15.46      0.00      1.50      0.00      0.00      0.50      0.50      0.00      0.00     82.04
10:59:03 PM     all     14.93      0.00      1.24      0.00      0.00      1.00      0.50      0.00      0.00     82.34
10:59:04 PM     all     13.89      0.00      1.52      0.00      0.00      0.51      0.25      0.00      0.00     83.84
10:59:05 PM     all     14.32      0.00      1.76      0.00      0.00      0.75      0.50      0.00      0.00     82.66
10:59:06 PM     all     15.04      0.00      1.25      0.00      0.00      0.75      0.50      0.00      0.00     82.46
10:59:07 PM     all     15.00      0.00      1.75      0.00      0.00      0.75      0.50      0.00      0.00     82.00
10:59:08 PM     all     14.57      0.00      1.26      0.00      0.00      0.75      0.50      0.00      0.00     82.91
10:59:09 PM     all     13.99      0.00      1.53      0.00      0.00      0.76      0.25      0.00      0.00     83.46
10:59:10 PM     all     14.79      0.00      1.25      0.00      0.00      0.75      0.50      0.00      0.00     82.71
10:59:11 PM     all     13.67      0.00      1.77      0.25      0.00      0.76      0.51      0.00      0.00     83.04
10:59:12 PM     all     14.61      0.00      1.01      0.00      0.00      0.76      0.50      0.00      0.00     83.12
10:59:13 PM     all     14.68      0.00      1.27      0.00      0.00      0.76      0.25      0.00      0.00     83.04
10:59:14 PM     all     14.11      0.00      1.51      0.00      0.00      0.76      0.50      0.00      0.00     83.12
10:59:15 PM     all     14.57      0.00      1.51      0.00      0.00      0.75      0.50      0.00      0.00     82.66
10:59:16 PM     all     13.96      0.00      1.02      0.00      0.00      0.51      0.51      0.00      0.00     84.01
10:59:17 PM     all     12.69      0.00      4.82      0.00      0.00      0.76      0.25      0.00      0.00     81.47
10:59:18 PM     all     92.02      0.00      3.49      0.00      0.00      1.00      0.50      0.00      0.00      2.99
10:59:19 PM     all     90.23      0.00      2.01      0.00      0.00      0.75      0.50      0.00      0.00      6.52
10:59:20 PM     all     91.23      0.00      1.50      0.00      0.00      1.00      0.25      0.00      0.00      6.02
10:59:21 PM     all     92.25      0.00      1.25      0.00      0.00      1.00      0.50      0.00      0.00      5.00
10:59:22 PM     all     90.20      0.00      3.52      0.00      0.00      0.75      0.50      0.00      0.00      5.03
10:59:23 PM     all     88.00      0.00      1.50      0.00      0.00      1.00      0.25      0.00      0.00      9.25
10:59:24 PM     all     93.73      0.00      3.01      0.00      0.00      0.75      0.50      0.00      0.00      2.01
10:59:25 PM     all     89.78      0.00      2.99      0.00      0.00      1.00      0.25      0.00      0.00      5.99
10:59:26 PM     all     93.95      0.00      2.02      0.00      0.00      0.76      0.50      0.00      0.00      2.77
10:59:27 PM     all     91.96      0.00      2.01      0.00      0.00      1.01      0.50      0.00      0.00      4.52
10:59:28 PM     all     94.50      0.00      2.25      0.00      0.00      0.75      0.25      0.00      0.00      2.25
10:59:29 PM     all     90.70      0.00      1.76      0.00      0.00      1.01      0.50      0.00      0.00      6.03
10:59:30 PM     all     90.05      0.00      2.24      0.00      0.00      1.00      0.50      0.00      0.00      6.22
10:59:31 PM     all     94.47      0.00      2.01      0.00      0.00      0.75      0.25      0.00      0.00      2.51
10:59:32 PM     all     90.80      0.00      1.24      0.00      0.00      1.00      0.50      0.00      0.00      6.47
10:59:33 PM     all     94.50      0.00      2.00      0.00      0.00      1.00      0.25      0.00      0.00      2.25
10:59:34 PM     all     90.75      0.00      2.25      0.00      0.00      0.75      0.50      0.00      0.00      5.75
10:59:35 PM     all     93.02      0.00      1.75      0.00      0.00      0.75      0.50      0.00      0.00      3.99
10:59:36 PM     all     93.50      0.00      3.00      0.00      0.00      1.00      0.25      0.00      0.00      2.25
10:59:37 PM     all     92.96      0.00      2.26      0.00      0.00      0.75      0.50      0.00      0.00      3.52
10:59:38 PM     all     93.27      0.00      1.50      0.00      0.00      1.00      0.50      0.00      0.00      3.74
10:59:39 PM     all     92.48      0.00      1.75      0.00      0.00      1.00      0.25      0.00      0.00      4.51
10:59:40 PM     all     94.25      0.00      2.00      0.00      0.00      0.75      0.50      0.00      0.00      2.50
10:59:41 PM     all     92.29      0.00      1.99      0.00      0.00      1.00      0.25      0.00      0.00      4.48
10:59:42 PM     all     95.73      0.00      1.51      0.00      0.00      0.75      0.50      0.00      0.00      1.51
10:59:43 PM     all     89.03      0.00      2.49      0.00      0.00      1.00      0.50      0.00      0.00      6.98
10:59:44 PM     all     95.02      0.00      2.24      0.00      0.00      0.75      0.25      0.00      0.00      1.74
10:59:45 PM     all     88.09      0.00      2.23      0.00      0.00      0.99      0.50      0.00      0.00      8.19
10:59:46 PM     all     92.98      0.00      2.51      0.00      0.00      0.75      0.25      0.00      0.00      3.51
10:59:47 PM     all     91.00      0.00      1.75      0.00      0.00      1.00      0.50      0.00      0.00      5.75
10:59:48 PM     all      6.55      0.00      0.76      0.00      0.00      0.00      0.00      0.00      0.00     92.70
10:59:49 PM     all      0.00      0.00      0.00      0.00      0.00      0.25      0.00      0.00      0.00     99.75
10:59:50 PM     all      0.00      0.00      0.50      0.00      0.00      0.00      0.25      0.00      0.00     99.25
10:59:51 PM     all     13.67      0.00      1.01      0.00      0.00      0.76      0.25      0.00      0.00     84.30
10:59:52 PM     all     14.39      0.00      1.01      0.00      0.00      0.76      0.51      0.00      0.00     83.33
10:59:53 PM     all     12.44      0.00      1.02      0.00      0.00      0.76      0.51      0.00      0.00     85.28
10:59:54 PM     all     12.59      0.00      1.01      0.00      0.00      0.50      0.50      0.00      0.00     85.39
10:59:55 PM     all     15.96      0.00      1.25      0.00      0.00      0.75      0.25      0.00      0.00     81.80
10:59:56 PM     all     14.71      0.00      1.75      0.00      0.00      0.75      0.50      0.00      0.00     82.29
10:59:57 PM     all     14.36      0.00      1.76      0.00      0.00      0.76      0.50      0.00      0.00     82.62
10:59:58 PM     all     14.82      0.00      1.01      0.00      0.00      0.75      0.50      0.00      0.00     82.91
10:59:59 PM     all     13.67      0.00      1.77      0.00      0.00      0.76      0.51      0.00      0.00     83.29
11:00:00 PM     all     15.66      0.00      3.03      0.00      0.00      0.76      0.25      0.00      0.00     80.30
11:00:01 PM     all     13.32      0.00      1.51      0.00      0.00      0.75      0.50      0.00      0.00     83.92
11:00:02 PM     all     14.86      0.00      1.01      0.00      0.00      0.76      0.50      0.00      0.00     82.87
11:00:03 PM     all     13.67      0.00      1.27      0.00      0.00      0.76      0.51      0.00      0.00     83.80
11:00:04 PM     all     14.25      0.00      1.50      0.00      0.00      0.75      0.25      0.00      0.00     83.25
11:00:05 PM     all     15.02      0.00      2.71      0.00      0.00      0.74      0.49      0.00      0.00     81.03
11:00:06 PM     all     14.68      0.00      2.24      0.25      0.00      0.50      0.50      0.00      0.00     81.84
11:00:07 PM     all     14.46      0.00      2.24      0.00      0.00      1.00      0.50      0.00      0.00     81.80
11:00:08 PM     all     14.79      0.00      1.25      0.00      0.00      0.50      0.50      0.00      0.00     82.96
11:00:09 PM     all     14.86      0.00      1.51      0.00      0.00      0.76      0.25      0.00      0.00     82.62
11:00:10 PM     all     15.04      0.00      1.50      0.00      0.00      0.75      0.50      0.00      0.00     82.21
11:00:11 PM     all     14.57      0.00      1.01      0.25      0.00      0.75      0.50      0.00      0.00     82.91
11:00:12 PM     all     14.57      0.00      1.51      0.00      0.00      0.75      0.50      0.00      0.00     82.66
11:00:13 PM     all     14.86      0.00      1.26      0.00      0.00      0.76      0.50      0.00      0.00     82.62
11:00:14 PM     all     15.04      0.00      1.50      0.00      0.00      0.75      0.25      0.00      0.00     82.46
11:00:15 PM     all     14.54      0.00      1.50      0.00      0.00      0.75      0.75      0.00      0.00     82.46
11:00:16 PM     all     13.92      0.00      1.01      0.00      0.00      0.76      0.25      0.00      0.00     84.05
11:00:17 PM     all     14.43      0.00      1.01      0.00      0.00      0.76      0.51      0.00      0.00     83.29
11:00:18 PM     all     13.67      0.00      1.52      0.00      0.00      0.76      0.51      0.00      0.00     83.54
11:00:19 PM     all     13.67      0.00      1.27      0.00      0.00      0.76      0.51      0.00      0.00     83.80
11:00:20 PM     all     13.85      0.00      1.76      0.00      0.00      0.50      0.25      0.00      0.00     83.63
11:00:21 PM     all     71.75      0.00      7.25      0.00      0.00      1.00      0.50      0.00      0.00     19.50
11:00:22 PM     all     95.50      0.00      3.00      0.00      0.00      0.75      0.50      0.00      0.00      0.25
11:00:23 PM     all     83.96      0.00      2.01      0.00      0.00      1.00      0.25      0.00      0.00     12.78
11:00:24 PM     all     94.51      0.00      1.25      0.00      0.00      1.00      0.50      0.00      0.00      2.74
11:00:25 PM     all     87.78      0.00      2.24      0.00      0.00      0.75      0.50      0.00      0.00      8.73
11:00:26 PM     all     91.21      0.00      2.01      0.00      0.00      1.01      0.25      0.00      0.00      5.53
11:00:27 PM     all     94.29      0.00      2.23      0.00      0.00      0.99      0.50      0.00      0.00      1.99
11:00:28 PM     all     88.72      0.00      2.01      0.00      0.00      0.75      0.50      0.00      0.00      8.02
11:00:29 PM     all     94.50      0.00      2.00      0.00      0.00      1.00      0.50      0.00      0.00      2.00
11:00:30 PM     all     88.00      0.00      2.75      0.00      0.00      0.75      0.25      0.00      0.00      8.25
11:00:31 PM     all     93.52      0.00      2.24      0.00      0.00      1.00      0.50      0.00      0.00      2.74
11:00:32 PM     all     92.23      0.00      1.50      0.00      0.00      0.75      0.50      0.00      0.00      5.01
11:00:33 PM     all     89.78      0.00      2.74      0.00      0.00      1.00      0.25      0.00      0.00      6.23
11:00:34 PM     all     93.52      0.00      2.24      0.00      0.00      0.75      0.50      0.00      0.00      2.99
11:00:35 PM     all     91.98      0.00      2.01      0.00      0.00      1.00      0.25      0.00      0.00      4.76
11:00:36 PM     all     92.27      0.00      2.49      0.00      0.00      0.75      0.50      0.00      0.00      3.99
11:00:37 PM     all     92.27      0.00      2.99      0.00      0.00      1.00      0.50      0.00      0.00      3.24
11:00:38 PM     all     87.97      0.00      3.76      0.00      0.00      0.75      0.25      0.00      0.00      7.27
11:00:39 PM     all     93.47      0.00      2.76      0.00      0.00      1.01      0.50      0.00      0.00      2.26
11:00:40 PM     all     90.77      0.00      2.49      0.00      0.00      1.00      0.50      0.00      0.00      5.24
11:00:41 PM     all     89.22      0.00      2.01      0.25      0.00      0.75      0.25      0.00      0.00      7.52
11:00:42 PM     all     91.73      0.00      3.01      0.00      0.00      1.00      0.50      0.00      0.00      3.76
11:00:43 PM     all     88.12      0.00      3.22      0.00      0.00      0.99      0.50      0.00      0.00      7.18
11:00:44 PM     all     90.91      0.00      3.03      0.00      0.00      0.76      0.25      0.00      0.00      5.05
11:00:45 PM     all     88.25      0.00      3.25      0.00      0.00      1.00      0.50      0.00      0.00      7.00
11:00:46 PM     all     92.75      0.00      3.50      0.00      0.00      0.75      0.25      0.00      0.00      2.75
11:00:47 PM     all     88.56      0.00      3.73      0.00      0.00      1.00      0.50      0.00      0.00      6.22
11:00:48 PM     all     92.73      0.00      4.01      0.00      0.00      0.75      0.50      0.00      0.00      2.01
11:00:49 PM     all     88.97      0.00      4.26      0.00      0.00      0.75      0.25      0.00      0.00      5.76
11:00:50 PM     all     91.56      0.00      3.47      0.00      0.00      0.99      0.50      0.00      0.00      3.47
11:00:51 PM     all     36.11      0.00      2.02      0.00      0.00      0.25      0.00      0.00      0.00     61.62
11:00:52 PM     all      0.25      0.00      0.50      0.00      0.00      0.25      0.25      0.00      0.00     98.76
11:00:53 PM     all      0.00      0.00      0.50      0.00      0.00      0.00      0.00      0.00      0.00     99.50
11:00:54 PM     all      9.77      0.00      1.75      0.00      0.00      0.75      0.25      0.00      0.00     87.47
11:00:55 PM     all     14.43      0.00      2.74      0.00      0.00      0.50      0.50      0.00      0.00     81.84
11:00:56 PM     all     14.60      0.00      2.72      0.00      0.00      0.74      0.50      0.00      0.00     81.44
11:00:57 PM     all     14.00      0.00      2.50      0.00      0.00      0.75      0.50      0.00      0.00     82.25
11:00:58 PM     all     13.93      0.00      2.74      0.00      0.00      0.75      0.50      0.00      0.00     82.09
11:00:59 PM     all     14.39      0.00      2.98      0.00      0.00      0.74      0.25      0.00      0.00     81.64
11:01:00 PM     all     15.10      0.00      3.96      0.00      0.00      0.74      0.50      0.00      0.00     79.70
11:01:01 PM     all     13.22      0.00      2.49      0.25      0.00      0.75      0.50      0.00      0.00     82.79
11:01:02 PM     all     14.46      0.00      2.49      0.00      0.00      0.75      0.50      0.00      0.00     81.80
11:01:03 PM     all     14.39      0.00      2.48      0.00      0.00      0.74      0.50      0.00      0.00     81.89
11:01:04 PM     all     14.00      0.00      2.75      0.00      0.00      0.75      0.50      0.00      0.00     82.00
11:01:05 PM     all     15.40      0.00      2.69      0.00      0.00      0.73      0.49      0.00      0.00     80.68
11:01:06 PM     all     14.64      0.00      2.73      0.00      0.00      0.74      0.50      0.00      0.00     81.39
11:01:07 PM     all     14.14      0.00      2.98      0.00      0.00      0.74      0.50      0.00      0.00     81.64
11:01:08 PM     all     14.57      0.00      2.96      0.00      0.00      0.74      0.49      0.00      0.00     81.23
11:01:09 PM     all     14.25      0.00      2.00      0.00      0.00      0.75      0.50      0.00      0.00     82.50
11:01:10 PM     all     13.97      0.00      2.74      0.00      0.00      0.75      0.50      0.00      0.00     82.04
11:01:11 PM     all     14.11      0.00      2.97      0.25      0.00      0.74      0.50      0.00      0.00     81.44
11:01:12 PM     all     14.81      0.00      2.96      0.00      0.00      0.74      0.49      0.00      0.00     80.99
11:01:13 PM     all     13.50      0.00      3.25      0.00      0.00      0.50      0.50      0.00      0.00     82.25
11:01:14 PM     all     14.43      0.00      1.99      0.00      0.00      1.00      0.50      0.00      0.00     82.09
11:01:15 PM     all     14.43      0.00      2.74      0.00      0.00      0.50      0.50      0.00      0.00     81.84
11:01:16 PM     all     12.94      0.00      2.74      0.00      0.00      0.75      0.25      0.00      0.00     83.33
11:01:17 PM     all     14.00      0.00      2.50      0.00      0.00      0.75      0.50      0.00      0.00     82.25
11:01:18 PM     all     13.83      0.00      3.70      0.00      0.00      0.74      0.49      0.00      0.00     81.23
11:01:19 PM     all     14.71      0.00      2.94      0.00      0.00      0.74      0.49      0.00      0.00     81.13
11:01:20 PM     all     14.60      0.00      2.97      0.00      0.00      0.74      0.74      0.00      0.00     80.94
11:01:21 PM     all     14.89      0.00      2.23      0.00      0.00      0.74      0.50      0.00      0.00     81.64
11:01:22 PM     all     13.55      0.00      2.71      0.00      0.00      0.74      0.49      0.00      0.00     82.51
11:01:23 PM     all     14.50      0.00      2.70      0.00      0.00      0.74      0.25      0.00      0.00     81.82
11:01:24 PM     all     54.14      0.00      8.02      0.00      0.00      0.75      0.50      0.00      0.00     36.59
11:01:25 PM     all     96.25      0.00      2.50      0.00      0.00      0.75      0.50      0.00      0.00      0.00
11:01:26 PM     all     83.71      0.00      2.26      0.25      0.00      1.00      0.50      0.00      0.00     12.28
11:01:27 PM     all     94.97      0.00      3.52      0.00      0.00      1.01      0.25      0.00      0.00      0.25
11:01:28 PM     all     87.56      0.00      1.74      0.00      0.00      0.75      0.50      0.00      0.00      9.45
11:01:29 PM     all     92.25      0.00      2.25      0.00      0.00      1.00      0.50      0.00      0.00      4.00
11:01:30 PM     all     92.48      0.00      2.51      0.00      0.00      1.00      0.25      0.00      0.00      3.76
11:01:31 PM     all     92.52      0.00      2.49      0.00      0.00      0.75      0.50      0.00      0.00      3.74
11:01:32 PM     all     92.98      0.00      2.01      0.00      0.00      0.75      0.50      0.00      0.00      3.76
11:01:33 PM     all     92.79      0.00      2.49      0.00      0.00      1.00      0.25      0.00      0.00      3.48
11:01:34 PM     all     92.00      0.00      2.00      0.00      0.00      1.00      0.50      0.00      0.00      4.50
11:01:35 PM     all     93.16      0.00      1.27      0.00      0.00      0.76      0.25      0.00      0.00      4.56
11:01:36 PM     all     92.25      0.00      1.50      0.00      0.00      1.00      0.50      0.00      0.00      4.75
11:01:37 PM     all     94.53      0.00      1.74      0.00      0.00      0.75      0.50      0.00      0.00      2.49
11:01:38 PM     all     92.23      0.00      2.51      0.00      0.00      1.00      0.25      0.00      0.00      4.01
11:01:39 PM     all     91.50      0.00      2.00      0.00      0.00      0.75      0.50      0.00      0.00      5.25
11:01:40 PM     all     93.27      0.00      1.75      0.00      0.00      1.00      0.50      0.00      0.00      3.49
11:01:41 PM     all     88.97      0.00      3.26      0.00      0.00      0.75      0.25      0.00      0.00      6.77
11:01:42 PM     all     94.24      0.00      1.50      0.00      0.00      1.00      0.50      0.00      0.00      2.76
11:01:43 PM     all     93.98      0.00      2.26      0.00      0.00      1.00      0.50      0.00      0.00      2.26
11:01:44 PM     all     91.71      0.00      2.26      0.00      0.00      0.75      0.25      0.00      0.00      5.03
11:01:45 PM     all     92.54      0.00      2.49      0.00      0.00      1.00      0.50      0.00      0.00      3.48
11:01:46 PM     all     92.71      0.00      2.26      0.00      0.00      0.75      0.50      0.00      0.00      3.77
11:01:47 PM     all     93.03      0.00      1.74      0.00      0.00      1.00      0.50      0.00      0.00      3.73
11:01:48 PM     all     92.21      0.00      2.51      0.00      0.00      1.01      0.25      0.00      0.00      4.02
11:01:49 PM     all     93.23      0.00      1.75      0.00      0.00      0.75      0.50      0.00      0.00      3.76
11:01:50 PM     all     92.77      0.00      2.00      0.00      0.00      1.00      0.25      0.00      0.00      3.99
11:01:51 PM     all     92.71      0.00      1.26      0.00      0.00      0.75      0.50      0.00      0.00      4.77
11:01:52 PM     all     93.73      0.00      2.01      0.00      0.00      1.00      0.50      0.00      0.00      2.76
11:01:53 PM     all     92.42      0.00      1.77      0.00      0.00      0.76      0.25      0.00      0.00      4.80
11:01:54 PM     all     49.50      0.00      0.75      0.00      0.00      0.50      0.25      0.00      0.00     49.00
11:01:55 PM     all      0.00      0.00      0.00      0.00      0.00      0.00      0.00      0.00      0.00    100.00
11:01:56 PM     all      0.50      0.00      0.25      0.00      0.00      0.00      0.25      0.00      0.00     99.00
11:01:57 PM     all      8.02      0.00      0.75      0.00      0.00      0.50      0.25      0.00      0.00     90.48
11:01:58 PM     all     14.07      0.00      1.51      0.00      0.00      0.75      0.50      0.00      0.00     83.17
11:01:59 PM     all     14.07      0.00      1.76      0.00      0.00      0.75      0.50      0.00      0.00     82.91
11:02:00 PM     all     15.25      0.00      2.75      0.00      0.00      0.75      0.50      0.00      0.00     80.75
11:02:01 PM     all     12.34      0.00      1.51      0.25      0.00      0.50      0.50      0.00      0.00     84.89
11:02:02 PM     all     13.82      0.00      2.01      0.00      0.00      1.01      0.50      0.00      0.00     82.66
11:02:03 PM     all     13.57      0.00      1.51      0.00      0.00      0.50      0.50      0.00      0.00     83.92
11:02:04 PM     all     12.63      0.00      1.52      0.00      0.00      0.76      0.25      0.00      0.00     84.85
11:02:05 PM     all     13.78      0.00      2.51      0.00      0.00      0.75      0.50      0.00      0.00     82.46
11:02:06 PM     all     13.57      0.00      1.76      0.00      0.00      0.75      0.50      0.00      0.00     83.42
11:02:07 PM     all     13.64      0.00      1.01      0.00      0.00      0.51      0.51      0.00      0.00     84.34
11:02:08 PM     all     13.23      0.00      1.27      0.00      0.00      0.76      0.25      0.00      0.00     84.48
11:02:09 PM     all     13.93      0.00      1.49      0.00      0.00      0.75      0.50      0.00      0.00     83.33
11:02:10 PM     all     13.60      0.00      1.26      0.00      0.00      0.76      0.50      0.00      0.00     83.88
11:02:11 PM     all     13.82      0.00      1.26      0.25      0.00      0.50      0.50      0.00      0.00     83.67
11:02:12 PM     all     13.85      0.00      1.26      0.00      0.00      0.76      0.50      0.00      0.00     83.63
11:02:13 PM     all     13.89      0.00      1.01      0.00      0.00      0.76      0.51      0.00      0.00     83.84
11:02:14 PM     all     14.29      0.00      1.50      0.00      0.00      0.75      0.50      0.00      0.00     82.96
11:02:15 PM     all     14.00      0.00      2.50      0.00      0.00      0.75      0.25      0.00      0.00     82.50
11:02:16 PM     all     13.53      0.00      1.75      0.00      0.00      0.75      0.50      0.00      0.00     83.46
11:02:17 PM     all     14.65      0.00      1.01      0.00      0.00      0.76      0.51      0.00      0.00     83.08
11:02:18 PM     all     13.53      0.00      2.01      0.00      0.00      0.75      0.50      0.00      0.00     83.21
11:02:19 PM     all     14.43      0.00      1.27      0.00      0.00      0.51      0.51      0.00      0.00     83.29
11:02:20 PM     all     15.25      0.00      1.50      0.00      0.00      0.75      0.25      0.00      0.00     82.25
11:02:21 PM     all     14.54      0.00      1.75      0.25      0.00      0.75      0.50      0.00      0.00     82.21
11:02:22 PM     all     13.96      0.00      1.52      0.00      0.00      0.76      0.51      0.00      0.00     83.25
11:02:23 PM     all     14.11      0.00      1.26      0.00      0.00      0.76      0.50      0.00      0.00     83.38
11:02:24 PM     all     10.83      0.00      0.76      0.00      0.00      0.76      0.25      0.00      0.00     87.41
11:02:25 PM     all     15.59      0.00      1.49      0.00      0.00      0.50      0.50      0.00      0.00     81.93
11:02:26 PM     all     11.81      0.00      1.51      0.00      0.00      0.75      0.25      0.00      0.00     85.68
11:02:27 PM     all     41.46      0.00      6.53      0.00      0.00      0.75      0.50      0.00      0.00     50.75
11:02:28 PM     all     95.76      0.00      2.74      0.00      0.00      1.00      0.50      0.00      0.00      0.00
11:02:29 PM     all     84.89      0.00      1.51      0.00      0.00      0.76      0.25      0.00      0.00     12.59
11:02:30 PM     all     96.77      0.00      1.74      0.00      0.00      1.00      0.50      0.00      0.00      0.00
11:02:31 PM     all     87.66      0.00      1.01      0.00      0.00      0.76      0.25      0.00      0.00     10.33
11:02:32 PM     all     92.00      0.00      2.25      0.00      0.00      0.75      0.50      0.00      0.00      4.50
11:02:33 PM     all     92.48      0.00      1.75      0.00      0.00      1.00      0.25      0.00      0.00      4.51
11:02:34 PM     all     91.96      0.00      2.01      0.00      0.00      0.75      0.50      0.00      0.00      4.77
11:02:35 PM     all     92.79      0.00      1.99      0.00      0.00      0.75      0.25      0.00      0.00      4.23
11:02:36 PM     all     91.23      0.00      2.26      0.00      0.00      1.00      0.50      0.00      0.00      5.01
11:02:37 PM     all     92.48      0.00      2.26      0.00      0.00      0.75      0.25      0.00      0.00      4.26
11:02:38 PM     all     91.54      0.00      1.49      0.00      0.00      1.00      0.50      0.00      0.00      5.47
11:02:39 PM     all     88.75      0.00      3.00      0.00      0.00      0.75      0.50      0.00      0.00      7.00
11:02:40 PM     all     94.21      0.00      1.51      0.00      0.00      1.01      0.25      0.00      0.00      3.02
11:02:41 PM     all     91.27      0.00      2.00      0.00      0.00      0.75      0.50      0.00      0.00      5.49
11:02:42 PM     all     92.70      0.00      2.02      0.00      0.00      1.01      0.25      0.00      0.00      4.03
11:02:43 PM     all     93.50      0.00      2.00      0.00      0.00      0.75      0.50      0.00      0.00      3.25
11:02:44 PM     all     87.81      0.00      2.74      0.00      0.00      1.00      0.50      0.00      0.00      7.96
11:02:45 PM     all     94.26      0.00      1.75      0.00      0.00      1.00      0.25      0.00      0.00      2.74
11:02:46 PM     all     92.48      0.00      2.01      0.00      0.00      0.75      0.50      0.00      0.00      4.26
11:02:47 PM     all     92.56      0.00      2.48      0.00      0.00      0.74      0.25      0.00      0.00      3.97
11:02:48 PM     all     88.72      0.00      0.50      0.00      0.00      0.50      0.25      0.00      0.00     10.03
11:02:49 PM     all     94.22      0.00      1.01      0.00      0.00      0.75      0.25      0.00      0.00      3.77
11:02:50 PM     all     89.50      0.00      3.00      0.00      0.00      1.00      0.50      0.00      0.00      6.00
11:02:51 PM     all     92.98      0.00      1.75      0.00      0.00      1.00      0.50      0.00      0.00      3.76
11:02:52 PM     all     91.23      0.00      2.01      0.00      0.00      0.75      0.25      0.00      0.00      5.76
11:02:53 PM     all     91.04      0.00      2.74      0.00      0.00      1.00      0.50      0.00      0.00      4.73
11:02:54 PM     all     92.96      0.00      1.51      0.00      0.00      0.75      0.25      0.00      0.00      4.52
11:02:55 PM     all     90.52      0.00      2.00      0.00      0.00      0.75      0.50      0.00      0.00      6.23
11:02:56 PM     all     92.75      0.00      2.25      0.00      0.00      1.00      0.50      0.00      0.00      3.50
11:02:57 PM     all     72.61      0.00      1.51      0.00      0.00      0.50      0.25      0.00      0.00     25.13
11:02:58 PM     all      0.00      0.00      0.50      0.00      0.00      0.25      0.00      0.00      0.00     99.25
11:02:59 PM     all      0.25      0.00      0.25      0.00      0.00      0.00      0.00      0.00      0.00     99.50
11:03:00 PM     all      6.25      0.00      1.75      0.00      0.00      0.25      0.25      0.00      0.00     91.50
11:03:01 PM     all     13.50      0.00      1.75      0.00      0.00      0.75      0.50      0.00      0.00     83.50
11:03:02 PM     all     13.92      0.00      1.77      0.00      0.00      0.76      0.25      0.00      0.00     83.29
11:03:03 PM     all     13.89      0.00      1.26      0.00      0.00      0.76      0.51      0.00      0.00     83.59
11:03:04 PM     all     13.20      0.00      1.52      0.00      0.00      0.76      0.51      0.00      0.00     84.01
11:03:05 PM     all     13.78      0.00      1.02      0.00      0.00      0.77      0.51      0.00      0.00     83.93
11:03:06 PM     all     13.71      0.00      1.02      0.25      0.00      0.51      0.51      0.00      0.00     84.01
11:03:07 PM     all     14.50      0.00      2.25      0.00      0.00      0.75      0.25      0.00      0.00     82.25
11:03:08 PM     all     14.57      0.00      1.51      0.00      0.00      0.75      0.50      0.00      0.00     82.66
11:03:09 PM     all     14.96      0.00      1.50      0.00      0.00      0.75      0.50      0.00      0.00     82.29
11:03:10 PM     all     13.64      0.00      1.77      0.00      0.00      0.76      0.51      0.00      0.00     83.33
11:03:11 PM     all     13.22      0.00      1.00      0.00      0.00      0.75      0.25      0.00      0.00     84.79
11:03:12 PM     all      0.50      0.00      0.75      0.00      0.00      0.00      0.25      0.00      0.00     98.50
11:03:13 PM     all      2.78      0.00      0.25      0.00      0.00      0.25      0.00      0.00      0.00     96.72
11:03:14 PM     all      2.76      0.00      0.50      0.00      0.00      0.25      0.25      0.00      0.00     96.24
11:03:15 PM     all      2.53      0.00      0.25      0.00      0.00      0.25      0.00      0.00      0.00     96.97
11:03:16 PM     all      2.99      0.00      0.75      0.00      0.00      0.25      0.25      0.00      0.00     95.77
11:03:17 PM     all      3.27      0.00      0.50      0.00      0.00      0.25      0.25      0.00      0.00     95.73
11:03:18 PM     all      2.51      0.00      0.75      0.00      0.00      0.25      0.00      0.00      0.00     96.48
11:03:19 PM     all      3.27      0.00      0.50      0.00      0.00      0.25      0.25      0.00      0.00     95.73
11:03:20 PM     all      9.52      0.00      1.25      0.00      0.00      0.75      0.25      0.00      0.00     88.22
11:03:21 PM     all      9.48      0.00      0.75      0.00      0.00      0.50      0.50      0.00      0.00     88.78
11:03:22 PM     all      8.38      0.00      1.02      0.00      0.00      0.51      0.25      0.00      0.00     89.85
11:03:23 PM     all      8.61      0.00      0.76      0.00      0.00      0.51      0.25      0.00      0.00     89.87
11:03:24 PM     all      6.58      0.00      0.76      0.00      0.00      0.25      0.25      0.00      0.00     92.15
11:03:25 PM     all      8.79      0.00      1.01      0.00      0.00      0.50      0.25      0.00      0.00     89.45
11:03:26 PM     all      5.29      0.00      0.76      0.25      0.00      0.50      0.25      0.00      0.00     92.95
11:03:27 PM     all      6.22      0.00      1.49      0.00      0.00      0.25      0.25      0.00      0.00     91.79
11:03:28 PM     all      7.83      0.00      0.76      0.00      0.00      0.51      0.25      0.00      0.00     90.66
11:03:29 PM     all      9.02      0.00      1.25      0.00      0.00      0.50      0.25      0.00      0.00     88.97
11:03:30 PM     all     19.35      0.00      6.53      0.00      0.00      0.50      0.25      0.00      0.00     73.37
11:03:31 PM     all     98.50      0.00      0.75      0.00      0.00      0.50      0.25      0.00      0.00      0.00
11:03:32 PM     all     82.46      0.00      1.25      0.00      0.00      0.50      0.25      0.00      0.00     15.54
11:03:33 PM     all     97.26      0.00      1.75      0.00      0.00      0.75      0.25      0.00      0.00      0.00
11:03:34 PM     all     83.29      0.00      1.50      0.00      0.00      0.50      0.25      0.00      0.00     14.46
11:03:35 PM     all     93.00      0.00      1.25      0.00      0.00      0.75      0.25      0.00      0.00      4.75
11:03:36 PM     all     90.80      0.00      1.49      0.00      0.00      0.75      0.50      0.00      0.00      6.47
11:03:37 PM     all     92.42      0.00      1.01      0.00      0.00      0.51      0.25      0.00      0.00      5.81
11:03:38 PM     all     91.27      0.00      1.25      0.00      0.00      0.75      0.25      0.00      0.00      6.48
11:03:39 PM     all     90.93      0.00      1.51      0.00      0.00      0.76      0.25      0.00      0.00      6.55
11:03:40 PM     all     89.75      0.00      1.25      0.00      0.00      0.50      0.25      0.00      0.00      8.25
11:03:41 PM     all     91.25      0.00      2.00      0.00      0.00      0.75      0.50      0.00      0.00      5.50
11:03:42 PM     all     87.28      0.00      1.50      0.00      0.00      0.75      0.25      0.00      0.00     10.22
11:03:43 PM     all     93.27      0.00      1.50      0.00      0.00      0.75      0.25      0.00      0.00      4.24
11:03:44 PM     all     92.00      0.00      1.00      0.00      0.00      0.50      0.25      0.00      0.00      6.25
11:03:45 PM     all     93.53      0.00      0.75      0.00      0.00      0.75      0.25      0.00      0.00      4.73
11:03:46 PM     all     91.18      0.00      1.01      0.00      0.00      0.50      0.25      0.00      0.00      7.05
11:03:47 PM     all     89.45      0.00      0.75      0.00      0.00      0.75      0.50      0.00      0.00      8.54
11:03:48 PM     all     91.25      0.00      0.75      0.00      0.00      0.75      0.25      0.00      0.00      7.00
11:03:49 PM     all     94.96      0.00      1.01      0.00      0.00      0.50      0.25      0.00      0.00      3.27
11:03:50 PM     all     90.30      0.00      1.24      0.00      0.00      0.75      0.25      0.00      0.00      7.46
11:03:51 PM     all     95.75      0.00      1.50      0.00      0.00      0.75      0.25      0.00      0.00      1.75
11:03:52 PM     all     90.25      0.00      1.00      0.00      0.00      0.50      0.25      0.00      0.00      8.00
11:03:53 PM     all     90.50      0.00      1.50      0.00      0.00      0.75      0.25      0.00      0.00      7.00
11:03:54 PM     all     92.73      0.00      0.75      0.00      0.00      0.50      0.25      0.00      0.00      5.76
11:03:55 PM     all     89.28      0.00      1.00      0.00      0.00      0.75      0.25      0.00      0.00      8.73
11:03:56 PM     all     92.75      0.00      1.25      0.00      0.00      0.50      0.50      0.00      0.00      5.00
11:03:57 PM     all     87.22      0.00      1.00      0.00      0.00      0.50      0.25      0.00      0.00     11.03
11:03:58 PM     all     94.46      0.00      1.01      0.00      0.00      0.76      0.25      0.00      0.00      3.53
11:03:59 PM     all     91.52      0.00      1.00      0.00      0.00      0.75      0.25      0.00      0.00      6.48
11:04:00 PM     all     82.66      0.00      1.51      0.00      0.00      0.50      0.25      0.00      0.00     15.08
11:04:01 PM     all      1.25      0.00      0.50      0.00      0.00      0.25      0.00      0.00      0.00     97.99
11:04:02 PM     all      0.00      0.00      0.25      0.00      0.00      0.00      0.25      0.00      0.00     99.50
11:04:03 PM     all      0.25      0.00      0.25      0.00      0.00      0.25      0.00      0.00      0.00     99.25
11:04:04 PM     all     10.50      0.00      1.75      0.00      0.00      0.50      0.25      0.00      0.00     87.00
11:04:05 PM     all      9.20      0.00      1.49      0.00      0.00      0.50      0.50      0.00      0.00     88.31
11:04:06 PM     all      9.00      0.00      1.75      0.25      0.00      0.50      0.25      0.00      0.00     88.25
11:04:07 PM     all      9.52      0.00      1.00      0.00      0.00      0.50      0.50      0.00      0.00     88.47
11:04:08 PM     all      8.14      0.00      0.51      0.00      0.00      0.51      0.25      0.00      0.00     90.59
11:04:09 PM     all      9.52      0.00      1.00      0.00      0.00      0.75      0.25      0.00      0.00     88.47
11:04:10 PM     all      8.33      0.00      1.26      0.00      0.00      0.25      0.25      0.00      0.00     89.90
11:04:11 PM     all      9.77      0.00      1.00      0.00      0.00      0.75      0.50      0.00      0.00     87.97
11:04:12 PM     all     10.10      0.00      0.76      0.00      0.00      0.51      0.25      0.00      0.00     88.38
11:04:13 PM     all      9.62      0.00      0.76      0.00      0.00      0.51      0.25      0.00      0.00     88.86
11:04:14 PM     all      9.75      0.00      1.25      0.00      0.00      0.50      0.25      0.00      0.00     88.25
11:04:15 PM     all      9.37      0.00      0.76      0.00      0.00      0.51      0.51      0.00      0.00     88.86
11:04:16 PM     all      8.27      0.00      1.25      0.00      0.00      0.50      0.25      0.00      0.00     89.72
11:04:17 PM     all      9.37      0.00      0.51      0.00      0.00      0.51      0.25      0.00      0.00     89.37
11:04:18 PM     all      8.75      0.00      1.25      0.00      0.00      0.50      0.25      0.00      0.00     89.25
11:04:19 PM     all      7.98      0.00      1.75      0.00      0.00      0.50      0.50      0.00      0.00     89.28
11:04:20 PM     all      9.55      0.00      0.50      0.00      0.00      0.50      0.25      0.00      0.00     89.20
11:04:21 PM     all      9.50      0.00      1.50      0.00      0.00      0.50      0.25      0.00      0.00     88.25
11:04:22 PM     all      9.09      0.00      0.76      0.00      0.00      0.51      0.25      0.00      0.00     89.39
11:04:23 PM     all      9.80      0.00      0.75      0.00      0.00      0.50      0.50      0.00      0.00     88.44
11:04:24 PM     all      6.27      0.00      1.50      0.00      0.00      0.50      0.25      0.00      0.00     91.48
11:04:25 PM     all      9.60      0.00      1.01      0.00      0.00      0.51      0.25      0.00      0.00     88.64
11:04:26 PM     all      9.52      0.00      1.25      0.25      0.00      0.50      0.25      0.00      0.00     88.22
11:04:27 PM     all      7.27      0.00      1.00      0.00      0.00      0.50      0.25      0.00      0.00     90.98
11:04:28 PM     all      9.55      0.00      1.01      0.00      0.00      0.50      0.50      0.00      0.00     88.44
11:04:29 PM     all      9.60      0.00      0.51      0.00      0.00      0.76      0.25      0.00      0.00     88.89
11:04:30 PM     all      9.50      0.00      1.25      0.00      0.00      0.25      0.25      0.00      0.00     88.75
11:04:31 PM     all      9.62      0.00      0.51      0.00      0.00      0.76      0.25      0.00      0.00     88.86
11:04:32 PM     all      9.07      0.00      1.01      0.00      0.00      0.50      0.50      0.00      0.00     88.92
11:04:33 PM     all      9.77      0.00      1.00      0.00      0.00      0.50      0.25      0.00      0.00     88.47
11:04:34 PM     all     72.61      0.00      7.04      0.00      0.00      0.50      0.25      0.00      0.00     19.60
11:04:35 PM     all     95.01      0.00      1.25      0.00      0.00      1.00      0.25      0.00      0.00      2.49
11:04:36 PM     all     84.21      0.00      1.75      0.00      0.00      0.50      0.50      0.00      0.00     13.03
11:04:37 PM     all     89.67      0.00      2.27      0.00      0.00      0.76      0.25      0.00      0.00      7.05
11:04:38 PM     all     91.25      0.00      1.50      0.00      0.00      0.75      0.25      0.00      0.00      6.25
11:04:39 PM     all     87.25      0.00      2.25      0.00      0.00      0.75      0.50      0.00      0.00      9.25
11:04:40 PM     all     95.75      0.00      2.75      0.00      0.00      1.00      0.50      0.00      0.00      0.00
11:04:41 PM     all     86.57      0.00      2.24      0.00      0.00      1.00      0.25      0.00      0.00      9.95
11:04:42 PM     all     97.24      0.00      1.51      0.00      0.00      0.75      0.50      0.00      0.00      0.00
11:04:43 PM     all     87.03      0.00      1.50      0.00      0.00      1.00      0.50      0.00      0.00      9.98
11:04:44 PM     all     94.24      0.00      2.76      0.00      0.00      1.00      0.25      0.00      0.00      1.75
11:04:45 PM     all     89.92      0.00      2.77      0.00      0.00      0.76      0.50      0.00      0.00      6.05
11:04:46 PM     all     93.75      0.00      2.00      0.00      0.00      1.00      0.50      0.00      0.00      2.75
11:04:47 PM     all     93.22      0.00      1.76      0.00      0.00      0.75      0.25      0.00      0.00      4.02
11:04:48 PM     all     90.02      0.00      2.24      0.00      0.00      1.00      0.50      0.00      0.00      6.23
11:04:49 PM     all     92.73      0.00      2.76      0.00      0.00      1.00      0.25      0.00      0.00      3.26
11:04:50 PM     all     89.20      0.00      2.76      0.25      0.00      0.75      0.50      0.00      0.00      6.53
11:04:51 PM     all     91.48      0.00      3.01      0.00      0.00      1.00      0.50      0.00      0.00      4.01
11:04:52 PM     all     94.47      0.00      2.51      0.00      0.00      0.75      0.25      0.00      0.00      2.01
11:04:53 PM     all     91.18      0.00      2.52      0.00      0.00      1.01      0.50      0.00      0.00      4.79
11:04:54 PM     all     94.49      0.00      2.26      0.00      0.00      0.75      0.25      0.00      0.00      2.26
11:04:55 PM     all     87.25      0.00      3.00      0.00      0.00      1.00      0.50      0.00      0.00      8.25
11:04:56 PM     all     94.47      0.00      2.76      0.00      0.00      0.75      0.50      0.00      0.00      1.51
11:04:57 PM     all     89.28      0.00      4.24      0.00      0.00      1.00      0.25      0.00      0.00      5.24
11:04:58 PM     all     91.77      0.00      4.24      0.00      0.00      1.00      0.50      0.00      0.00      2.49
11:04:59 PM     all     89.97      0.00      4.01      0.00      0.00      0.75      0.50      0.00      0.00      4.76
11:05:00 PM     all     92.50      0.00      3.50      0.00      0.00      1.00      0.25      0.00      0.00      2.75
11:05:01 PM     all     91.02      0.00      3.99      0.00      0.00      1.00      0.50      0.00      0.00      3.49
11:05:02 PM     all     90.48      0.00      4.01      0.00      0.00      0.75      0.50      0.00      0.00      4.26
11:05:03 PM     all     91.46      0.00      3.77      0.00      0.00      1.01      0.25      0.00      0.00      3.52
11:05:04 PM     all     38.69      0.00      2.01      0.00      0.00      0.25      0.25      0.00      0.00     58.79
11:05:05 PM     all      0.00      0.00      0.50      0.00      0.00      0.25      0.00      0.00      0.00     99.25
11:05:06 PM     all      0.25      0.00      0.25      0.00      0.00      0.00      0.00      0.00      0.00     99.50
11:05:07 PM     all     10.95      0.00      1.99      0.00      0.00      0.50      0.50      0.00      0.00     86.07
11:05:08 PM     all     14.54      0.00      1.75      0.00      0.00      0.75      0.50      0.00      0.00     82.46
11:05:09 PM     all     14.79      0.00      1.75      0.00      0.00      0.75      0.25      0.00      0.00     82.46
11:05:10 PM     all     15.02      0.00      2.96      0.00      0.00      0.74      0.49      0.00      0.00     80.79
11:05:11 PM     all     14.43      0.00      2.74      0.00      0.00      0.75      0.50      0.00      0.00     81.59
11:05:12 PM     all     14.68      0.00      2.49      0.00      0.00      0.75      0.50      0.00      0.00     81.59
11:05:13 PM     all     14.36      0.00      1.76      0.00      0.00      0.76      0.50      0.00      0.00     82.62
11:05:14 PM     all     14.68      0.00      2.24      0.00      0.00      0.75      0.50      0.00      0.00     81.84
11:05:15 PM     all     13.97      0.00      2.74      0.00      0.00      0.75      0.50      0.00      0.00     82.04
11:05:16 PM     all     12.97      0.00      2.49      0.25      0.00      0.75      0.25      0.00      0.00     83.29
11:05:17 PM     all     14.21      0.00      2.00      0.00      0.00      0.75      0.50      0.00      0.00     82.54
11:05:18 PM     all     13.43      0.00      2.24      0.00      0.00      0.75      0.50      0.00      0.00     83.08
11:05:19 PM     all     13.50      0.00      2.50      0.00      0.00      0.50      0.50      0.00      0.00     83.00
11:05:20 PM     all     14.14      0.00      2.27      0.00      0.00      0.76      0.25      0.00      0.00     82.58
11:05:21 PM     all     14.74      0.00      3.19      0.00      0.00      0.74      0.49      0.00      0.00     80.84
11:05:22 PM     all     13.53      0.00      2.76      0.00      0.00      0.75      0.50      0.00      0.00     82.46
11:05:23 PM     all     15.44      0.00      2.94      0.00      0.00      0.74      0.49      0.00      0.00     80.39
11:05:24 PM     all     11.03      0.00      2.01      0.00      0.00      0.75      0.50      0.00      0.00     85.71
11:05:25 PM     all     14.36      0.00      2.97      0.00      0.00      0.74      0.25      0.00      0.00     81.68
11:05:26 PM     all     15.02      0.00      2.96      0.00      0.00      0.74      0.49      0.00      0.00     80.79
11:05:27 PM     all     13.93      0.00      2.99      0.00      0.00      0.75      0.50      0.00      0.00     81.84
11:05:28 PM     all     14.07      0.00      3.21      0.00      0.00      0.74      0.49      0.00      0.00     81.48
11:05:29 PM     all     13.47      0.00      2.99      0.00      0.00      0.75      0.50      0.00      0.00     82.29
11:05:30 PM     all      8.15      0.00      2.47      0.00      0.00      0.49      0.25      0.00      0.00     88.64
11:05:31 PM     all      5.94      0.00      2.23      0.25      0.00      0.25      0.25      0.00      0.00     91.09
11:05:32 PM     all      6.47      0.00      2.24      0.00      0.00      0.50      0.25      0.00      0.00     90.55
11:05:33 PM     all      6.00      0.00      2.25      0.00      0.00      0.50      0.25      0.00      0.00     91.00
11:05:34 PM     all      7.41      0.00      1.98      0.00      0.00      0.49      0.49      0.00      0.00     89.63
11:05:35 PM     all      7.41      0.00      2.47      0.00      0.00      0.25      0.25      0.00      0.00     89.63
11:05:36 PM     all      7.41      0.00      2.72      0.00      0.00      0.49      0.25      0.00      0.00     89.14
11:05:37 PM     all     40.45      0.00      7.20      0.00      0.00      0.50      0.25      0.00      0.00     51.61
11:05:38 PM     all     97.00      0.00      2.00      0.00      0.00      0.75      0.25      0.00      0.00      0.00
11:05:39 PM     all     82.79      0.00      1.50      0.00      0.00      0.75      0.25      0.00      0.00     14.71
11:05:40 PM     all     96.73      0.00      0.76      0.00      0.00      0.50      0.25      0.00      0.00      1.76
11:05:41 PM     all     87.06      0.00      1.99      0.00      0.00      0.75      0.50      0.00      0.00      9.70
11:05:42 PM     all     88.69      0.00      1.51      0.00      0.00      0.75      0.25      0.00      0.00      8.79
11:05:43 PM     all     92.54      0.00      1.99      0.00      0.00      0.75      0.25      0.00      0.00      4.48
11:05:44 PM     all     88.44      0.00      1.51      0.00      0.00      0.75      0.25      0.00      0.00      9.05
11:05:45 PM     all     92.27      0.00      1.50      0.00      0.00      0.50      0.50      0.00      0.00      5.24
11:05:46 PM     all     89.36      0.00      1.98      0.00      0.00      0.74      0.25      0.00      0.00      7.67
11:05:47 PM     all     91.25      0.00      1.75      0.00      0.00      0.75      0.25      0.00      0.00      6.00
11:05:48 PM     all     91.73      0.00      1.25      0.00      0.00      0.75      0.25      0.00      0.00      6.02
11:05:49 PM     all     89.95      0.00      1.76      0.00      0.00      0.75      0.50      0.00      0.00      7.04
11:05:50 PM     all     94.50      0.00      2.00      0.00      0.00      1.00      0.50      0.00      0.00      2.00
11:05:51 PM     all     91.29      0.00      2.24      0.00      0.00      1.00      0.50      0.00      0.00      4.98
11:05:52 PM     all     92.75      0.00      2.50      0.00      0.00      1.00      0.25      0.00      0.00      3.50
11:05:53 PM     all     91.23      0.00      3.01      0.00      0.00      0.75      0.50      0.00      0.00      4.51
11:05:54 PM     all     90.45      0.00      2.01      0.00      0.00      1.01      0.25      0.00      0.00      6.28
11:05:55 PM     all     93.52      0.00      2.00      0.00      0.00      0.75      0.50      0.00      0.00      3.24
11:05:56 PM     all     91.52      0.00      2.24      0.00      0.00      1.00      0.50      0.00      0.00      4.74
11:05:57 PM     all     92.71      0.00      2.76      0.00      0.00      0.75      0.25      0.00      0.00      3.52
11:05:58 PM     all     92.25      0.00      2.25      0.00      0.00      1.00      0.50      0.00      0.00      4.00
11:05:59 PM     all     92.46      0.00      1.01      0.00      0.00      0.75      0.25      0.00      0.00      5.53
11:06:00 PM     all     92.29      0.00      2.49      0.00      0.00      1.00      0.50      0.00      0.00      3.73
11:06:01 PM     all     92.23      0.00      2.01      0.00      0.00      0.75      0.25      0.00      0.00      4.76
11:06:02 PM     all     93.33      0.00      2.22      0.00      0.00      0.99      0.49      0.00      0.00      2.96
11:06:03 PM     all     90.20      0.00      2.01      0.00      0.00      0.75      0.50      0.00      0.00      6.53
11:06:04 PM     all     93.50      0.00      2.25      0.00      0.00      1.00      0.25      0.00      0.00      3.00
11:06:05 PM     all     91.56      0.00      1.49      0.00      0.00      0.99      0.50      0.00      0.00      5.46
11:06:06 PM     all     95.45      0.00      2.02      0.00      0.00      0.76      0.25      0.00      0.00      1.52
11:06:07 PM     all     56.58      0.00      1.49      0.00      0.00      0.74      0.50      0.00      0.00     40.69
11:06:08 PM     all      0.25      0.00      0.50      0.00      0.00      0.00      0.00      0.00      0.00     99.25
11:06:09 PM     all      0.25      0.00      0.25      0.00      0.00      0.00      0.00      0.00      0.00     99.50
11:06:10 PM     all      6.23      0.00      1.25      0.00      0.00      0.50      0.25      0.00      0.00     91.77
11:06:11 PM     all     14.96      0.00      1.75      0.00      0.00      0.75      0.50      0.00      0.00     82.04
11:06:12 PM     all     14.54      0.00      2.26      0.00      0.00      0.75      0.50      0.00      0.00     81.95
11:06:13 PM     all     14.71      0.00      2.00      0.00      0.00      0.75      0.50      0.00      0.00     82.04
11:06:14 PM     all     15.25      0.00      2.50      0.00      0.00      0.75      0.50      0.00      0.00     81.00
11:06:15 PM     all     14.61      0.00      1.26      0.00      0.00      0.76      0.25      0.00      0.00     83.12
11:06:16 PM     all     13.82      0.00      1.76      0.00      0.00      0.75      0.50      0.00      0.00     83.17
11:06:17 PM     all     14.50      0.00      1.50      0.25      0.00      0.75      0.50      0.00      0.00     82.50
11:06:18 PM     all     11.36      0.00      1.52      0.00      0.00      0.76      0.51      0.00      0.00     85.86
Average:        all     49.05      0.00      1.91      0.01      0.00      0.71      0.38      0.00      0.00     47.95
