Linux 4.9.253-tegra (nano-desktop) 	08/16/2023 	_aarch64_	(4 CPU)

11:51:36 PM     CPU      %usr     %nice      %sys   %iowait    %steal      %irq     %soft    %guest    %gnice     %idle
11:51:37 PM     all      9.60      0.00     17.68      0.00      0.00      0.76      0.51      0.00      0.00     71.46
11:51:38 PM     all     12.85      0.00      2.02      0.00      0.00      0.50      0.50      0.00      0.00     84.13
11:51:39 PM     all     12.78      0.00      2.26      0.00      0.00      0.75      0.50      0.00      0.00     83.71
11:51:40 PM     all     13.35      0.00      2.52      0.00      0.00      0.76      0.50      0.00      0.00     82.87
11:51:41 PM     all     14.57      0.00      2.01      0.00      0.00      0.75      0.25      0.00      0.00     82.41
11:51:42 PM     all     14.39      0.00      2.98      0.25      0.00      0.74      0.50      0.00      0.00     81.14
11:51:43 PM     all     13.75      0.00      2.75      0.00      0.00      0.75      0.50      0.00      0.00     82.25
11:51:44 PM     all     14.74      0.00      2.95      0.00      0.00      0.74      0.49      0.00      0.00     81.08
11:51:45 PM     all     12.78      0.00      1.75      0.00      0.00      0.75      0.50      0.00      0.00     84.21
11:51:46 PM     all     14.14      0.00      2.02      0.00      0.00      0.51      0.51      0.00      0.00     82.83
11:51:47 PM     all     14.32      0.00      2.01      0.00      0.00      0.75      0.25      0.00      0.00     82.66
11:51:48 PM     all     15.02      0.00      3.20      0.00      0.00      0.74      0.49      0.00      0.00     80.54
11:51:49 PM     all     13.50      0.00      3.00      0.00      0.00      0.75      0.50      0.00      0.00     82.25
11:51:50 PM     all     14.32      0.00      1.76      0.00      0.00      0.75      0.50      0.00      0.00     82.66
11:51:51 PM     all     14.50      0.00      2.25      0.00      0.00      0.75      0.25      0.00      0.00     82.25
11:51:52 PM     all     13.82      0.00      2.01      0.00      0.00      0.75      0.50      0.00      0.00     82.91
11:51:53 PM     all     14.11      0.00      3.22      0.00      0.00      0.74      0.50      0.00      0.00     81.44
11:51:54 PM     all     14.85      0.00      2.23      0.00      0.00      0.74      0.50      0.00      0.00     81.68
11:51:55 PM     all     12.07      0.00      2.96      0.00      0.00      0.49      0.49      0.00      0.00     83.99
11:51:56 PM     all     13.97      0.00      2.74      0.00      0.00      0.75      0.25      0.00      0.00     82.29
11:51:57 PM     all     13.97      0.00      4.17      0.00      0.00      0.74      0.49      0.00      0.00     80.64
11:51:58 PM     all     13.61      0.00      2.72      0.00      0.00      0.74      0.50      0.00      0.00     82.43
11:51:59 PM     all     14.39      0.00      2.73      0.00      0.00      0.74      0.50      0.00      0.00     81.64
11:52:00 PM     all     14.53      0.00      3.45      0.00      0.00      0.74      0.49      0.00      0.00     80.79
11:52:01 PM     all     14.29      0.00      3.45      0.00      0.00      0.74      0.25      0.00      0.00     81.28
11:52:02 PM     all     14.04      0.00      2.96      0.25      0.00      0.74      0.49      0.00      0.00     81.53
11:52:03 PM     all     13.25      0.00      2.75      0.00      0.00      0.75      0.50      0.00      0.00     82.75
11:52:04 PM     all     13.86      0.00      3.22      0.00      0.00      0.74      0.50      0.00      0.00     81.68
11:52:05 PM     all     14.53      0.00      3.20      0.00      0.00      0.74      0.49      0.00      0.00     81.03
11:52:06 PM     all     52.00      0.00      8.00      0.00      0.00      0.75      0.75      0.00      0.00     38.50
11:52:07 PM     all     67.25      0.00      4.22      0.00      0.00      1.24      0.74      0.00      0.00     26.55
11:52:08 PM     all     71.50      0.00      3.25      0.00      0.00      1.00      0.75      0.00      0.00     23.50
11:52:09 PM     all     89.95      0.00      3.27      0.00      0.00      1.26      0.50      0.00      0.00      5.03
11:52:10 PM     all     89.50      0.00      4.00      0.00      0.00      1.25      0.75      0.00      0.00      4.50
11:52:11 PM     all     79.85      0.00      2.77      0.00      0.00      1.01      0.76      0.00      0.00     15.62
11:52:12 PM     all     73.32      0.00      3.24      0.00      0.00      1.00      0.75      0.00      0.00     21.70
11:52:13 PM     all     75.75      0.00      4.00      0.00      0.00      1.25      0.75      0.00      0.00     18.25
11:52:14 PM     all     74.56      0.00      2.49      0.00      0.00      1.00      0.75      0.00      0.00     21.20
11:52:15 PM     all     49.38      0.00      3.49      0.00      0.00      1.25      0.50      0.00      0.00     45.39
11:52:16 PM     all     61.69      0.00      2.99      0.00      0.00      1.00      0.75      0.00      0.00     33.58
11:52:17 PM     all     45.89      0.00      3.74      0.25      0.00      1.00      0.75      0.00      0.00     48.38
11:52:18 PM     all     62.50      0.00      2.25      0.00      0.00      1.00      0.75      0.00      0.00     33.50
11:52:19 PM     all     53.63      0.00      2.76      0.00      0.00      1.00      0.75      0.00      0.00     41.85
11:52:20 PM     all     57.89      0.00      2.51      0.00      0.00      1.00      0.75      0.00      0.00     37.84
11:52:21 PM     all     68.58      0.00      2.74      0.00      0.00      1.25      0.75      0.00      0.00     26.68
11:52:22 PM     all     78.39      0.00      3.27      0.00      0.00      1.01      0.75      0.00      0.00     16.58
11:52:23 PM     all     57.21      0.00      2.74      0.00      0.00      1.00      0.75      0.00      0.00     38.31
11:52:24 PM     all     55.64      0.00      2.51      0.00      0.00      1.00      0.75      0.00      0.00     40.10
11:52:25 PM     all     58.59      0.00      1.52      0.00      0.00      1.01      0.51      0.00      0.00     38.38
11:52:26 PM     all     55.58      0.00      2.98      0.00      0.00      0.99      0.74      0.00      0.00     39.70
11:52:27 PM     all     69.67      0.00      2.51      0.00      0.00      1.25      0.75      0.00      0.00     25.81
11:52:28 PM     all     62.03      0.00      2.48      0.00      0.00      0.99      0.74      0.00      0.00     33.75
11:52:29 PM     all     46.63      0.00      2.74      0.00      0.00      1.00      0.75      0.00      0.00     48.88
11:52:30 PM     all     54.00      0.00      3.00      0.00      0.00      1.00      0.75      0.00      0.00     41.25
11:52:31 PM     all     61.71      0.00      2.52      0.00      0.00      1.01      0.50      0.00      0.00     34.26
11:52:32 PM     all     54.68      0.00      2.53      0.00      0.00      1.01      0.76      0.00      0.00     41.01
11:52:33 PM     all     67.51      0.00      2.27      0.00      0.00      1.01      0.76      0.00      0.00     28.46
11:52:34 PM     all     65.58      0.00      2.51      0.00      0.00      1.26      0.75      0.00      0.00     29.90
11:52:35 PM     all     55.75      0.00      3.50      0.00      0.00      1.00      0.75      0.00      0.00     39.00
11:52:36 PM     all     15.96      0.00      1.25      0.00      0.00      0.50      0.25      0.00      0.00     82.04
11:52:37 PM     all      0.00      0.00      0.25      0.25      0.00      0.00      0.00      0.00      0.00     99.50
11:52:38 PM     all      0.00      0.00      0.50      0.00      0.00      0.00      0.25      0.00      0.00     99.25
11:52:39 PM     all     10.33      0.00      1.26      0.00      0.00      0.50      0.25      0.00      0.00     87.66
11:52:40 PM     all     15.35      0.00      1.98      0.00      0.00      0.99      0.50      0.00      0.00     81.19
11:52:41 PM     all     13.75      0.00      2.50      0.00      0.00      0.75      0.50      0.00      0.00     82.50
11:52:42 PM     all     14.39      0.00      1.77      0.00      0.00      0.76      0.51      0.00      0.00     82.58
11:52:43 PM     all     14.82      0.00      1.51      0.00      0.00      0.50      0.50      0.00      0.00     82.66
11:52:44 PM     all     13.64      0.00      1.77      0.00      0.00      1.01      0.51      0.00      0.00     83.08
11:52:45 PM     all     13.10      0.00      1.51      0.00      0.00      0.50      0.25      0.00      0.00     84.63
11:52:46 PM     all     13.45      0.00      1.27      0.00      0.00      0.76      0.51      0.00      0.00     84.01
11:52:47 PM     all     14.14      0.00      1.26      0.00      0.00      0.76      0.51      0.00      0.00     83.33
11:52:48 PM     all     13.07      0.00      1.51      0.00      0.00      0.75      0.50      0.00      0.00     84.17
11:52:49 PM     all     14.32      0.00      1.76      0.00      0.00      0.75      0.50      0.00      0.00     82.66
11:52:50 PM     all     13.93      0.00      1.99      0.00      0.00      0.75      0.50      0.00      0.00     82.84
11:52:51 PM     all     13.99      0.00      1.27      0.00      0.00      0.76      0.25      0.00      0.00     83.72
11:52:52 PM     all     14.25      0.00      1.50      0.25      0.00      0.75      0.50      0.00      0.00     82.75
11:52:53 PM     all     14.65      0.00      1.26      0.00      0.00      0.76      0.51      0.00      0.00     82.83
11:52:54 PM     all     14.14      0.00      1.52      0.00      0.00      0.76      0.51      0.00      0.00     83.08
11:52:55 PM     all      9.57      0.00      1.01      0.00      0.00      0.50      0.25      0.00      0.00     88.66
11:52:56 PM     all     14.04      0.00      2.26      0.00      0.00      0.75      0.50      0.00      0.00     82.46
11:52:57 PM     all     14.29      0.00      1.75      0.00      0.00      0.75      0.50      0.00      0.00     82.71
11:52:58 PM     all     14.57      0.00      1.51      0.00      0.00      0.75      0.50      0.00      0.00     82.66
11:52:59 PM     all     14.79      0.00      1.25      0.00      0.00      0.75      0.50      0.00      0.00     82.71
11:53:00 PM     all     13.82      0.00      2.26      0.00      0.00      0.75      0.25      0.00      0.00     82.91
11:53:01 PM     all     14.39      0.00      1.52      0.00      0.00      0.51      0.51      0.00      0.00     83.08
11:53:02 PM     all     14.65      0.00      1.01      0.00      0.00      0.76      0.51      0.00      0.00     83.08
11:53:03 PM     all     14.75      0.00      1.00      0.00      0.00      0.75      0.50      0.00      0.00     83.00
11:53:04 PM     all     12.75      0.00      0.50      0.00      0.00      0.75      0.25      0.00      0.00     85.75
11:53:05 PM     all     14.90      0.00      0.51      0.00      0.00      0.76      0.51      0.00      0.00     83.33
11:53:06 PM     all     14.71      0.00      2.00      0.00      0.00      0.75      0.50      0.00      0.00     82.04
11:53:07 PM     all     14.00      0.00      1.75      0.00      0.00      0.50      0.50      0.00      0.00     83.25
11:53:08 PM     all     15.42      0.00      1.49      0.00      0.00      0.75      0.50      0.00      0.00     81.84
11:53:09 PM     all     37.59      0.00      7.27      0.00      0.00      1.00      0.50      0.00      0.00     53.63
11:53:10 PM     all     72.41      0.00      2.53      0.00      0.00      1.01      0.76      0.00      0.00     23.29
11:53:11 PM     all     61.11      0.00      2.02      0.00      0.00      1.01      0.76      0.00      0.00     35.10
11:53:12 PM     all     61.87      0.00      2.53      0.25      0.00      1.26      0.76      0.00      0.00     33.33
11:53:13 PM     all     66.33      0.00      2.01      0.00      0.00      1.01      0.75      0.00      0.00     29.90
11:53:14 PM     all     70.23      0.00      2.29      0.00      0.00      1.02      0.76      0.00      0.00     25.70
11:53:15 PM     all     63.22      0.00      2.27      0.00      0.00      1.01      0.50      0.00      0.00     33.00
11:53:16 PM     all     74.56      0.00      3.02      0.00      0.00      1.26      0.76      0.00      0.00     20.40
11:53:17 PM     all     71.50      0.00      2.00      0.00      0.00      1.00      0.75      0.00      0.00     24.75
11:53:18 PM     all     65.34      0.00      2.74      0.00      0.00      1.25      0.75      0.00      0.00     29.93
11:53:19 PM     all     68.34      0.00      2.26      0.00      0.00      1.01      0.75      0.00      0.00     27.64
11:53:20 PM     all     55.70      0.00      2.03      0.00      0.00      1.01      0.76      0.00      0.00     40.51
11:53:21 PM     all     67.25      0.00      2.52      0.00      0.00      1.26      0.76      0.00      0.00     28.21
11:53:22 PM     all     74.24      0.00      3.03      0.00      0.00      1.01      0.76      0.00      0.00     20.96
11:53:23 PM     all     59.49      0.00      1.52      0.00      0.00      1.01      0.76      0.00      0.00     37.22
11:53:24 PM     all     67.17      0.00      2.01      0.00      0.00      1.25      0.75      0.00      0.00     28.82
11:53:25 PM     all     70.63      0.00      1.27      0.00      0.00      1.01      0.51      0.00      0.00     26.58
11:53:26 PM     all     81.77      0.00      2.03      0.00      0.00      1.27      0.76      0.00      0.00     14.18
11:53:27 PM     all     77.64      0.00      2.26      0.00      0.00      1.01      0.75      0.00      0.00     18.34
11:53:28 PM     all     84.89      0.00      2.27      0.00      0.00      1.26      0.76      0.00      0.00     10.83
11:53:29 PM     all     80.60      0.00      2.02      0.00      0.00      1.01      0.76      0.00      0.00     15.62
11:53:30 PM     all     72.25      0.00      3.25      0.00      0.00      1.25      0.75      0.00      0.00     22.50
11:53:31 PM     all     62.06      0.00      2.01      0.00      0.00      1.01      0.50      0.00      0.00     34.42
11:53:32 PM     all     46.63      0.00      2.00      0.25      0.00      1.00      0.75      0.00      0.00     49.38
11:53:33 PM     all     69.67      0.00      2.26      0.00      0.00      1.00      0.75      0.00      0.00     26.32
11:53:34 PM     all     67.76      0.00      2.27      0.00      0.00      1.26      0.76      0.00      0.00     27.96
11:53:35 PM     all     67.34      0.00      2.28      0.00      0.00      1.01      0.76      0.00      0.00     28.61
11:53:36 PM     all     65.65      0.00      1.02      0.00      0.00      1.27      0.76      0.00      0.00     31.30
11:53:37 PM     all     71.68      0.00      2.26      0.00      0.00      1.00      0.75      0.00      0.00     24.31
11:53:38 PM     all     72.18      0.00      1.50      0.00      0.00      1.25      0.75      0.00      0.00     24.31
11:53:39 PM     all     30.23      0.00      1.51      0.00      0.00      0.50      0.25      0.00      0.00     67.51
11:53:40 PM     all      0.00      0.00      0.25      0.00      0.00      0.00      0.00      0.00      0.00     99.75
11:53:41 PM     all      0.25      0.00      0.25      0.00      0.00      0.25      0.25      0.00      0.00     99.00
11:53:42 PM     all      7.50      0.00      1.50      0.25      0.00      0.25      0.25      0.00      0.00     90.25
11:53:43 PM     all     14.39      0.00      1.77      0.00      0.00      0.76      0.51      0.00      0.00     82.58
11:53:44 PM     all     14.36      0.00      1.26      0.00      0.00      0.76      0.25      0.00      0.00     83.38
11:53:45 PM     all      8.35      0.00      0.76      0.00      0.00      0.51      0.25      0.00      0.00     90.13
11:53:46 PM     all     15.00      0.00      1.75      0.00      0.00      0.75      0.50      0.00      0.00     82.00
11:53:47 PM     all     14.43      0.00      1.27      0.00      0.00      0.76      0.51      0.00      0.00     83.04
11:53:48 PM     all     13.38      0.00      1.77      0.00      0.00      0.76      0.51      0.00      0.00     83.59
11:53:49 PM     all     14.79      0.00      1.50      0.00      0.00      0.75      0.25      0.00      0.00     82.71
11:53:50 PM     all     14.90      0.00      1.26      0.00      0.00      0.76      0.51      0.00      0.00     82.58
11:53:51 PM     all     14.57      0.00      1.51      0.00      0.00      0.75      0.50      0.00      0.00     82.66
11:53:52 PM     all     14.14      0.00      1.77      0.25      0.00      0.76      0.51      0.00      0.00     82.58
11:53:53 PM     all     14.93      0.00      1.74      0.00      0.00      0.75      0.50      0.00      0.00     82.09
11:53:54 PM     all     16.50      0.00      1.97      0.00      0.00      0.74      0.25      0.00      0.00     80.54
11:53:55 PM     all     12.00      0.00      1.25      0.00      0.00      0.75      0.50      0.00      0.00     85.50
11:53:56 PM     all     14.68      0.00      2.24      0.00      0.00      0.75      0.50      0.00      0.00     81.84
11:53:57 PM     all     14.86      0.00      1.26      0.00      0.00      0.76      0.50      0.00      0.00     82.62
11:53:58 PM     all     14.82      0.00      1.51      0.00      0.00      0.75      0.25      0.00      0.00     82.66
11:53:59 PM     all     13.32      0.00      2.01      0.00      0.00      0.50      0.50      0.00      0.00     83.67
11:54:00 PM     all     12.37      0.00      1.77      0.00      0.00      0.76      0.51      0.00      0.00     84.60
11:54:01 PM     all     15.33      0.00      0.75      0.00      0.00      0.75      0.50      0.00      0.00     82.66
11:54:02 PM     all     14.68      0.00      1.01      0.00      0.00      0.76      0.25      0.00      0.00     83.29
11:54:03 PM     all     13.72      0.00      1.50      0.00      0.00      0.75      0.50      0.00      0.00     83.54
11:54:04 PM     all     13.78      0.00      1.02      0.00      0.00      0.77      0.51      0.00      0.00     83.93
11:54:05 PM     all     14.96      0.00      1.50      0.00      0.00      0.75      0.50      0.00      0.00     82.29
11:54:06 PM     all     14.50      0.00      2.00      0.00      0.00      0.75      0.25      0.00      0.00     82.50
11:54:07 PM     all     13.74      0.00      1.02      0.00      0.00      0.51      0.51      0.00      0.00     84.22
11:54:08 PM     all     14.54      0.00      1.75      0.00      0.00      1.00      0.50      0.00      0.00     82.21
11:54:09 PM     all     14.86      0.00      1.26      0.00      0.00      0.50      0.50      0.00      0.00     82.87
11:54:10 PM     all     15.21      0.00      1.75      0.00      0.00      0.75      0.50      0.00      0.00     81.80
11:54:11 PM     all     14.65      0.00      1.26      0.00      0.00      0.76      0.25      0.00      0.00     83.08
11:54:12 PM     all     25.44      0.00      7.05      0.25      0.00      0.76      0.50      0.00      0.00     65.99
11:54:14 PM     all     55.53      0.00      2.26      0.00      0.00      1.01      0.75      0.00      0.00     40.45
11:54:15 PM     all     75.75      0.00      1.75      0.00      0.00      1.25      0.75      0.00      0.00     20.50
11:54:16 PM     all     64.90      0.00      2.53      0.00      0.00      1.01      0.76      0.00      0.00     30.81
11:54:17 PM     all     72.18      0.00      2.01      0.00      0.00      1.25      0.50      0.00      0.00     24.06
11:54:18 PM     all     71.36      0.00      1.51      0.00      0.00      1.01      0.75      0.00      0.00     25.38
11:54:19 PM     all     74.12      0.00      2.51      0.00      0.00      1.01      0.75      0.00      0.00     21.61
11:54:20 PM     all     79.60      0.00      2.52      0.00      0.00      1.26      0.76      0.00      0.00     15.87
11:54:21 PM     all     91.50      0.00      2.50      0.00      0.00      1.25      0.75      0.00      0.00      4.00
11:54:22 PM     all     88.50      0.00      3.00      0.00      0.00      1.25      0.50      0.00      0.00      6.75
11:54:23 PM     all     79.40      0.00      4.02      0.00      0.00      1.26      0.75      0.00      0.00     14.57
11:54:24 PM     all     79.90      0.00      2.76      0.00      0.00      1.01      0.75      0.00      0.00     15.58
11:54:25 PM     all     86.18      0.00      1.76      0.00      0.00      1.26      0.75      0.00      0.00     10.05
11:54:26 PM     all     84.54      0.00      2.74      0.00      0.00      1.00      0.50      0.00      0.00     11.22
11:54:27 PM     all     90.70      0.00      2.26      0.00      0.00      1.26      0.75      0.00      0.00      5.03
11:54:28 PM     all     88.97      0.00      2.01      0.25      0.00      1.25      0.50      0.00      0.00      7.02
11:54:29 PM     all     86.40      0.00      2.02      0.00      0.00      1.26      0.76      0.00      0.00      9.57
11:54:30 PM     all     83.54      0.00      2.28      0.00      0.00      1.01      0.76      0.00      0.00     12.41
11:54:31 PM     all     81.05      0.00      2.49      0.00      0.00      1.25      0.75      0.00      0.00     14.46
11:54:32 PM     all     76.38      0.00      2.51      0.00      0.00      1.01      0.75      0.00      0.00     19.35
11:54:33 PM     all     76.46      0.00      2.28      0.00      0.00      1.27      0.51      0.00      0.00     19.49
11:54:34 PM     all     73.43      0.00      2.51      0.00      0.00      1.00      0.75      0.00      0.00     22.31
11:54:35 PM     all     81.70      0.00      2.51      0.00      0.00      1.25      0.75      0.00      0.00     13.78
11:54:36 PM     all     64.18      0.00      2.24      0.00      0.00      1.00      0.75      0.00      0.00     31.84
11:54:37 PM     all     64.99      0.00      2.52      0.00      0.00      1.26      0.76      0.00      0.00     30.48
11:54:38 PM     all     71.68      0.00      2.26      0.00      0.00      1.00      0.75      0.00      0.00     24.31
11:54:39 PM     all     67.51      0.00      2.03      0.00      0.00      1.02      0.76      0.00      0.00     28.68
11:54:40 PM     all     65.33      0.00      2.26      0.00      0.00      1.26      0.75      0.00      0.00     30.40
11:54:41 PM     all     56.64      0.00      2.26      0.00      0.00      1.00      0.50      0.00      0.00     39.60
11:54:42 PM     all     56.39      0.00      2.01      0.00      0.00      1.00      0.75      0.00      0.00     39.85
11:54:43 PM     all     40.40      0.00      1.77      0.00      0.00      0.76      0.51      0.00      0.00     56.57
11:54:44 PM     all      0.25      0.00      0.25      0.00      0.00      0.00      0.00      0.00      0.00     99.50
11:54:45 PM     all      0.00      0.00      0.00      0.00      0.00      0.00      0.00      0.00      0.00    100.00
11:54:46 PM     all      5.28      0.00      0.50      0.00      0.00      0.50      0.25      0.00      0.00     93.47
11:54:47 PM     all     13.75      0.00      1.50      0.00      0.00      0.50      0.50      0.00      0.00     83.75
11:54:48 PM     all     14.29      0.00      1.50      0.25      0.00      0.75      0.50      0.00      0.00     82.71
11:54:49 PM     all     14.79      0.00      1.00      0.00      0.00      0.75      0.50      0.00      0.00     82.96
11:54:50 PM     all     15.71      0.00      1.00      0.00      0.00      0.75      0.50      0.00      0.00     82.04
11:54:51 PM     all     14.04      0.00      1.75      0.00      0.00      0.75      0.50      0.00      0.00     82.96
11:54:52 PM     all     14.90      0.00      1.26      0.00      0.00      0.76      0.25      0.00      0.00     82.83
11:54:53 PM     all     15.04      0.00      1.00      0.00      0.00      0.75      0.50      0.00      0.00     82.71
11:54:54 PM     all     14.57      0.00      1.51      0.00      0.00      0.75      0.50      0.00      0.00     82.66
11:54:55 PM     all     14.54      0.00      1.50      0.00      0.00      0.75      0.50      0.00      0.00     82.71
11:54:56 PM     all     10.25      0.00      1.50      0.00      0.00      0.50      0.25      0.00      0.00     87.50
11:54:57 PM     all     14.61      0.00      1.01      0.00      0.00      0.76      0.50      0.00      0.00     83.12
11:54:58 PM     all     13.92      0.00      1.52      0.25      0.00      0.76      0.51      0.00      0.00     83.04
11:54:59 PM     all     14.14      0.00      1.26      0.00      0.00      0.76      0.25      0.00      0.00     83.59
11:55:00 PM     all     14.54      0.00      2.01      0.00      0.00      0.75      0.50      0.00      0.00     82.21
11:55:01 PM     all     14.57      0.00      1.26      0.00      0.00      0.75      0.50      0.00      0.00     82.91
11:55:02 PM     all     14.57      0.00      2.01      0.00      0.00      0.75      0.50      0.00      0.00     82.16
11:55:03 PM     all     14.07      0.00      2.26      0.00      0.00      0.75      0.25      0.00      0.00     82.66
11:55:04 PM     all     13.07      0.00      1.76      0.00      0.00      0.50      0.50      0.00      0.00     84.17
11:55:05 PM     all     13.92      0.00      1.27      0.00      0.00      0.76      0.51      0.00      0.00     83.54
11:55:06 PM     all     13.30      0.00      1.53      0.26      0.00      0.77      0.51      0.00      0.00     83.63
11:55:07 PM     all     14.96      0.00      1.75      0.00      0.00      0.75      0.50      0.00      0.00     82.04
11:55:08 PM     all     14.25      0.00      1.75      0.25      0.00      0.75      0.25      0.00      0.00     82.75
11:55:09 PM     all     14.57      0.00      1.51      0.00      0.00      0.75      0.50      0.00      0.00     82.66
11:55:10 PM     all     14.93      0.00      2.24      0.00      0.00      0.75      0.50      0.00      0.00     81.59
11:55:11 PM     all     14.43      0.00      2.49      0.00      0.00      0.75      0.50      0.00      0.00     81.84
11:55:12 PM     all     15.21      0.00      1.75      0.00      0.00      0.75      0.50      0.00      0.00     81.80
11:55:13 PM     all     14.43      0.00      1.27      0.00      0.00      0.76      0.51      0.00      0.00     83.04
11:55:14 PM     all     14.61      0.00      1.26      0.00      0.00      0.76      0.50      0.00      0.00     82.87
11:55:15 PM     all     14.36      0.00      1.26      0.00      0.00      0.76      0.50      0.00      0.00     83.12
11:55:16 PM     all     23.48      0.00      6.31      0.00      0.00      0.76      0.51      0.00      0.00     68.94
11:55:17 PM     all     71.97      0.00      2.02      0.00      0.00      1.01      0.51      0.00      0.00     24.49
11:55:18 PM     all     58.02      0.00      1.78      0.00      0.00      1.02      0.76      0.00      0.00     38.42
11:55:19 PM     all     67.34      0.00      2.01      0.00      0.00      1.26      0.75      0.00      0.00     28.64
11:55:20 PM     all     59.05      0.00      3.02      0.00      0.00      1.01      0.75      0.00      0.00     36.18
11:55:21 PM     all     75.19      0.00      2.01      0.00      0.00      1.00      0.75      0.00      0.00     21.05
11:55:22 PM     all     74.94      0.00      2.51      0.00      0.00      1.25      0.75      0.00      0.00     20.55
11:55:23 PM     all     72.47      0.00      1.52      0.25      0.00      1.01      0.76      0.00      0.00     23.99
11:55:24 PM     all     66.33      0.00      1.27      0.00      0.00      1.27      0.51      0.00      0.00     30.63
11:55:25 PM     all     77.44      0.00      2.76      0.00      0.00      1.00      0.75      0.00      0.00     18.05
11:55:26 PM     all     62.31      0.00      2.01      0.00      0.00      1.01      0.75      0.00      0.00     33.92
11:55:27 PM     all     64.90      0.00      2.53      0.00      0.00      1.01      0.76      0.00      0.00     30.81
11:55:28 PM     all     70.78      0.00      2.02      0.00      0.00      1.26      0.76      0.00      0.00     25.19
11:55:29 PM     all     64.65      0.00      1.52      0.00      0.00      1.01      0.76      0.00      0.00     32.07
11:55:30 PM     all     65.75      0.00      3.50      0.00      0.00      1.25      0.75      0.00      0.00     28.75
11:55:31 PM     all     64.21      0.00      2.03      0.00      0.00      1.02      0.51      0.00      0.00     32.23
11:55:32 PM     all     83.59      0.00      2.53      0.00      0.00      1.26      0.76      0.00      0.00     11.87
11:55:33 PM     all     67.34      0.00      2.78      0.00      0.00      1.01      0.76      0.00      0.00     28.10
11:55:34 PM     all     61.62      0.00      2.27      0.00      0.00      1.01      0.76      0.00      0.00     34.34
11:55:35 PM     all     66.33      0.00      2.01      0.00      0.00      1.01      0.75      0.00      0.00     29.90
11:55:36 PM     all     70.20      0.00      2.78      0.00      0.00      1.01      0.76      0.00      0.00     25.25
11:55:37 PM     all     78.09      0.00      3.78      0.00      0.00      1.26      0.50      0.00      0.00     16.37
11:55:38 PM     all     80.15      0.00      3.52      0.25      0.00      1.26      0.75      0.00      0.00     14.07
11:55:39 PM     all     81.20      0.00      3.01      0.00      0.00      1.00      0.75      0.00      0.00     14.04
11:55:40 PM     all     77.19      0.00      3.51      0.00      0.00      1.25      0.75      0.00      0.00     17.29
11:55:41 PM     all     68.58      0.00      3.49      0.00      0.00      1.00      0.75      0.00      0.00     26.18
11:55:42 PM     all     69.52      0.00      3.27      0.00      0.00      1.26      0.76      0.00      0.00     25.19
11:55:43 PM     all     73.23      0.00      4.29      0.00      0.00      1.01      0.76      0.00      0.00     20.71
11:55:44 PM     all     84.17      0.00      3.27      0.00      0.00      1.26      0.75      0.00      0.00     10.55
11:55:45 PM     all     88.78      0.00      4.24      0.00      0.00      1.00      0.50      0.00      0.00      5.49
11:55:46 PM     all     73.57      0.00      3.99      0.00      0.00      1.25      0.50      0.00      0.00     20.70
11:55:47 PM     all      0.00      0.00      0.00      0.00      0.00      0.00      0.25      0.00      0.00     99.75
11:55:48 PM     all      0.00      0.00      0.50      0.00      0.00      0.25      0.00      0.00      0.00     99.25
11:55:49 PM     all      2.01      0.00      0.75      0.00      0.00      0.00      0.00      0.00      0.00     97.24
11:55:50 PM     all     13.61      0.00      3.22      0.00      0.00      0.74      0.50      0.00      0.00     81.93
11:55:51 PM     all     13.49      0.00      1.53      0.00      0.00      0.76      0.51      0.00      0.00     83.72
11:55:52 PM     all     12.53      0.00      3.26      0.00      0.00      0.75      0.50      0.00      0.00     82.96
11:55:53 PM     all     13.03      0.00      2.26      0.00      0.00      0.75      0.25      0.00      0.00     83.71
11:55:54 PM     all     14.43      0.00      2.74      0.00      0.00      0.75      0.50      0.00      0.00     81.59
11:55:55 PM     all     14.54      0.00      1.50      0.00      0.00      0.75      0.50      0.00      0.00     82.71
11:55:56 PM     all     11.91      0.00      2.73      0.00      0.00      0.50      0.50      0.00      0.00     84.37
11:55:57 PM     all     14.29      0.00      2.26      0.00      0.00      0.75      0.25      0.00      0.00     82.46
11:55:58 PM     all     14.07      0.00      2.72      0.00      0.00      0.74      0.49      0.00      0.00     81.98
11:55:59 PM     all     14.36      0.00      2.97      0.25      0.00      0.74      0.50      0.00      0.00     81.19
11:56:00 PM     all     14.11      0.00      3.47      0.00      0.00      0.74      0.50      0.00      0.00     81.19
11:56:01 PM     all     13.32      0.00      2.26      0.00      0.00      0.75      0.50      0.00      0.00     83.17
11:56:02 PM     all     14.25      0.00      3.69      0.00      0.00      0.74      0.25      0.00      0.00     81.08
11:56:03 PM     all     13.82      0.00      2.26      0.00      0.00      0.75      0.50      0.00      0.00     82.66
11:56:04 PM     all     14.25      0.00      3.19      0.00      0.00      0.74      0.49      0.00      0.00     81.33
11:56:05 PM     all     13.78      0.00      2.51      0.00      0.00      0.75      0.50      0.00      0.00     82.46
11:56:06 PM     all     13.93      0.00      3.23      0.00      0.00      0.75      0.50      0.00      0.00     81.59
11:56:07 PM     all     12.91      0.00      2.78      0.00      0.00      0.51      0.25      0.00      0.00     83.54
11:56:08 PM     all     14.00      0.00      3.69      0.00      0.00      0.98      0.49      0.00      0.00     80.84
11:56:09 PM     all     13.86      0.00      2.97      0.00      0.00      0.50      0.74      0.00      0.00     81.93
11:56:10 PM     all     13.72      0.00      3.24      0.00      0.00      1.00      0.25      0.00      0.00     81.80
11:56:11 PM     all     14.43      0.00      2.49      0.00      0.00      0.50      0.50      0.00      0.00     82.09
11:56:12 PM     all     14.39      0.00      2.48      0.00      0.00      0.74      0.50      0.00      0.00     81.89
11:56:13 PM     all     14.11      0.00      2.97      0.00      0.00      0.74      0.50      0.00      0.00     81.68
11:56:14 PM     all     13.22      0.00      2.24      0.25      0.00      0.75      0.50      0.00      0.00     83.04
11:56:15 PM     all     14.11      0.00      3.22      0.00      0.00      0.74      0.50      0.00      0.00     81.44
11:56:16 PM     all     12.90      0.00      2.98      0.00      0.00      0.74      0.50      0.00      0.00     82.88
11:56:17 PM     all     14.78      0.00      2.96      0.00      0.00      0.74      0.49      0.00      0.00     81.03
11:56:18 PM     all     13.00      0.00      3.00      0.00      0.00      0.75      0.25      0.00      0.00     83.00
11:56:19 PM     all     10.84      0.00      6.90      0.00      0.00      0.49      0.49      0.00      0.00     81.28
11:56:20 PM     all     57.25      0.00      4.00      0.00      0.00      1.25      0.75      0.00      0.00     36.75
11:56:21 PM     all     58.25      0.00      2.75      0.00      0.00      1.00      0.75      0.00      0.00     37.25
11:56:22 PM     all     59.65      0.00      2.76      0.00      0.00      1.00      0.75      0.00      0.00     35.84
11:56:23 PM     all     73.62      0.00      2.51      0.00      0.00      1.01      0.75      0.00      0.00     22.11
11:56:24 PM     all     67.74      0.00      2.98      0.00      0.00      1.24      0.50      0.00      0.00     27.54
11:56:25 PM     all     64.75      0.00      3.00      0.00      0.00      1.00      0.75      0.00      0.00     30.50
11:56:26 PM     all     60.25      0.00      2.50      0.00      0.00      1.00      0.75      0.00      0.00     35.50
11:56:27 PM     all     72.68      0.00      3.26      0.00      0.00      1.00      0.75      0.00      0.00     22.31
11:56:28 PM     all     76.44      0.00      3.76      0.00      0.00      1.00      0.50      0.00      0.00     18.30
11:56:29 PM     all     66.50      0.00      3.50      0.25      0.00      1.25      0.75      0.00      0.00     27.75
11:56:30 PM     all     74.18      0.00      3.04      0.00      0.00      1.01      0.76      0.00      0.00     21.01
11:56:31 PM     all     85.00      0.00      3.25      0.00      0.00      1.25      0.50      0.00      0.00     10.00
11:56:32 PM     all     77.61      0.00      3.48      0.00      0.00      1.00      0.75      0.00      0.00     17.16
11:56:33 PM     all     67.09      0.00      2.76      0.00      0.00      1.26      0.75      0.00      0.00     28.14
11:56:34 PM     all     70.90      0.00      3.73      0.00      0.00      1.00      0.75      0.00      0.00     23.63
11:56:35 PM     all     77.44      0.00      2.76      0.00      0.00      1.25      0.75      0.00      0.00     17.79
11:56:36 PM     all     73.50      0.00      3.50      0.00      0.00      1.00      0.75      0.00      0.00     21.25
11:56:37 PM     all     66.00      0.00      2.50      0.00      0.00      1.00      0.75      0.00      0.00     29.75
11:56:38 PM     all     62.38      0.00      2.97      0.00      0.00      1.24      0.74      0.00      0.00     32.67
11:56:39 PM     all     73.18      0.00      1.75      0.00      0.00      1.00      0.75      0.00      0.00     23.31
11:56:40 PM     all     63.18      0.00      2.99      0.00      0.00      1.00      0.50      0.00      0.00     32.34
11:56:41 PM     all     66.75      0.00      2.73      0.00      0.00      1.24      0.74      0.00      0.00     28.54
11:56:42 PM     all     55.89      0.00      2.01      0.00      0.00      1.00      0.75      0.00      0.00     40.35
11:56:43 PM     all     56.79      0.00      3.70      0.00      0.00      0.99      0.74      0.00      0.00     37.78
11:56:44 PM     all     70.43      0.00      2.76      0.00      0.00      1.00      0.75      0.00      0.00     25.06
11:56:45 PM     all     64.32      0.00      2.51      0.00      0.00      1.01      0.75      0.00      0.00     31.41
11:56:46 PM     all     78.11      0.00      2.24      0.00      0.00      1.24      0.75      0.00      0.00     17.66
11:56:47 PM     all     79.60      0.00      2.99      0.00      0.00      1.00      0.50      0.00      0.00     15.92
11:56:48 PM     all     89.17      0.00      2.77      0.00      0.00      1.26      0.76      0.00      0.00      6.05
11:56:49 PM     all     80.50      0.00      2.50      0.00      0.00      1.00      0.50      0.00      0.00     15.50
11:56:50 PM     all      3.50      0.00      1.00      0.00      0.00      0.25      0.25      0.00      0.00     95.00
11:56:51 PM     all      0.25      0.00      0.00      0.00      0.00      0.00      0.00      0.00      0.00     99.75
11:56:52 PM     all      0.00      0.00      0.50      0.00      0.00      0.25      0.00      0.00      0.00     99.25
11:56:53 PM     all     14.29      0.00      1.50      0.00      0.00      0.75      0.50      0.00      0.00     82.96
11:56:54 PM     all     14.54      0.00      2.01      0.00      0.00      0.75      0.50      0.00      0.00     82.21
11:56:55 PM     all     14.39      0.00      1.99      0.00      0.00      0.74      0.50      0.00      0.00     82.38
11:56:56 PM     all     10.00      0.00      1.75      0.00      0.00      0.50      0.25      0.00      0.00     87.50
11:56:57 PM     all     14.25      0.00      1.02      0.00      0.00      0.76      0.51      0.00      0.00     83.46
11:56:58 PM     all     13.67      0.00      1.01      0.00      0.00      0.76      0.51      0.00      0.00     84.05
11:56:59 PM     all     13.82      0.00      1.76      0.00      0.00      0.75      0.50      0.00      0.00     83.17
11:57:00 PM     all     14.43      0.00      2.03      0.00      0.00      0.51      0.25      0.00      0.00     82.78
11:57:01 PM     all     14.71      0.00      2.49      0.00      0.00      0.75      0.50      0.00      0.00     81.55
11:57:02 PM     all     14.61      0.00      1.26      0.00      0.00      0.76      0.50      0.00      0.00     82.87
11:57:03 PM     all     14.47      0.00      0.76      0.00      0.00      0.76      0.51      0.00      0.00     83.50
11:57:04 PM     all     14.00      0.00      1.50      0.25      0.00      0.75      0.50      0.00      0.00     83.00
11:57:05 PM     all     13.45      0.00      1.78      0.00      0.00      0.76      0.25      0.00      0.00     83.76
11:57:06 PM     all     15.00      0.00      1.50      0.00      0.00      0.75      0.50      0.00      0.00     82.25
11:57:07 PM     all     14.11      0.00      2.02      0.00      0.00      0.76      0.50      0.00      0.00     82.62
11:57:08 PM     all     14.21      0.00      2.24      0.00      0.00      0.75      0.50      0.00      0.00     82.29
11:57:09 PM     all     14.54      0.00      1.75      0.00      0.00      0.75      0.50      0.00      0.00     82.46
11:57:10 PM     all     13.71      0.00      1.27      0.00      0.00      0.76      0.51      0.00      0.00     83.76
11:57:11 PM     all     14.93      0.00      1.99      0.00      0.00      0.75      0.50      0.00      0.00     81.84
11:57:12 PM     all     14.65      0.00      1.26      0.00      0.00      0.76      0.25      0.00      0.00     83.08
11:57:13 PM     all     14.50      0.00      2.25      0.00      0.00      0.75      0.50      0.00      0.00     82.00
11:57:14 PM     all     14.54      0.00      1.50      0.00      0.00      0.75      0.50      0.00      0.00     82.71
11:57:15 PM     all     14.36      0.00      1.51      0.00      0.00      0.76      0.50      0.00      0.00     82.87
11:57:16 PM     all     12.41      0.00      1.77      0.00      0.00      0.76      0.51      0.00      0.00     84.56
11:57:17 PM     all     14.90      0.00      1.52      0.00      0.00      0.76      0.25      0.00      0.00     82.58
11:57:18 PM     all     14.47      0.00      1.02      0.00      0.00      0.51      0.51      0.00      0.00     83.50
11:57:19 PM     all     12.12      0.00      1.01      0.25      0.00      0.76      0.51      0.00      0.00     85.35
11:57:20 PM     all     13.89      0.00      1.52      0.00      0.00      0.76      0.51      0.00      0.00     83.33
11:57:21 PM     all     15.14      0.00      2.48      0.00      0.00      0.74      0.25      0.00      0.00     81.39
11:57:22 PM     all     14.32      0.00      1.76      0.00      0.00      0.75      0.50      0.00      0.00     82.66
11:57:23 PM     all     63.07      0.00      7.54      0.00      0.00      1.01      0.75      0.00      0.00     27.64
11:57:24 PM     all     76.75      0.00      2.75      0.00      0.00      1.25      0.75      0.00      0.00     18.50
11:57:25 PM     all     81.57      0.00      2.53      0.00      0.00      1.01      0.76      0.00      0.00     14.14
11:57:26 PM     all     78.25      0.00      2.50      0.00      0.00      1.25      0.50      0.00      0.00     17.50
11:57:27 PM     all     81.25      0.00      3.00      0.00      0.00      1.00      0.75      0.00      0.00     14.00
11:57:28 PM     all     76.13      0.00      2.51      0.00      0.00      1.26      0.75      0.00      0.00     19.35
11:57:29 PM     all     78.14      0.00      2.51      0.25      0.00      1.01      0.75      0.00      0.00     17.34
11:57:30 PM     all     74.06      0.00      2.02      0.00      0.00      1.26      0.76      0.00      0.00     21.91
11:57:31 PM     all     77.64      0.00      2.01      0.00      0.00      1.01      0.50      0.00      0.00     18.84
11:57:32 PM     all     77.14      0.00      2.76      0.00      0.00      1.26      0.75      0.00      0.00     18.09
11:57:33 PM     all     75.31      0.00      2.99      0.00      0.00      1.00      0.75      0.00      0.00     19.95
11:57:34 PM     all     61.65      0.00      2.01      0.00      0.00      1.25      0.75      0.00      0.00     34.34
11:57:35 PM     all     74.75      0.00      2.75      0.00      0.00      1.00      0.75      0.00      0.00     20.75
11:57:36 PM     all     84.86      0.00      2.98      0.00      0.00      1.24      0.74      0.00      0.00     10.17
11:57:37 PM     all     86.97      0.00      2.26      0.00      0.00      1.25      0.50      0.00      0.00      9.02
11:57:38 PM     all     87.91      0.00      3.02      0.00      0.00      1.01      0.76      0.00      0.00      7.30
11:57:39 PM     all     58.15      0.00      2.51      0.00      0.00      1.25      0.75      0.00      0.00     37.34
11:57:40 PM     all     77.89      0.00      4.52      0.00      0.00      1.01      0.75      0.00      0.00     15.83
11:57:41 PM     all     68.61      0.00      1.77      0.00      0.00      1.01      0.76      0.00      0.00     27.85
11:57:42 PM     all     67.76      0.00      1.51      0.00      0.00      1.26      0.76      0.00      0.00     28.72
11:57:43 PM     all     70.38      0.00      2.28      0.00      0.00      1.01      0.51      0.00      0.00     25.82
11:57:44 PM     all     76.13      0.00      1.26      0.00      0.00      1.01      0.75      0.00      0.00     20.85
11:57:45 PM     all     71.11      0.00      3.02      0.00      0.00      1.26      1.01      0.00      0.00     23.62
11:57:46 PM     all     83.63      0.00      2.27      0.00      0.00      1.26      0.50      0.00      0.00     12.34
11:57:47 PM     all     82.50      0.00      2.50      0.00      0.00      1.25      0.75      0.00      0.00     13.00
11:57:48 PM     all     82.96      0.00      2.51      0.00      0.00      1.00      0.75      0.00      0.00     12.78
11:57:49 PM     all     80.80      0.00      2.74      0.00      0.00      1.25      0.75      0.00      0.00     14.46
11:57:50 PM     all     90.70      0.00      2.26      0.00      0.00      1.26      0.75      0.00      0.00      5.03
11:57:51 PM     all     90.27      0.00      2.49      0.00      0.00      1.25      0.75      0.00      0.00      5.24
11:57:52 PM     all     83.21      0.00      2.26      0.00      0.00      1.00      0.50      0.00      0.00     13.03
11:57:53 PM     all     15.08      0.00      1.51      0.00      0.00      0.25      0.25      0.00      0.00     82.91
11:57:54 PM     all      0.00      0.00      0.25      0.00      0.00      0.25      0.00      0.00      0.00     99.50
11:57:55 PM     all      0.25      0.00      0.00      0.00      0.00      0.00      0.25      0.00      0.00     99.50
11:57:56 PM     all      7.56      0.00      1.51      0.00      0.00      0.50      0.25      0.00      0.00     90.18
11:57:57 PM     all     13.78      0.00      1.28      0.00      0.00      0.77      0.51      0.00      0.00     83.67
11:57:58 PM     all     14.61      0.00      1.26      0.00      0.00      0.76      0.25      0.00      0.00     83.12
11:57:59 PM     all     14.25      0.00      0.76      0.00      0.00      0.76      0.51      0.00      0.00     83.72
11:58:00 PM     all     14.57      0.00      1.26      0.00      0.00      0.75      0.50      0.00      0.00     82.91
11:58:01 PM     all     14.00      0.00      2.50      0.25      0.00      0.75      0.50      0.00      0.00     82.00
11:58:02 PM     all     14.11      0.00      1.51      0.00      0.00      0.76      0.25      0.00      0.00     83.38
11:58:03 PM     all     14.61      0.00      1.76      0.00      0.00      0.76      0.50      0.00      0.00     82.37
11:58:04 PM     all     14.00      0.00      1.75      0.00      0.00      0.50      0.50      0.00      0.00     83.25
11:58:05 PM     all     15.21      0.00      1.75      0.00      0.00      0.75      0.50      0.00      0.00     81.80
11:58:06 PM     all     13.96      0.00      1.27      0.00      0.00      0.76      0.51      0.00      0.00     83.50
11:58:07 PM     all     15.04      0.00      1.75      0.00      0.00      0.75      0.25      0.00      0.00     82.21
11:58:08 PM     all     14.54      0.00      1.25      0.00      0.00      0.75      0.50      0.00      0.00     82.96
11:58:09 PM     all     14.21      0.00      2.00      0.00      0.00      0.75      0.50      0.00      0.00     82.54
11:58:10 PM     all     15.14      0.00      1.74      0.00      0.00      0.74      0.50      0.00      0.00     81.89
11:58:11 PM     all     14.39      0.00      1.26      0.00      0.00      0.76      0.25      0.00      0.00     83.33
11:58:12 PM     all     14.39      0.00      1.01      0.00      0.00      0.76      0.51      0.00      0.00     83.33
11:58:13 PM     all     14.07      0.00      1.76      0.00      0.00      0.75      0.50      0.00      0.00     82.91
11:58:14 PM     all     14.47      0.00      0.76      0.00      0.00      0.51      0.51      0.00      0.00     83.76
11:58:15 PM     all     14.86      0.00      1.01      0.00      0.00      0.76      0.50      0.00      0.00     82.87
11:58:16 PM     all     13.53      0.00      1.25      0.25      0.00      0.75      0.25      0.00      0.00     83.96
11:58:17 PM     all     15.46      0.00      1.25      0.00      0.00      0.75      0.50      0.00      0.00     82.04
11:58:18 PM     all     14.57      0.00      1.76      0.00      0.00      0.75      0.50      0.00      0.00     82.41
11:58:19 PM     all     13.72      0.00      2.24      0.00      0.00      0.75      0.50      0.00      0.00     82.79
11:58:20 PM     all     14.79      0.00      1.50      0.00      0.00      0.75      0.25      0.00      0.00     82.71
11:58:21 PM     all     13.13      0.00      1.26      0.00      0.00      0.76      0.51      0.00      0.00     84.34
11:58:22 PM     all     13.74      0.00      1.27      0.00      0.00      0.51      0.51      0.00      0.00     83.97
11:58:23 PM     all     14.61      0.00      1.51      0.00      0.00      0.76      0.25      0.00      0.00     82.87
11:58:24 PM     all     14.18      0.00      2.24      0.00      0.00      0.75      0.50      0.00      0.00     82.34
11:58:25 PM     all     14.93      0.00      1.99      0.00      0.00      0.75      0.50      0.00      0.00     81.84
11:58:26 PM     all     27.53      0.00      6.82      0.00      0.00      0.76      0.51      0.00      0.00     64.39
11:58:27 PM     all     55.98      0.00      1.53      0.00      0.00      1.02      0.76      0.00      0.00     40.71
11:58:28 PM     all     62.63      0.00      2.02      0.00      0.00      1.01      0.51      0.00      0.00     33.84
11:58:29 PM     all     64.39      0.00      2.27      0.00      0.00      1.26      0.76      0.00      0.00     31.31
11:58:30 PM     all     65.82      0.00      1.77      0.00      0.00      1.01      0.76      0.00      0.00     30.63
11:58:31 PM     all     72.73      0.00      1.77      0.00      0.00      1.26      0.76      0.00      0.00     23.48
11:58:32 PM     all     67.09      0.00      1.77      0.00      0.00      1.01      0.76      0.00      0.00     29.37
11:58:33 PM     all     73.42      0.00      2.03      0.00      0.00      1.01      0.76      0.00      0.00     22.78
11:58:34 PM     all     67.84      0.00      2.51      0.00      0.00      1.26      0.75      0.00      0.00     27.64
11:58:35 PM     all     77.53      0.00      1.77      0.00      0.00      1.01      0.51      0.00      0.00     19.19
11:58:36 PM     all     84.67      0.00      2.51      0.00      0.00      1.26      0.75      0.00      0.00     10.80
11:58:37 PM     all     79.09      0.00      2.27      0.00      0.00      1.01      0.76      0.00      0.00     16.88
11:58:38 PM     all     90.00      0.00      2.00      0.00      0.00      1.25      0.75      0.00      0.00      6.00
11:58:39 PM     all     76.57      0.00      2.02      0.00      0.00      1.26      0.50      0.00      0.00     19.65
11:58:40 PM     all     69.37      0.00      2.53      0.00      0.00      1.01      0.76      0.00      0.00     26.33
11:58:41 PM     all     65.74      0.00      1.76      0.00      0.00      1.01      1.01      0.00      0.00     30.48
11:58:42 PM     all     73.80      0.00      2.27      0.00      0.00      1.26      0.76      0.00      0.00     21.91
11:58:43 PM     all     76.26      0.00      2.53      0.00      0.00      1.26      0.51      0.00      0.00     19.44
11:58:44 PM     all     65.91      0.00      1.77      0.00      0.00      1.01      0.76      0.00      0.00     30.56
11:58:45 PM     all     60.20      0.00      3.02      0.00      0.00      1.01      0.76      0.00      0.00     35.01
11:58:46 PM     all     61.56      0.00      3.27      0.25      0.00      1.01      0.75      0.00      0.00     33.17
11:58:47 PM     all     59.34      0.00      1.26      0.00      0.00      1.01      0.51      0.00      0.00     37.88
11:58:48 PM     all     55.92      0.00      2.27      0.00      0.00      1.01      0.76      0.00      0.00     40.05
11:58:49 PM     all     56.71      0.00      2.03      0.00      0.00      1.01      0.76      0.00      0.00     39.49
11:58:50 PM     all     69.87      0.00      1.52      0.00      0.00      1.01      0.76      0.00      0.00     26.84
11:58:51 PM     all     68.08      0.00      2.74      0.00      0.00      1.25      0.75      0.00      0.00     27.18
11:58:52 PM     all     73.37      0.00      1.51      0.00      0.00      1.01      0.75      0.00      0.00     23.37
11:58:53 PM     all     84.96      0.00      2.76      0.00      0.00      1.25      0.75      0.00      0.00     10.28
11:58:54 PM     all     82.21      0.00      2.26      0.00      0.00      1.00      0.75      0.00      0.00     13.78
11:58:55 PM     all     82.84      0.00      2.74      0.00      0.00      1.24      0.75      0.00      0.00     12.44
11:58:56 PM     all     54.02      0.00      2.01      0.00      0.00      0.75      0.25      0.00      0.00     42.96
11:58:57 PM     all      0.00      0.00      0.75      0.00      0.00      0.00      0.00      0.00      0.00     99.25
11:58:58 PM     all      0.25      0.00      0.25      0.00      0.00      0.25      0.25      0.00      0.00     99.00
11:58:59 PM     all      4.81      0.00      0.51      0.00      0.00      0.25      0.25      0.00      0.00     94.18
11:59:00 PM     all     16.09      0.00      1.73      0.00      0.00      0.74      0.25      0.00      0.00     81.19
11:59:01 PM     all     14.43      0.00      1.77      0.00      0.00      0.76      0.51      0.00      0.00     82.53
11:59:02 PM     all     14.39      0.00      1.26      0.00      0.00      0.76      0.51      0.00      0.00     83.08
11:59:03 PM     all     14.54      0.00      1.75      0.00      0.00      0.75      0.50      0.00      0.00     82.46
11:59:04 PM     all     12.05      0.00      1.03      0.00      0.00      0.51      0.26      0.00      0.00     86.15
11:59:05 PM     all     12.47      0.00      1.25      0.00      0.00      0.75      0.50      0.00      0.00     85.04
11:59:06 PM     all      2.26      0.00      0.50      0.00      0.00      0.25      0.25      0.00      0.00     96.73
11:59:07 PM     all      3.26      0.00      0.50      0.00      0.00      0.25      0.00      0.00      0.00     95.99
11:59:08 PM     all      3.27      0.00      0.50      0.00      0.00      0.25      0.25      0.00      0.00     95.72
11:59:09 PM     all      2.27      0.00      0.25      0.00      0.00      0.25      0.00      0.00      0.00     97.23
11:59:10 PM     all      2.27      0.00      0.25      0.00      0.00      0.25      0.25      0.00      0.00     96.98
11:59:11 PM     all      2.26      0.00      0.75      0.25      0.00      0.25      0.00      0.00      0.00     96.49
11:59:12 PM     all      2.52      0.00      0.50      0.00      0.00      0.25      0.25      0.00      0.00     96.47
11:59:13 PM     all      3.25      0.00      0.50      0.00      0.00      0.25      0.25      0.00      0.00     95.75
11:59:14 PM     all      6.25      0.00      1.00      0.00      0.00      0.50      0.25      0.00      0.00     92.00
11:59:15 PM     all      8.25      0.00      1.00      0.00      0.00      0.25      0.25      0.00      0.00     90.25
11:59:16 PM     all      7.29      0.00      0.75      0.00      0.00      0.50      0.25      0.00      0.00     91.21
11:59:17 PM     all      7.07      0.00      0.76      0.00      0.00      0.51      0.25      0.00      0.00     91.41
11:59:18 PM     all      8.23      0.00      1.25      0.00      0.00      0.50      0.25      0.00      0.00     89.78
11:59:19 PM     all      6.85      0.00      0.76      0.00      0.00      0.51      0.25      0.00      0.00     91.62
11:59:20 PM     all      9.05      0.00      1.26      0.00      0.00      0.50      0.25      0.00      0.00     88.94
11:59:21 PM     all      9.30      0.00      0.75      0.00      0.00      0.50      0.50      0.00      0.00     88.94
11:59:22 PM     all      8.82      0.00      0.76      0.00      0.00      0.50      0.25      0.00      0.00     89.67
11:59:23 PM     all      9.39      0.00      0.76      0.00      0.00      0.51      0.25      0.00      0.00     89.09
11:59:24 PM     all      9.48      0.00      1.50      0.00      0.00      0.50      0.25      0.00      0.00     88.28
11:59:25 PM     all      9.75      0.00      1.00      0.00      0.00      0.50      0.25      0.00      0.00     88.50
11:59:26 PM     all      8.50      0.00      1.00      0.00      0.00      0.50      0.50      0.00      0.00     89.50
11:59:27 PM     all      9.55      0.00      0.50      0.00      0.00      0.50      0.25      0.00      0.00     89.20
11:59:28 PM     all      9.52      0.00      1.00      0.00      0.00      0.75      0.25      0.00      0.00     88.47
11:59:29 PM     all     17.04      0.00      7.27      0.00      0.00      0.50      0.50      0.00      0.00     74.69
11:59:30 PM     all     76.14      0.00      1.52      0.00      0.00      1.02      0.51      0.00      0.00     20.81
11:59:31 PM     all     45.69      0.00      1.27      0.25      0.00      0.76      0.51      0.00      0.00     51.52
11:59:32 PM     all     60.45      0.00      1.76      0.00      0.00      0.76      0.50      0.00      0.00     36.52
11:59:33 PM     all     68.08      0.00      1.75      0.00      0.00      1.00      0.50      0.00      0.00     28.68
11:59:34 PM     all     83.75      0.00      1.50      0.00      0.00      1.00      0.75      0.00      0.00     13.00
11:59:35 PM     all     76.83      0.00      1.51      0.00      0.00      1.01      0.50      0.00      0.00     20.15
11:59:36 PM     all     74.12      0.00      1.76      0.00      0.00      1.01      0.50      0.00      0.00     22.61
11:59:37 PM     all     75.38      0.00      1.26      0.00      0.00      0.75      0.50      0.00      0.00     22.11
11:59:38 PM     all     69.95      0.00      1.01      0.00      0.00      1.01      0.76      0.00      0.00     27.27
11:59:39 PM     all     66.25      0.00      2.02      0.00      0.00      1.01      0.50      0.00      0.00     30.23
11:59:40 PM     all     73.68      0.00      2.01      0.00      0.00      1.00      0.75      0.00      0.00     22.56
11:59:41 PM     all     70.53      0.00      1.26      0.00      0.00      1.01      0.50      0.00      0.00     26.70
11:59:42 PM     all     74.18      0.00      1.77      0.00      0.00      0.76      0.51      0.00      0.00     22.78
11:59:43 PM     all     78.75      0.00      2.25      0.00      0.00      1.00      0.50      0.00      0.00     17.50
11:59:44 PM     all     86.75      0.00      1.75      0.00      0.00      1.00      0.50      0.00      0.00     10.00
11:59:45 PM     all     60.45      0.00      1.49      0.00      0.00      1.00      0.75      0.00      0.00     36.32
11:59:46 PM     all     70.28      0.00      2.02      0.00      0.00      1.01      0.50      0.00      0.00     26.20
11:59:47 PM     all     58.04      0.00      2.26      0.00      0.00      0.75      0.50      0.00      0.00     38.44
11:59:48 PM     all     64.82      0.00      2.76      0.00      0.00      1.01      0.50      0.00      0.00     30.90
11:59:49 PM     all     66.16      0.00      2.02      0.00      0.00      0.76      0.51      0.00      0.00     30.56
11:59:50 PM     all     40.81      0.00      2.27      0.00      0.00      0.76      0.50      0.00      0.00     55.67
11:59:51 PM     all     70.00      0.00      2.50      0.25      0.00      1.00      0.50      0.00      0.00     25.75
11:59:52 PM     all     73.55      0.00      2.52      0.00      0.00      1.01      0.76      0.00      0.00     22.17
11:59:53 PM     all     59.55      0.00      2.26      0.00      0.00      0.75      0.50      0.00      0.00     36.93
11:59:54 PM     all     78.84      0.00      3.02      0.00      0.00      1.01      0.50      0.00      0.00     16.62
11:59:55 PM     all     84.71      0.00      2.76      0.00      0.00      0.75      0.50      0.00      0.00     11.28
11:59:56 PM     all     78.20      0.00      2.76      0.00      0.00      1.00      0.50      0.00      0.00     17.54
11:59:57 PM     all     62.75      0.00      2.00      0.00      0.00      1.00      0.75      0.00      0.00     33.50
11:59:58 PM     all     64.07      0.00      2.76      0.00      0.00      0.75      0.50      0.00      0.00     31.91
11:59:59 PM     all     45.96      0.00      2.53      0.00      0.00      0.76      0.51      0.00      0.00     50.25
12:00:00 AM     all      9.09      0.00      1.26      2.02      0.00      0.76      0.51      0.00      0.00     86.36
12:00:01 AM     all     10.63      0.00      3.29     12.41      0.00      0.51      0.25      0.00      0.00     72.91
12:00:02 AM     all      9.27      0.00      1.50      0.00      0.00      0.50      0.50      0.00      0.00     88.22
12:00:03 AM     all      8.56      0.00      1.51      0.00      0.00      0.50      0.25      0.00      0.00     89.17
12:00:04 AM     all      6.77      0.00      1.00      0.00      0.00      0.50      0.25      0.00      0.00     91.48
12:00:05 AM     all      9.00      0.00      1.75      0.00      0.00      0.50      0.25      0.00      0.00     88.50
12:00:06 AM     all      8.27      0.00      2.01      0.00      0.00      0.50      0.25      0.00      0.00     88.97
12:00:07 AM     all      9.75      0.00      1.00      0.00      0.00      0.50      0.50      0.00      0.00     88.25
12:00:08 AM     all      8.71      0.00      2.24      0.00      0.00      0.50      0.25      0.00      0.00     88.31
12:00:09 AM     all      8.04      0.00      2.26      0.00      0.00      0.50      0.25      0.00      0.00     88.94
12:00:10 AM     all      7.83      0.00      1.26      0.00      0.00      0.51      0.25      0.00      0.00     90.15
12:00:11 AM     all      8.25      0.00      1.75      0.25      0.00      0.50      0.25      0.00      0.00     89.00
12:00:12 AM     all      7.96      0.00      1.49      0.00      0.00      0.50      0.25      0.00      0.00     89.80
12:00:13 AM     all      7.77      0.00      1.75      0.00      0.00      0.25      0.25      0.00      0.00     89.97
12:00:14 AM     all      7.90      0.00      1.98      0.00      0.00      0.49      0.49      0.00      0.00     89.14
12:00:15 AM     all      7.43      0.00      2.23      0.00      0.00      0.50      0.25      0.00      0.00     89.60
12:00:16 AM     all      6.77      0.00      1.25      0.00      0.00      0.50      0.25      0.00      0.00     91.23
12:00:17 AM     all      7.44      0.00      1.99      0.00      0.00      0.25      0.25      0.00      0.00     90.07
12:00:18 AM     all      9.61      0.00      2.46      0.00      0.00      0.74      0.25      0.00      0.00     86.95
12:00:19 AM     all      8.96      0.00      1.74      0.00      0.00      0.50      0.25      0.00      0.00     88.56
12:00:20 AM     all      9.05      0.00      1.51      0.00      0.00      0.50      0.50      0.00      0.00     88.44
12:00:21 AM     all      9.00      0.00      2.00      0.00      0.00      0.50      0.25      0.00      0.00     88.25
12:00:22 AM     all      8.98      0.00      2.49      0.00      0.00      0.50      0.25      0.00      0.00     87.78
12:00:23 AM     all      9.41      0.00      2.72      0.00      0.00      0.50      0.50      0.00      0.00     86.88
12:00:24 AM     all      9.73      0.00      2.00      0.00      0.00      0.50      0.25      0.00      0.00     87.53
12:00:25 AM     all      8.21      0.00      2.24      0.00      0.00      0.50      0.25      0.00      0.00     88.81
12:00:26 AM     all      7.43      0.00      2.48      0.00      0.00      0.50      0.50      0.00      0.00     89.11
12:00:27 AM     all      9.36      0.00      2.71      0.00      0.00      0.49      0.25      0.00      0.00     87.19
12:00:28 AM     all      8.19      0.00      2.23      0.00      0.00      0.50      0.25      0.00      0.00     88.83
12:00:29 AM     all      9.63      0.00      2.72      0.00      0.00      0.49      0.25      0.00      0.00     86.91
12:00:30 AM     all     38.04      0.00      7.81      0.00      0.00      0.76      0.50      0.00      0.00     52.90
12:00:31 AM     all     65.42      0.00      2.74      0.25      0.00      1.00      0.75      0.00      0.00     29.85
12:00:32 AM     all     62.50      0.00      3.00      0.00      0.00      0.75      0.50      0.00      0.00     33.25
12:00:33 AM     all     63.34      0.00      3.24      0.00      0.00      1.00      0.50      0.00      0.00     31.92
12:00:34 AM     all     48.75      0.00      4.00      0.00      0.00      0.75      0.50      0.00      0.00     46.00
12:00:35 AM     all     44.11      0.00      2.51      0.00      0.00      0.75      0.75      0.00      0.00     51.88
12:00:36 AM     all     68.66      0.00      2.99      0.00      0.00      1.00      0.50      0.00      0.00     26.87
12:00:37 AM     all     56.06      0.00      2.53      0.00      0.00      0.76      0.51      0.00      0.00     40.15
12:00:38 AM     all     51.87      0.00      2.99      0.00      0.00      1.00      0.75      0.00      0.00     43.39
12:00:39 AM     all     50.63      0.00      2.51      0.00      0.00      0.75      0.50      0.00      0.00     45.61
12:00:40 AM     all     49.37      0.00      3.26      0.00      0.00      0.75      0.50      0.00      0.00     46.12
12:00:41 AM     all     54.59      0.00      2.73      0.25      0.00      0.99      0.50      0.00      0.00     40.94
12:00:42 AM     all     68.84      0.00      3.02      0.00      0.00      0.75      0.75      0.00      0.00     26.63
12:00:43 AM     all     63.91      0.00      3.26      0.00      0.00      1.00      0.50      0.00      0.00     31.33
12:00:44 AM     all     53.71      0.00      2.72      0.00      0.00      0.74      0.50      0.00      0.00     42.33
12:00:45 AM     all     52.00      0.00      2.50      0.00      0.00      0.75      0.75      0.00      0.00     44.00
12:00:46 AM     all     47.38      0.00      2.24      0.00      0.00      1.00      0.50      0.00      0.00     48.88
12:00:47 AM     all     55.72      0.00      2.74      0.00      0.00      0.75      0.50      0.00      0.00     40.30
12:00:48 AM     all     52.87      0.00      1.75      0.00      0.00      0.75      0.50      0.00      0.00     44.14
12:00:49 AM     all     56.61      0.00      2.24      0.00      0.00      1.00      0.75      0.00      0.00     39.40
12:00:50 AM     all     50.75      0.00      1.99      0.00      0.00      0.75      0.50      0.00      0.00     46.02
12:00:51 AM     all     65.09      0.00      2.00      0.00      0.00      1.00      0.50      0.00      0.00     31.42
12:00:52 AM     all     65.84      0.00      2.49      0.00      0.00      0.75      0.50      0.00      0.00     30.42
12:00:53 AM     all     49.75      0.00      2.00      0.00      0.00      0.75      0.75      0.00      0.00     46.75
12:00:54 AM     all     66.08      0.00      2.00      0.00      0.00      1.00      0.50      0.00      0.00     30.42
12:00:55 AM     all     58.40      0.00      2.26      0.00      0.00      1.00      0.50      0.00      0.00     37.84
12:00:56 AM     all     57.25      0.00      1.75      0.00      0.00      0.75      0.50      0.00      0.00     39.75
12:00:57 AM     all     68.98      0.00      2.48      0.00      0.00      0.74      0.74      0.00      0.00     27.05
12:00:58 AM     all     61.56      0.00      1.51      0.00      0.00      1.01      0.50      0.00      0.00     35.43
12:00:59 AM     all     51.50      0.00      1.50      0.00      0.00      0.75      0.50      0.00      0.00     45.75
12:01:00 AM     all     17.88      0.00      2.02      0.00      0.00      0.76      0.50      0.00      0.00     78.84
12:01:01 AM     all      9.20      0.00      1.99      0.25      0.00      0.50      0.25      0.00      0.00     87.81
12:01:02 AM     all      8.86      0.00      1.01      0.00      0.00      0.51      0.25      0.00      0.00     89.37
12:01:03 AM     all      8.54      0.00      1.51      0.00      0.00      0.50      0.50      0.00      0.00     88.94
12:01:04 AM     all      9.43      0.00      1.74      0.00      0.00      0.50      0.25      0.00      0.00     88.09
12:01:05 AM     all     10.08      0.00      0.76      0.00      0.00      0.50      0.25      0.00      0.00     88.41
12:01:06 AM     all     10.17      0.00      1.99      0.00      0.00      0.50      0.25      0.00      0.00     87.10
12:01:07 AM     all     10.67      0.00      1.24      0.00      0.00      0.50      0.50      0.00      0.00     87.10
12:01:08 AM     all      8.17      0.00      1.73      0.00      0.00      0.50      0.25      0.00      0.00     89.36
12:01:09 AM     all      9.25      0.00      1.00      0.00      0.00      0.50      0.50      0.00      0.00     88.75
12:01:10 AM     all      9.00      0.00      1.25      0.00      0.00      0.50      0.25      0.00      0.00     89.00
12:01:11 AM     all     10.28      0.00      1.00      0.00      0.00      0.50      0.25      0.00      0.00     87.97
12:01:12 AM     all      8.21      0.00      2.24      0.00      0.00      0.50      0.25      0.00      0.00     88.81
12:01:13 AM     all      9.43      0.00      1.49      0.00      0.00      0.74      0.50      0.00      0.00     87.84
12:01:14 AM     all      8.56      0.00      1.01      0.00      0.00      0.25      0.25      0.00      0.00     89.92
12:01:15 AM     all      9.07      0.00      1.26      0.00      0.00      0.76      0.25      0.00      0.00     88.66
12:01:16 AM     all      8.75      0.00      1.25      0.00      0.00      0.50      0.50      0.00      0.00     89.00
12:01:17 AM     all     10.42      0.00      1.74      0.00      0.00      0.50      0.25      0.00      0.00     87.10
12:01:18 AM     all      9.73      0.00      1.75      0.00      0.00      0.50      0.25      0.00      0.00     87.78
12:01:19 AM     all      8.35      0.00      0.51      0.00      0.00      0.51      0.25      0.00      0.00     90.38
12:01:20 AM     all      9.48      0.00      1.50      0.00      0.00      0.50      0.50      0.00      0.00     88.03
12:01:21 AM     all      8.88      0.00      0.51      0.00      0.00      0.51      0.25      0.00      0.00     89.85
12:01:22 AM     all      6.31      0.00      0.51      0.00      0.00      0.51      0.25      0.00      0.00     92.42
12:01:23 AM     all      9.52      0.00      1.00      0.00      0.00      0.50      0.25      0.00      0.00     88.72
12:01:24 AM     all      9.39      0.00      0.51      0.00      0.00      0.51      0.25      0.00      0.00     89.34
12:01:25 AM     all      9.55      0.00      1.01      0.00      0.00      0.50      0.50      0.00      0.00     88.44
12:01:26 AM     all      5.28      0.00      0.75      0.25      0.00      0.25      0.25      0.00      0.00     93.22
12:01:27 AM     all      9.25      0.00      1.25      0.00      0.00      0.75      0.25      0.00      0.00     88.50
12:01:28 AM     all      9.73      0.00      1.50      0.00      0.00      0.50      0.25      0.00      0.00     88.03
12:01:29 AM     all      9.27      0.00      1.50      0.00      0.00      0.50      0.25      0.00      0.00     88.47
12:01:30 AM     all     33.50      0.00      7.11      0.00      0.00      0.51      0.51      0.00      0.00     58.38
12:01:31 AM     all     71.68      0.00      1.50      0.00      0.00      1.00      0.75      0.00      0.00     25.06
12:01:32 AM     all     78.39      0.00      1.51      0.00      0.00      1.01      0.50      0.00      0.00     18.59
12:01:33 AM     all     69.60      0.00      1.01      0.00      0.00      1.01      0.50      0.00      0.00     27.89
12:01:34 AM     all     68.77      0.00      2.27      0.00      0.00      0.76      0.50      0.00      0.00     27.71
12:01:35 AM     all     55.61      0.00      2.00      0.00      0.00      1.00      0.75      0.00      0.00     40.65
12:01:36 AM     all     66.17      0.00      0.75      0.00      0.00      0.75      0.50      0.00      0.00     31.83
12:01:37 AM     all     70.78      0.00      1.76      0.00      0.00      1.01      0.50      0.00      0.00     25.94
12:01:38 AM     all     54.77      0.00      1.51      0.00      0.00      0.75      0.50      0.00      0.00     42.46
12:01:39 AM     all     56.00      0.00      1.75      0.00      0.00      1.00      0.50      0.00      0.00     40.75
12:01:40 AM     all     44.08      0.00      1.26      0.00      0.00      0.50      0.50      0.00      0.00     53.65
12:01:41 AM     all     53.25      0.00      1.50      0.00      0.00      1.00      0.50      0.00      0.00     43.75
12:01:42 AM     all     53.65      0.00      1.51      0.00      0.00      0.76      0.50      0.00      0.00     43.58
12:01:43 AM     all     52.76      0.00      1.01      0.00      0.00      0.75      0.75      0.00      0.00     44.72
12:01:44 AM     all     61.65      0.00      2.26      0.00      0.00      1.00      0.50      0.00      0.00     34.59
12:01:45 AM     all     64.47      0.00      2.28      0.00      0.00      0.76      0.51      0.00      0.00     31.98
12:01:46 AM     all     60.85      0.00      1.75      0.25      0.00      1.00      0.50      0.00      0.00     35.66
12:01:47 AM     all     78.50      0.00      1.50      0.00      0.00      1.00      0.75      0.00      0.00     18.25
12:01:48 AM     all     65.23      0.00      1.27      0.00      0.00      0.76      0.51      0.00      0.00     32.23
12:01:49 AM     all     69.70      0.00      1.01      0.00      0.00      1.01      0.51      0.00      0.00     27.78
12:01:50 AM     all     77.89      0.00      2.26      0.00      0.00      1.01      0.75      0.00      0.00     18.09
12:01:51 AM     all     67.68      0.00      1.52      0.00      0.00      1.01      0.51      0.00      0.00     29.29
12:01:52 AM     all     70.85      0.00      2.01      0.00      0.00      0.75      0.75      0.00      0.00     25.63
12:01:53 AM     all     82.12      0.00      1.51      0.00      0.00      1.01      0.50      0.00      0.00     14.86
12:01:54 AM     all     83.79      0.00      1.75      0.00      0.00      1.00      0.50      0.00      0.00     12.97
12:01:55 AM     all     72.29      0.00      1.51      0.00      0.00      1.01      0.50      0.00      0.00     24.69
12:01:56 AM     all     72.73      0.00      1.52      0.25      0.00      0.76      0.51      0.00      0.00     24.24
12:01:57 AM     all     66.50      0.00      2.02      0.00      0.00      1.01      0.76      0.00      0.00     29.72
12:01:58 AM     all     70.68      0.00      1.75      0.00      0.00      1.00      0.50      0.00      0.00     26.07
12:01:59 AM     all     67.68      0.00      2.02      0.00      0.00      0.76      0.51      0.00      0.00     29.04
12:02:00 AM     all     38.99      0.00      2.03      0.00      0.00      0.76      0.51      0.00      0.00     57.72
12:02:01 AM     all     10.84      0.00      2.46      0.00      0.00      0.74      0.49      0.00      0.00     85.47
12:02:02 AM     all      9.45      0.00      1.49      0.25      0.00      0.50      0.25      0.00      0.00     88.06
12:02:03 AM     all      8.61      0.00      1.01      0.00      0.00      0.51      0.25      0.00      0.00     89.62
12:02:04 AM     all      8.79      0.00      1.01      0.00      0.00      0.50      0.25      0.00      0.00     89.45
12:02:05 AM     all      9.05      0.00      1.01      0.00      0.00      0.50      0.50      0.00      0.00     88.94
12:02:06 AM     all      8.59      0.00      0.76      0.00      0.00      0.51      0.25      0.00      0.00     89.90
12:02:07 AM     all      9.02      0.00      1.75      0.00      0.00      0.50      0.50      0.00      0.00     88.22
12:02:08 AM     all      8.56      0.00      1.01      0.00      0.00      0.50      0.25      0.00      0.00     89.67
12:02:09 AM     all      9.95      0.00      1.74      0.00      0.00      0.50      0.25      0.00      0.00     87.56
12:02:10 AM     all      9.62      0.00      0.76      0.00      0.00      0.51      0.25      0.00      0.00     88.86
12:02:11 AM     all      9.50      0.00      1.50      0.00      0.00      0.50      0.50      0.00      0.00     88.00
12:02:12 AM     all      9.02      0.00      1.50      0.00      0.00      0.50      0.25      0.00      0.00     88.72
12:02:13 AM     all      9.57      0.00      1.26      0.00      0.00      0.50      0.25      0.00      0.00     88.41
12:02:14 AM     all      9.25      0.00      1.50      0.00      0.00      0.50      0.25      0.00      0.00     88.50
12:02:15 AM     all      9.27      0.00      0.75      0.00      0.00      0.75      0.50      0.00      0.00     88.72
12:02:16 AM     all      8.84      0.00      1.01      0.00      0.00      0.51      0.25      0.00      0.00     89.39
12:02:17 AM     all      9.02      0.00      1.00      0.00      0.00      0.50      0.25      0.00      0.00     89.22
Average:        all     38.39      0.00      2.09      0.04      0.00      0.81      0.52      0.00      0.00     58.15
