Linux 4.9.253-tegra (nano-desktop) 	08/16/2023 	_aarch64_	(4 CPU)

11:29:11 PM     CPU      %usr     %nice      %sys   %iowait    %steal      %irq     %soft    %guest    %gnice     %idle
11:29:12 PM     all     10.00      0.00     17.50      0.00      0.00      0.75      0.50      0.00      0.00     71.25
11:29:13 PM     all     13.32      0.00      2.01      0.00      0.00      0.75      0.50      0.00      0.00     83.42
11:29:14 PM     all     15.50      0.00      1.25      0.00      0.00      0.50      0.50      0.00      0.00     82.25
11:29:15 PM     all     15.50      0.00      1.00      0.00      0.00      1.00      0.50      0.00      0.00     82.00
11:29:16 PM     all     13.82      0.00      1.76      0.25      0.00      0.50      0.25      0.00      0.00     83.42
11:29:17 PM     all     14.75      0.00      1.50      0.00      0.00      0.75      0.50      0.00      0.00     82.50
11:29:18 PM     all     13.89      0.00      1.52      0.00      0.00      0.76      0.51      0.00      0.00     83.33
11:29:19 PM     all     14.43      0.00      1.52      0.00      0.00      0.76      0.51      0.00      0.00     82.78
11:29:20 PM     all     15.46      0.00      1.50      0.00      0.00      0.75      0.25      0.00      0.00     82.04
11:29:21 PM     all     14.21      0.00      1.27      0.00      0.00      0.76      0.51      0.00      0.00     83.25
11:29:22 PM     all     14.65      0.00      1.01      0.00      0.00      0.76      0.51      0.00      0.00     83.08
11:29:23 PM     all     14.14      0.00      1.52      0.00      0.00      0.76      0.51      0.00      0.00     83.08
11:29:24 PM     all     14.07      0.00      1.76      0.00      0.00      0.75      0.50      0.00      0.00     82.91
11:29:25 PM     all     14.36      0.00      1.26      0.00      0.00      0.76      0.25      0.00      0.00     83.38
11:29:26 PM     all     15.33      0.00      1.01      0.00      0.00      0.75      0.50      0.00      0.00     82.41
11:29:27 PM     all     14.07      0.00      1.51      0.00      0.00      0.50      0.50      0.00      0.00     83.42
11:29:28 PM     all     14.75      0.00      1.25      0.00      0.00      0.75      0.50      0.00      0.00     82.75
11:29:29 PM     all     14.90      0.00      1.26      0.00      0.00      0.76      0.51      0.00      0.00     82.58
11:29:30 PM     all     14.65      0.00      1.26      0.00      0.00      0.76      0.25      0.00      0.00     83.08
11:29:31 PM     all     13.72      0.00      2.00      0.00      0.00      0.75      0.50      0.00      0.00     83.04
11:29:32 PM     all     14.39      0.00      1.26      0.00      0.00      0.76      0.51      0.00      0.00     83.08
11:29:33 PM     all     14.68      0.00      0.76      0.00      0.00      0.76      0.51      0.00      0.00     83.29
11:29:34 PM     all     14.11      0.00      1.01      0.00      0.00      0.76      0.50      0.00      0.00     83.63
11:29:35 PM     all     15.04      0.00      1.50      0.00      0.00      0.75      0.25      0.00      0.00     82.46
11:29:36 PM     all     15.00      0.00      1.25      0.25      0.00      0.75      0.50      0.00      0.00     82.25
11:29:37 PM     all     14.14      0.00      1.26      0.00      0.00      0.76      0.51      0.00      0.00     83.33
11:29:38 PM     all     14.21      0.00      1.52      0.00      0.00      0.51      0.51      0.00      0.00     83.25
11:29:39 PM     all     13.99      0.00      1.27      0.00      0.00      0.76      0.51      0.00      0.00     83.46
11:29:40 PM     all     14.79      0.00      1.75      0.00      0.00      0.75      0.25      0.00      0.00     82.46
11:29:41 PM     all      8.00      0.00     66.00      0.00      0.00      0.75      0.50      0.00      0.00     24.75
11:29:42 PM     all      5.74      0.00     90.02      1.00      0.00      0.75      0.25      0.00      0.00      2.24
11:29:43 PM     all      5.49      0.00     90.27      1.75      0.00      0.50      0.25      0.00      0.00      1.75
11:29:44 PM     all      6.40      0.00     89.16      1.48      0.00      0.74      0.25      0.00      0.00      1.97
11:29:45 PM     all      3.76      0.00     92.48      1.00      0.00      0.50      0.25      0.00      0.00      2.01
11:29:46 PM     all      5.25      0.00     85.50      2.25      0.00      0.75      0.25      0.00      0.00      6.00
11:29:47 PM     all      6.28      0.00     89.70      1.26      0.00      0.75      0.25      0.00      0.00      1.76
11:29:48 PM     all      4.25      0.00     91.00      1.50      0.00      0.50      0.00      0.00      0.00      2.75
11:29:49 PM     all      5.99      0.00     90.52      0.75      0.00      0.50      0.25      0.00      0.00      2.00
11:29:50 PM     all      5.21      0.00     90.07      1.24      0.00      0.74      0.25      0.00      0.00      2.48
11:29:51 PM     all      4.47      0.00     90.57      1.99      0.00      0.74      0.25      0.00      0.00      1.99
11:29:52 PM     all      3.48      0.00     92.79      0.75      0.00      0.50      0.25      0.00      0.00      2.24
11:29:53 PM     all      5.45      0.00     91.34      1.24      0.00      0.74      0.25      0.00      0.00      0.99
11:29:54 PM     all      4.50      0.00     92.00      1.25      0.00      0.50      0.25      0.00      0.00      1.50
11:29:55 PM     all      3.26      0.00     92.73      1.75      0.00      0.50      0.25      0.00      0.00      1.50
11:29:56 PM     all      3.23      0.00     87.31      2.99      0.00      0.50      0.25      0.00      0.00      5.72
11:29:57 PM     all      4.24      0.00     91.27      1.50      0.00      0.75      0.25      0.00      0.00      2.00
11:29:58 PM     all      3.77      0.00     92.71      1.51      0.00      0.50      0.00      0.00      0.00      1.51
11:29:59 PM     all      3.76      0.00     91.73      1.50      0.00      0.75      0.25      0.00      0.00      2.01
11:30:00 PM     all      4.76      0.00     90.48      1.75      0.00      0.50      0.25      0.00      0.00      2.26
11:30:01 PM     all      6.00      0.00     89.75      1.25      0.00      0.75      0.25      0.00      0.00      2.00
11:30:02 PM     all      7.18      0.00     87.87      1.98      0.00      0.50      0.25      0.00      0.00      2.23
11:30:03 PM     all      3.75      0.00     92.50      1.00      0.00      0.75      0.25      0.00      0.00      1.75
11:30:04 PM     all      7.20      0.00     87.84      1.99      0.00      0.74      0.25      0.00      0.00      1.99
11:30:05 PM     all      4.73      0.00     86.07      4.48      0.00      0.50      0.25      0.00      0.00      3.98
11:30:06 PM     all      6.78      0.00     88.19      1.76      0.00      0.75      0.25      0.00      0.00      2.26
11:30:07 PM     all      5.28      0.00     90.20      1.51      0.00      0.50      0.25      0.00      0.00      2.26
11:30:08 PM     all      5.03      0.00     90.20      1.26      0.00      0.50      0.25      0.00      0.00      2.76
11:30:09 PM     all      3.96      0.00     90.59      2.23      0.00      0.74      0.25      0.00      0.00      2.23
11:30:10 PM     all      3.52      0.00     91.96      1.76      0.00      0.50      0.25      0.00      0.00      2.01
11:30:11 PM     all      2.01      0.00     42.71      1.26      0.00      0.50      0.25      0.00      0.00     53.27
11:30:12 PM     all      0.25      0.00      0.00      0.00      0.00      0.00      0.00      0.00      0.00     99.75
11:30:13 PM     all      0.00      0.00      0.00      0.00      0.00      0.00      0.00      0.00      0.00    100.00
11:30:14 PM     all      9.55      0.00      1.51      0.00      0.00      0.50      0.25      0.00      0.00     88.19
11:30:15 PM     all     14.61      0.00      1.26      0.00      0.00      1.01      0.50      0.00      0.00     82.62
11:30:16 PM     all     14.11      0.00      1.26      0.00      0.00      0.50      0.50      0.00      0.00     83.63
11:30:17 PM     all     14.79      0.00      1.50      0.00      0.00      0.75      0.50      0.00      0.00     82.46
11:30:18 PM     all     13.20      0.00      1.27      0.00      0.00      0.76      0.25      0.00      0.00     84.52
11:30:19 PM     all     14.11      0.00      1.76      0.00      0.00      0.76      0.50      0.00      0.00     82.87
11:30:20 PM     all     14.57      0.00      1.51      0.00      0.00      0.75      0.50      0.00      0.00     82.66
11:30:21 PM     all     14.14      0.00      1.52      0.00      0.00      0.76      0.51      0.00      0.00     83.08
11:30:22 PM     all     13.92      0.00      1.52      0.00      0.00      0.76      0.51      0.00      0.00     83.29
11:30:23 PM     all     14.11      0.00      2.02      0.00      0.00      0.76      0.25      0.00      0.00     82.87
11:30:24 PM     all     14.43      0.00      1.01      0.00      0.00      0.76      0.51      0.00      0.00     83.29
11:30:25 PM     all     11.28      0.00      2.26      0.00      0.00      0.50      0.50      0.00      0.00     85.46
11:30:26 PM     all     13.78      0.00      2.26      0.00      0.00      0.75      0.50      0.00      0.00     82.71
11:30:27 PM     all     14.36      0.00      1.51      0.00      0.00      0.76      0.25      0.00      0.00     83.12
11:30:28 PM     all     15.46      0.00      1.50      0.00      0.00      0.75      0.50      0.00      0.00     81.80
11:30:29 PM     all     14.54      0.00      1.50      0.00      0.00      0.75      0.50      0.00      0.00     82.71
11:30:30 PM     all     13.85      0.00      2.02      0.00      0.00      0.76      0.50      0.00      0.00     82.87
11:30:31 PM     all     12.31      0.00      1.51      0.00      0.00      0.75      0.50      0.00      0.00     84.92
11:30:32 PM     all     15.14      0.00      2.73      0.00      0.00      0.74      0.25      0.00      0.00     81.14
11:30:33 PM     all     12.56      0.00      1.76      0.00      0.00      0.75      0.50      0.00      0.00     84.42
11:30:34 PM     all     14.43      0.00      2.49      0.00      0.00      0.75      0.50      0.00      0.00     81.84
11:30:35 PM     all     14.14      0.00      3.23      0.00      0.00      0.50      0.50      0.00      0.00     81.64
11:30:36 PM     all     14.71      0.00      1.50      0.25      0.00      1.00      0.50      0.00      0.00     82.04
11:30:37 PM     all     14.43      0.00      2.74      0.00      0.00      0.50      0.25      0.00      0.00     82.09
11:30:38 PM     all     13.50      0.00      3.00      0.00      0.00      0.75      0.50      0.00      0.00     82.25
11:30:39 PM     all     13.90      0.00      2.98      0.00      0.00      0.74      0.50      0.00      0.00     81.89
11:30:40 PM     all     13.72      0.00      2.99      0.00      0.00      0.75      0.50      0.00      0.00     82.04
11:30:41 PM     all     14.39      0.00      2.73      0.00      0.00      0.74      0.50      0.00      0.00     81.64
11:30:42 PM     all     12.69      0.00      2.74      0.00      0.00      0.75      0.25      0.00      0.00     83.58
11:30:43 PM     all     15.35      0.00      2.48      0.00      0.00      0.74      0.50      0.00      0.00     80.94
11:30:44 PM     all      8.66      0.00     52.48      0.00      0.00      0.74      0.50      0.00      0.00     37.62
11:30:45 PM     all      5.00      0.00     85.25      2.75      0.00      0.75      0.25      0.00      0.00      6.00
11:30:46 PM     all      4.26      0.00     91.98      1.25      0.00      0.50      0.25      0.00      0.00      1.75
11:30:47 PM     all      5.28      0.00     89.70      2.01      0.00      0.50      0.25      0.00      0.00      2.26
11:30:48 PM     all      4.98      0.00     90.80      1.49      0.00      0.75      0.25      0.00      0.00      1.74
11:30:49 PM     all      5.04      0.00     90.93      1.76      0.00      0.50      0.00      0.00      0.00      1.76
11:30:50 PM     all      6.52      0.00     87.72      1.50      0.00      0.75      0.50      0.00      0.00      3.01
11:30:51 PM     all      5.74      0.00     90.77      1.25      0.00      0.75      0.25      0.00      0.00      1.25
11:30:52 PM     all      5.56      0.00     90.15      1.01      0.00      0.51      0.25      0.00      0.00      2.53
11:30:53 PM     all      4.44      0.00     86.67      2.72      0.00      0.74      0.00      0.00      0.00      5.43
11:30:54 PM     all      5.01      0.00     90.98      1.25      0.00      0.50      0.25      0.00      0.00      2.01
11:30:55 PM     all      4.00      0.00     92.00      1.75      0.00      0.50      0.25      0.00      0.00      1.50
11:30:56 PM     all      4.53      0.00     91.69      1.01      0.00      0.76      0.25      0.00      0.00      1.76
11:30:57 PM     all      3.50      0.00     93.50      0.75      0.00      0.50      0.25      0.00      0.00      1.50
11:30:58 PM     all      5.76      0.00     88.22      2.01      0.00      0.75      0.25      0.00      0.00      3.01
11:30:59 PM     all      4.20      0.00     92.59      1.23      0.00      0.49      0.25      0.00      0.00      1.23
11:31:00 PM     all      7.02      0.00     88.47      1.50      0.00      0.75      0.25      0.00      0.00      2.01
11:31:01 PM     all      4.52      0.00     91.21      1.51      0.00      0.75      0.25      0.00      0.00      1.76
11:31:02 PM     all      4.27      0.00     92.21      1.26      0.00      0.50      0.25      0.00      0.00      1.51
11:31:03 PM     all      4.96      0.00     85.61      2.98      0.00      0.74      0.25      0.00      0.00      5.46
11:31:04 PM     all      4.73      0.00     91.29      1.49      0.00      0.50      0.25      0.00      0.00      1.74
11:31:05 PM     all      3.78      0.00     91.94      1.01      0.00      0.76      0.25      0.00      0.00      2.27
11:31:06 PM     all      6.48      0.00     88.78      1.75      0.00      0.50      0.25      0.00      0.00      2.24
11:31:07 PM     all      7.00      0.00     88.50      1.50      0.00      0.75      0.25      0.00      0.00      2.00
11:31:08 PM     all      4.93      0.00     91.38      0.99      0.00      0.74      0.25      0.00      0.00      1.72
11:31:09 PM     all      5.24      0.00     90.02      1.50      0.00      0.50      0.25      0.00      0.00      2.49
11:31:10 PM     all      5.75      0.00     89.75      1.75      0.00      0.75      0.25      0.00      0.00      1.75
11:31:11 PM     all      4.28      0.00     92.44      0.76      0.00      0.50      0.25      0.00      0.00      1.76
11:31:12 PM     all      6.55      0.00     84.13      5.04      0.00      0.76      0.25      0.00      0.00      3.27
11:31:13 PM     all      5.45      0.00     89.11      1.73      0.00      0.50      0.25      0.00      0.00      2.97
11:31:14 PM     all      3.23      0.00     78.86      1.74      0.00      0.50      0.25      0.00      0.00     15.42
11:31:15 PM     all      0.25      0.00      1.00      0.00      0.00      0.25      0.00      0.00      0.00     98.51
11:31:16 PM     all      0.00      0.00      1.24      0.00      0.00      0.00      0.00      0.00      0.00     98.76
11:31:17 PM     all      7.48      0.00      1.25      0.00      0.00      0.50      0.25      0.00      0.00     90.52
11:31:18 PM     all     12.59      0.00      2.02      0.00      0.00      0.76      0.50      0.00      0.00     84.13
11:31:19 PM     all     15.42      0.00      1.74      0.00      0.00      0.75      0.50      0.00      0.00     81.59
11:31:20 PM     all     14.71      0.00      2.24      0.00      0.00      0.75      0.50      0.00      0.00     81.80
11:31:21 PM     all     14.46      0.00      2.49      0.00      0.00      0.50      0.25      0.00      0.00     82.29
11:31:22 PM     all     13.90      0.00      2.98      0.00      0.00      0.99      0.50      0.00      0.00     81.64
11:31:23 PM     all     14.32      0.00      1.76      0.00      0.00      0.50      0.50      0.00      0.00     82.91
11:31:24 PM     all     14.18      0.00      2.74      0.00      0.00      0.75      0.50      0.00      0.00     81.84
11:31:25 PM     all     11.08      0.00      1.76      0.00      0.00      0.76      0.25      0.00      0.00     86.15
11:31:26 PM     all     15.29      0.00      1.25      0.00      0.00      0.75      0.50      0.00      0.00     82.21
11:31:27 PM     all     14.54      0.00      1.50      0.00      0.00      0.75      0.50      0.00      0.00     82.71
11:31:28 PM     all     14.71      0.00      2.24      0.00      0.00      0.75      0.50      0.00      0.00     81.80
11:31:29 PM     all     15.56      0.00      1.73      0.00      0.00      0.74      0.49      0.00      0.00     81.48
11:31:30 PM     all     16.00      0.00      1.50      0.00      0.00      0.75      0.50      0.00      0.00     81.25
11:31:31 PM     all     13.57      0.00      2.01      0.00      0.00      0.75      0.50      0.00      0.00     83.17
11:31:32 PM     all     14.75      0.00      2.00      0.00      0.00      0.75      0.25      0.00      0.00     82.25
11:31:33 PM     all     13.74      0.00      0.51      0.00      0.00      0.51      0.51      0.00      0.00     84.73
11:31:34 PM     all     14.11      0.00      1.51      0.00      0.00      0.76      0.50      0.00      0.00     83.12
11:31:35 PM     all     14.21      0.00      2.24      0.25      0.00      0.75      0.50      0.00      0.00     82.04
11:31:36 PM     all     13.42      0.00      1.77      0.00      0.00      0.76      0.51      0.00      0.00     83.54
11:31:37 PM     all     14.94      0.00      1.01      0.00      0.00      0.76      0.25      0.00      0.00     83.04
11:31:38 PM     all     14.29      0.00      1.50      0.00      0.00      0.75      0.50      0.00      0.00     82.96
11:31:39 PM     all     14.57      0.00      1.51      0.00      0.00      0.75      0.50      0.00      0.00     82.66
11:31:40 PM     all     14.46      0.00      2.24      0.00      0.00      0.75      0.50      0.00      0.00     82.04
11:31:41 PM     all     14.14      0.00      1.52      0.00      0.00      0.76      0.25      0.00      0.00     83.33
11:31:42 PM     all     14.68      0.00      2.24      0.00      0.00      0.75      0.50      0.00      0.00     81.84
11:31:43 PM     all     14.11      0.00      1.51      0.00      0.00      0.76      0.50      0.00      0.00     83.12
11:31:44 PM     all     14.57      0.00      1.76      0.00      0.00      0.75      0.50      0.00      0.00     82.41
11:31:45 PM     all     13.74      0.00      1.27      0.00      0.00      0.76      0.51      0.00      0.00     83.72
11:31:46 PM     all     14.43      0.00      1.99      0.00      0.00      0.75      0.50      0.00      0.00     82.34
11:31:47 PM     all     10.50      0.00     33.75      0.00      0.00      0.75      0.50      0.00      0.00     54.50
11:31:48 PM     all      6.25      0.00     89.25      1.50      0.00      0.50      0.25      0.00      0.00      2.25
11:31:49 PM     all      6.28      0.00     89.20      1.01      0.00      0.75      0.25      0.00      0.00      2.51
11:31:50 PM     all      3.71      0.00     90.84      2.23      0.00      0.50      0.25      0.00      0.00      2.48
11:31:51 PM     all      4.27      0.00     92.21      1.01      0.00      0.75      0.25      0.00      0.00      1.51
11:31:52 PM     all      5.51      0.00     91.48      1.00      0.00      0.50      0.25      0.00      0.00      1.25
11:31:53 PM     all      8.06      0.00     84.63      2.52      0.00      0.76      0.25      0.00      0.00      3.78
11:31:54 PM     all      7.41      0.00     88.89      1.23      0.00      0.74      0.25      0.00      0.00      1.48
11:31:55 PM     all      3.97      0.00     91.81      1.74      0.00      0.50      0.25      0.00      0.00      1.74
11:31:56 PM     all      5.25      0.00     90.50      1.75      0.00      0.75      0.25      0.00      0.00      1.50
11:31:57 PM     all      5.25      0.00     90.25      1.50      0.00      0.50      0.25      0.00      0.00      2.25
11:31:58 PM     all      4.47      0.00     91.07      1.49      0.00      0.74      0.25      0.00      0.00      1.99
11:31:59 PM     all      4.03      0.00     91.94      1.51      0.00      0.50      0.25      0.00      0.00      1.76
11:32:00 PM     all      6.93      0.00     88.12      1.73      0.00      0.74      0.25      0.00      0.00      2.23
11:32:01 PM     all      6.22      0.00     87.81      1.49      0.00      0.75      0.25      0.00      0.00      3.48
11:32:02 PM     all      4.24      0.00     91.77      1.50      0.00      0.50      0.25      0.00      0.00      1.75
11:32:03 PM     all      6.00      0.00     90.50      1.25      0.00      0.75      0.25      0.00      0.00      1.25
11:32:04 PM     all      3.47      0.00     92.80      1.49      0.00      0.50      0.25      0.00      0.00      1.49
11:32:05 PM     all      4.49      0.00     92.27      1.25      0.00      0.50      0.25      0.00      0.00      1.25
11:32:06 PM     all      3.72      0.00     91.32      1.74      0.00      0.74      0.00      0.00      0.00      2.48
11:32:07 PM     all      5.26      0.00     89.72      2.01      0.00      0.50      0.25      0.00      0.00      2.26
11:32:08 PM     all      5.22      0.00     90.80      1.00      0.00      0.75      0.25      0.00      0.00      1.99
11:32:09 PM     all      4.95      0.00     90.35      1.49      0.00      0.50      0.25      0.00      0.00      2.48
11:32:10 PM     all      5.17      0.00     87.93      2.96      0.00      0.74      0.25      0.00      0.00      2.96
11:32:11 PM     all      5.74      0.00     90.02      1.50      0.00      0.75      0.25      0.00      0.00      1.75
11:32:12 PM     all      4.00      0.00     92.00      1.25      0.00      0.50      0.25      0.00      0.00      2.00
11:32:13 PM     all      7.32      0.00     87.88      1.77      0.00      0.76      0.25      0.00      0.00      2.02
11:32:14 PM     all      6.00      0.00     89.25      1.50      0.00      0.50      0.25      0.00      0.00      2.50
11:32:15 PM     all      5.51      0.00     89.97      1.25      0.00      0.75      0.25      0.00      0.00      2.26
11:32:16 PM     all      6.31      0.00     89.65      1.26      0.00      0.51      0.51      0.00      0.00      1.77
11:32:17 PM     all      4.24      0.00     85.04      2.24      0.00      0.75      0.25      0.00      0.00      7.48
11:32:18 PM     all      0.00      0.00      0.25      0.00      0.00      0.00      0.00      0.00      0.00     99.75
11:32:19 PM     all      0.00      0.00      0.25      0.00      0.00      0.25      0.00      0.00      0.00     99.50
11:32:20 PM     all      3.50      0.00      1.00      0.00      0.00      0.25      0.25      0.00      0.00     95.00
11:32:21 PM     all     14.57      0.00      1.26      0.00      0.00      0.75      0.50      0.00      0.00     82.91
11:32:22 PM     all     14.65      0.00      1.26      0.00      0.00      0.76      0.25      0.00      0.00     83.08
11:32:23 PM     all     15.19      0.00      0.76      0.00      0.00      0.51      0.51      0.00      0.00     83.04
11:32:24 PM     all     15.21      0.00      1.50      0.00      0.00      1.00      0.50      0.00      0.00     81.80
11:32:25 PM     all     11.68      0.00      0.76      0.00      0.00      0.51      0.51      0.00      0.00     86.55
11:32:26 PM     all     15.19      0.00      0.51      0.00      0.00      0.76      0.25      0.00      0.00     83.29
11:32:27 PM     all     14.71      0.00      2.00      0.00      0.00      0.75      0.50      0.00      0.00     82.04
11:32:28 PM     all     14.47      0.00      0.76      0.25      0.00      0.76      0.51      0.00      0.00     83.25
11:32:29 PM     all     14.65      0.00      1.01      0.00      0.00      0.76      0.51      0.00      0.00     83.08
11:32:30 PM     all     13.78      0.00      1.75      0.00      0.00      0.75      0.50      0.00      0.00     83.21
11:32:31 PM     all     13.60      0.00      1.76      0.00      0.00      0.50      0.25      0.00      0.00     83.88
11:32:32 PM     all     13.71      0.00      1.02      0.00      0.00      1.02      0.76      0.00      0.00     83.50
11:32:33 PM     all     13.55      0.00      1.02      0.00      0.00      0.51      0.26      0.00      0.00     84.65
11:32:34 PM     all     14.39      0.00      1.26      0.00      0.00      0.76      0.51      0.00      0.00     83.08
11:32:35 PM     all     13.96      0.00      1.02      0.00      0.00      0.76      0.51      0.00      0.00     83.76
11:32:36 PM     all     14.75      0.00      1.75      0.00      0.00      0.75      0.50      0.00      0.00     82.25
11:32:37 PM     all     14.54      0.00      1.75      0.00      0.00      0.75      0.50      0.00      0.00     82.46
11:32:38 PM     all     13.64      0.00      1.52      0.00      0.00      0.76      0.51      0.00      0.00     83.59
11:32:39 PM     all     13.71      0.00      1.52      0.00      0.00      0.76      0.25      0.00      0.00     83.76
11:32:40 PM     all     14.39      0.00      1.26      0.00      0.00      0.76      0.51      0.00      0.00     83.08
11:32:41 PM     all     15.54      0.00      0.50      0.00      0.00      0.75      0.50      0.00      0.00     82.71
11:32:42 PM     all     14.79      0.00      1.75      0.00      0.00      0.50      0.50      0.00      0.00     82.46
11:32:43 PM     all     14.57      0.00      1.51      0.00      0.00      1.01      0.50      0.00      0.00     82.41
11:32:44 PM     all     13.85      0.00      1.51      0.00      0.00      0.50      0.50      0.00      0.00     83.63
11:32:45 PM     all     12.91      0.00      1.52      0.00      0.00      0.76      0.51      0.00      0.00     84.30
11:32:46 PM     all     14.29      0.00      1.75      0.00      0.00      0.75      0.50      0.00      0.00     82.71
11:32:47 PM     all     14.18      0.00      1.27      0.00      0.00      0.76      0.51      0.00      0.00     83.29
11:32:48 PM     all     13.35      0.00      2.02      0.00      0.00      0.76      0.25      0.00      0.00     83.63
11:32:49 PM     all     14.61      0.00      1.26      0.00      0.00      0.76      0.50      0.00      0.00     82.87
11:32:50 PM     all     11.81      0.00      9.80      0.25      0.00      0.75      0.50      0.00      0.00     76.88
11:32:51 PM     all      5.58      0.00     89.34      1.78      0.00      0.76      0.25      0.00      0.00      2.28
11:32:52 PM     all      4.74      0.00     91.27      1.50      0.00      0.50      0.25      0.00      0.00      1.75
11:32:53 PM     all      5.91      0.00     90.39      0.99      0.00      0.74      0.25      0.00      0.00      1.72
11:32:54 PM     all      4.60      0.00     91.30      1.28      0.00      0.51      0.26      0.00      0.00      2.05
11:32:55 PM     all      4.98      0.00     89.30      1.99      0.00      0.75      0.25      0.00      0.00      2.74
11:32:56 PM     all      5.04      0.00     90.68      1.01      0.00      0.50      0.25      0.00      0.00      2.52
11:32:57 PM     all      5.71      0.00     89.58      1.49      0.00      0.74      0.25      0.00      0.00      2.23
11:32:58 PM     all      3.79      0.00     92.17      1.26      0.00      0.76      0.25      0.00      0.00      1.77
11:32:59 PM     all      4.27      0.00     91.96      1.26      0.00      0.50      0.25      0.00      0.00      1.76
11:33:00 PM     all      5.24      0.00     90.27      2.00      0.00      0.50      0.25      0.00      0.00      1.75
11:33:01 PM     all      4.99      0.00     90.02      1.25      0.00      0.75      0.25      0.00      0.00      2.74
11:33:02 PM     all      7.50      0.00     87.75      1.25      0.00      0.75      0.25      0.00      0.00      2.50
11:33:03 PM     all      2.00      0.00     94.00      1.25      0.00      0.50      0.25      0.00      0.00      2.00
11:33:04 PM     all      9.05      0.00     56.03     13.07      0.00      0.75      0.50      0.00      0.00     20.60
11:33:05 PM     all      5.51      0.00     83.96      4.76      0.00      0.50      0.00      0.00      0.00      5.26
11:33:06 PM     all      3.98      0.00     93.03      0.75      0.00      0.50      0.25      0.00      0.00      1.49
11:33:07 PM     all      6.48      0.00     88.28      1.75      0.00      0.75      0.25      0.00      0.00      2.49
11:33:08 PM     all      6.53      0.00     89.20      1.26      0.00      0.75      0.25      0.00      0.00      2.01
11:33:09 PM     all      4.02      0.00     91.21      1.76      0.00      0.50      0.25      0.00      0.00      2.26
11:33:10 PM     all      4.26      0.00     90.73      1.75      0.00      0.75      0.25      0.00      0.00      2.26
11:33:11 PM     all      7.27      0.00     88.72      1.25      0.00      0.75      0.25      0.00      0.00      1.75
11:33:12 PM     all      4.73      0.00     91.29      1.49      0.00      0.50      0.25      0.00      0.00      1.74
11:33:13 PM     all      6.27      0.00     88.72      1.25      0.00      0.75      0.25      0.00      0.00      2.76
11:33:14 PM     all      6.02      0.00     89.22      1.25      0.00      0.50      0.50      0.00      0.00      2.51
11:33:15 PM     all      4.26      0.00     91.98      1.00      0.00      0.75      0.00      0.00      0.00      2.01
11:33:16 PM     all      6.22      0.00     89.55      1.49      0.00      0.50      0.25      0.00      0.00      1.99
11:33:17 PM     all      6.93      0.00     86.88      1.73      0.00      0.74      0.50      0.00      0.00      3.22
11:33:18 PM     all      3.99      0.00     92.02      1.75      0.00      0.50      0.00      0.00      0.00      1.75
11:33:19 PM     all      6.02      0.00     89.72      1.50      0.00      0.75      0.50      0.00      0.00      1.50
11:33:20 PM     all      6.00      0.00     89.50      1.25      0.00      0.75      0.25      0.00      0.00      2.25
11:33:21 PM     all      0.25      0.00      2.26      0.75      0.00      0.00      0.00      0.00      0.00     96.74
11:33:22 PM     all      0.00      0.00      0.00      0.00      0.00      0.00      0.00      0.00      0.00    100.00
11:33:23 PM     all      0.75      0.00      0.50      0.00      0.00      0.25      0.25      0.00      0.00     98.25
11:33:24 PM     all     13.99      0.00      1.02      0.00      0.00      0.76      0.25      0.00      0.00     83.97
11:33:25 PM     all     10.89      0.00      0.51      0.00      0.00      0.51      0.51      0.00      0.00     87.59
11:33:26 PM     all     14.21      0.00      1.27      0.00      0.00      0.76      0.51      0.00      0.00     83.25
11:33:27 PM     all     15.08      0.00      1.01      0.00      0.00      0.75      0.25      0.00      0.00     82.91
11:33:28 PM     all     14.89      0.00      2.48      0.00      0.00      0.74      0.50      0.00      0.00     81.39
11:33:29 PM     all     14.71      0.00      2.00      0.00      0.00      0.75      0.50      0.00      0.00     82.04
11:33:30 PM     all     13.89      0.00      1.77      0.00      0.00      0.76      0.51      0.00      0.00     83.08
11:33:31 PM     all     13.23      0.00      1.02      0.00      0.00      0.76      0.25      0.00      0.00     84.73
11:33:32 PM     all     14.61      0.00      1.26      0.00      0.00      0.76      0.50      0.00      0.00     82.87
11:33:33 PM     all     12.63      0.00      1.26      0.00      0.00      0.76      0.51      0.00      0.00     84.85
11:33:34 PM     all     14.03      0.00      1.02      0.00      0.00      0.51      0.51      0.00      0.00     83.93
11:33:35 PM     all     15.35      0.00      2.23      0.00      0.00      0.74      0.25      0.00      0.00     81.44
11:33:36 PM     all      9.52      0.00      0.25      0.00      0.00      0.50      0.50      0.00      0.00     89.22
11:33:37 PM     all     15.17      0.00      1.99      0.00      0.00      0.75      0.25      0.00      0.00     81.84
11:33:38 PM     all     14.25      0.00      2.00      0.00      0.00      0.75      0.50      0.00      0.00     82.50
11:33:39 PM     all     14.68      0.00      1.01      0.00      0.00      0.76      0.51      0.00      0.00     83.04
11:33:40 PM     all     14.75      0.00      1.50      0.00      0.00      0.75      0.50      0.00      0.00     82.50
11:33:41 PM     all     15.54      0.00      1.00      0.00      0.00      0.75      0.50      0.00      0.00     82.21
11:33:42 PM     all     14.82      0.00      1.26      0.00      0.00      0.75      0.50      0.00      0.00     82.66
11:33:43 PM     all     14.54      0.00      0.51      0.00      0.00      0.77      0.51      0.00      0.00     83.67
11:33:44 PM     all     15.21      0.00      1.75      0.00      0.00      0.75      0.50      0.00      0.00     81.80
11:33:45 PM     all     14.79      0.00      1.25      0.00      0.00      0.75      0.25      0.00      0.00     82.96
11:33:46 PM     all     12.72      0.00      2.00      0.25      0.00      0.75      0.50      0.00      0.00     83.79
11:33:47 PM     all     15.00      0.00      1.50      0.00      0.00      0.75      0.50      0.00      0.00     82.25
11:33:48 PM     all     13.97      0.00      2.24      0.00      0.00      0.50      0.50      0.00      0.00     82.79
11:33:49 PM     all     13.92      0.00      1.52      0.00      0.00      1.01      0.51      0.00      0.00     83.04
11:33:50 PM     all     15.04      0.00      1.75      0.00      0.00      0.50      0.50      0.00      0.00     82.21
11:33:51 PM     all     15.00      0.00      2.00      0.00      0.00      1.00      0.50      0.00      0.00     81.50
11:33:52 PM     all     14.07      0.00      2.26      0.00      0.00      0.50      0.50      0.00      0.00     82.66
11:33:53 PM     all     14.89      0.00      3.23      0.00      0.00      0.99      0.25      0.00      0.00     80.65
11:33:54 PM     all      5.47      0.00     80.60      1.24      0.00      0.50      0.50      0.00      0.00     11.69
11:33:55 PM     all      3.54      0.00     92.17      1.52      0.00      0.51      0.00      0.00      0.00      2.27
11:33:56 PM     all      6.70      0.00     89.08      0.99      0.00      0.74      0.25      0.00      0.00      2.23
11:33:57 PM     all      5.24      0.00     90.02      1.75      0.00      0.75      0.25      0.00      0.00      2.00
11:33:58 PM     all      3.96      0.00     92.08      1.49      0.00      0.50      0.25      0.00      0.00      1.73
11:33:59 PM     all      5.49      0.00     88.78      1.75      0.00      0.75      0.25      0.00      0.00      2.99
11:34:00 PM     all      7.00      0.00     89.50      1.25      0.00      0.50      0.25      0.00      0.00      1.50
11:34:01 PM     all      5.51      0.00     89.97      1.50      0.00      0.75      0.25      0.00      0.00      2.01
11:34:02 PM     all      5.54      0.00     90.18      1.76      0.00      0.50      0.25      0.00      0.00      1.76
11:34:03 PM     all      6.55      0.00     89.67      1.26      0.00      0.76      0.25      0.00      0.00      1.51
11:34:04 PM     all      3.53      0.00     92.44      1.51      0.00      0.50      0.25      0.00      0.00      1.76
11:34:05 PM     all      6.44      0.00     88.12      1.49      0.00      0.74      0.25      0.00      0.00      2.97
11:34:06 PM     all      2.24      0.00     94.51      1.25      0.00      0.50      0.25      0.00      0.00      1.25
11:34:07 PM     all      7.20      0.00     86.60      2.23      0.00      0.74      0.25      0.00      0.00      2.98
11:34:08 PM     all      7.81      0.00     86.90      1.26      0.00      0.76      0.25      0.00      0.00      3.02
11:34:09 PM     all      5.76      0.00     90.48      1.50      0.00      0.50      0.25      0.00      0.00      1.50
11:34:10 PM     all      6.53      0.00     88.19      1.26      0.00      0.75      0.25      0.00      0.00      3.02
11:34:11 PM     all      7.77      0.00     87.72      1.50      0.00      0.75      0.25      0.00      0.00      2.01
11:34:12 PM     all      5.00      0.00     90.75      1.00      0.00      0.50      0.25      0.00      0.00      2.50
11:34:13 PM     all      4.23      0.00     90.55      1.99      0.00      0.75      0.25      0.00      0.00      2.24
11:34:14 PM     all      6.17      0.00     89.14      1.48      0.00      0.74      0.25      0.00      0.00      2.22
11:34:15 PM     all      6.77      0.00     88.47      1.50      0.00      0.75      0.25      0.00      0.00      2.26
11:34:16 PM     all      5.01      0.00     90.73      1.75      0.00      0.50      0.25      0.00      0.00      1.75
11:34:17 PM     all      3.51      0.00     93.23      1.00      0.00      0.75      0.25      0.00      0.00      1.25
11:34:18 PM     all      4.50      0.00     91.00      1.75      0.00      0.50      0.25      0.00      0.00      2.00
11:34:19 PM     all      5.50      0.00     89.00      2.00      0.00      0.75      0.25      0.00      0.00      2.50
11:34:20 PM     all      5.26      0.00     90.23      1.50      0.00      0.50      0.25      0.00      0.00      2.26
11:34:21 PM     all      5.74      0.00     90.27      1.50      0.00      0.75      0.25      0.00      0.00      1.50
11:34:22 PM     all      3.75      0.00     92.50      1.00      0.00      0.50      0.25      0.00      0.00      2.00
11:34:23 PM     all      3.73      0.00     92.54      1.00      0.00      0.50      0.25      0.00      0.00      1.99
11:34:24 PM     all      0.76      0.00     25.69      0.76      0.00      0.25      0.00      0.00      0.00     72.54
11:34:25 PM     all      0.00      0.00      0.50      0.00      0.00      0.25      0.25      0.00      0.00     99.00
11:34:26 PM     all      0.00      0.00      0.25      0.00      0.00      0.00      0.00      0.00      0.00     99.75
11:34:27 PM     all     12.69      0.00      2.24      0.00      0.00      0.75      0.25      0.00      0.00     84.08
11:34:28 PM     all     14.11      0.00      1.51      0.00      0.00      0.76      0.50      0.00      0.00     83.12
11:34:29 PM     all     14.32      0.00      1.76      0.00      0.00      0.75      0.50      0.00      0.00     82.66
11:34:30 PM     all     13.38      0.00      1.77      0.00      0.00      0.51      0.51      0.00      0.00     83.84
11:34:31 PM     all     12.97      0.00      2.74      0.00      0.00      0.75      0.50      0.00      0.00     83.04
11:34:32 PM     all     14.25      0.00      2.25      0.00      0.00      0.75      0.50      0.00      0.00     82.25
11:34:33 PM     all     13.50      0.00      2.00      0.00      0.00      0.75      0.25      0.00      0.00     83.50
11:34:34 PM     all     14.57      0.00      2.96      0.25      0.00      0.74      0.49      0.00      0.00     80.99
11:34:35 PM     all     14.68      0.00      1.99      0.00      0.00      0.75      0.50      0.00      0.00     82.09
11:34:36 PM     all     14.60      0.00      2.97      0.00      0.00      0.74      0.50      0.00      0.00     81.19
11:34:37 PM     all     14.25      0.00      3.44      0.00      0.00      0.74      0.49      0.00      0.00     81.08
11:34:38 PM     all     14.46      0.00      2.24      0.00      0.00      0.75      0.25      0.00      0.00     82.29
11:34:39 PM     all     14.29      0.00      2.26      0.00      0.00      0.75      0.50      0.00      0.00     82.21
11:34:40 PM     all     13.03      0.00      2.76      0.00      0.00      0.75      0.50      0.00      0.00     82.96
11:34:41 PM     all     14.53      0.00      3.20      0.00      0.00      0.74      0.49      0.00      0.00     81.03
11:34:42 PM     all     15.23      0.00      2.70      0.00      0.00      0.74      0.49      0.00      0.00     80.84
11:34:43 PM     all     14.78      0.00      2.96      0.00      0.00      0.74      0.49      0.00      0.00     81.03
11:34:44 PM     all     13.60      0.00      2.27      0.00      0.00      0.76      0.50      0.00      0.00     82.87
11:34:45 PM     all     14.81      0.00      2.96      0.00      0.00      0.74      0.25      0.00      0.00     81.23
11:34:46 PM     all     13.28      0.00      2.26      0.00      0.00      0.50      0.50      0.00      0.00     83.46
11:34:47 PM     all     12.69      0.00      3.23      0.00      0.00      0.75      0.50      0.00      0.00     82.84
11:34:48 PM     all     13.15      0.00      2.98      0.00      0.00      0.74      0.50      0.00      0.00     82.63
11:34:49 PM     all     14.60      0.00      2.72      0.00      0.00      0.74      0.50      0.00      0.00     81.44
11:34:50 PM     all     13.90      0.00      3.23      0.00      0.00      0.74      0.50      0.00      0.00     81.64
11:34:51 PM     all     14.91      0.00      3.42      0.00      0.00      0.73      0.49      0.00      0.00     80.44
11:34:52 PM     all     14.53      0.00      2.96      0.00      0.00      0.74      0.49      0.00      0.00     81.28
11:34:53 PM     all     14.36      0.00      2.97      0.00      0.00      0.74      0.50      0.00      0.00     81.44
11:34:54 PM     all     14.14      0.00      2.98      0.25      0.00      0.74      0.50      0.00      0.00     81.39
11:34:55 PM     all     10.95      0.00      3.23      0.00      0.00      0.50      0.50      0.00      0.00     84.83
11:34:56 PM     all     14.14      0.00      2.73      0.00      0.00      0.74      0.50      0.00      0.00     81.89
11:34:57 PM     all      6.75      0.00     66.50      0.50      0.00      0.75      0.25      0.00      0.00     25.25
11:34:58 PM     all      7.00      0.00     88.00      1.50      0.00      0.75      0.25      0.00      0.00      2.50
11:34:59 PM     all      3.72      0.00     92.31      1.49      0.00      0.50      0.25      0.00      0.00      1.74
11:35:00 PM     all      5.49      0.00     90.02      1.25      0.00      0.75      0.25      0.00      0.00      2.24
11:35:01 PM     all      4.47      0.00     88.59      2.98      0.00      0.50      0.25      0.00      0.00      3.23
11:35:02 PM     all      5.47      0.00     90.05      1.24      0.00      0.75      0.25      0.00      0.00      2.24
11:35:03 PM     all      5.50      0.00     90.00      1.50      0.00      0.50      0.50      0.00      0.00      2.00
11:35:04 PM     all      5.54      0.00     89.92      1.76      0.00      0.76      0.25      0.00      0.00      1.76
11:35:05 PM     all      3.73      0.00     91.79      1.74      0.00      0.50      0.25      0.00      0.00      1.99
11:35:06 PM     all      6.47      0.00     88.56      1.24      0.00      0.75      0.25      0.00      0.00      2.74
11:35:07 PM     all      5.06      0.00     91.14      1.27      0.00      0.51      0.25      0.00      0.00      1.77
11:35:08 PM     all      4.71      0.00     90.32      1.74      0.00      0.74      0.25      0.00      0.00      2.23
11:35:09 PM     all      6.03      0.00     90.20      1.26      0.00      0.50      0.25      0.00      0.00      1.76
11:35:10 PM     all      4.99      0.00     90.02      1.75      0.00      0.75      0.25      0.00      0.00      2.24
11:35:11 PM     all      4.70      0.00     91.09      1.24      0.00      0.50      0.25      0.00      0.00      2.23
11:35:12 PM     all      6.25      0.00     90.00      0.75      0.00      0.75      0.25      0.00      0.00      2.00
11:35:13 PM     all      4.47      0.00     91.07      1.74      0.00      0.50      0.25      0.00      0.00      1.99
11:35:14 PM     all      4.21      0.00     92.08      0.99      0.00      0.74      0.25      0.00      0.00      1.73
11:35:15 PM     all      6.28      0.00     88.19      2.26      0.00      0.50      0.25      0.00      0.00      2.51
11:35:16 PM     all      5.53      0.00     90.45      1.51      0.00      0.75      0.25      0.00      0.00      1.51
11:35:17 PM     all      4.73      0.00     91.29      1.74      0.00      0.50      0.25      0.00      0.00      1.49
11:35:18 PM     all      5.72      0.00     89.30      1.74      0.00      0.75      0.25      0.00      0.00      2.24
11:35:19 PM     all      4.50      0.00     90.75      1.25      0.00      0.50      0.25      0.00      0.00      2.75
11:35:20 PM     all      6.30      0.00     87.91      1.76      0.00      0.76      0.25      0.00      0.00      3.02
11:35:21 PM     all      5.22      0.00     90.05      1.49      0.00      0.75      0.25      0.00      0.00      2.24
11:35:22 PM     all      2.99      0.00     92.54      1.99      0.00      0.50      0.25      0.00      0.00      1.74
11:35:23 PM     all      3.23      0.00     93.03      1.24      0.00      0.50      0.25      0.00      0.00      1.74
11:35:24 PM     all      6.78      0.00     88.44      1.51      0.00      0.75      0.25      0.00      0.00      2.26
11:35:25 PM     all      4.68      0.00     90.89      1.48      0.00      0.74      0.25      0.00      0.00      1.97
11:35:26 PM     all      7.21      0.00     87.81      1.74      0.00      0.75      0.25      0.00      0.00      2.24
11:35:27 PM     all      2.02      0.00     40.81      1.76      0.00      0.25      0.25      0.00      0.00     54.91
11:35:28 PM     all      0.50      0.00      0.00      0.00      0.00      0.25      0.00      0.00      0.00     99.25
11:35:29 PM     all      0.00      0.00      0.00      0.00      0.00      0.00      0.00      0.00      0.00    100.00
11:35:30 PM     all      9.55      0.00      1.51      0.00      0.00      0.50      0.50      0.00      0.00     87.94
11:35:31 PM     all     14.82      0.00      1.51      0.00      0.00      0.75      0.50      0.00      0.00     82.41
11:35:32 PM     all     13.96      0.00      1.78      0.00      0.00      0.76      0.51      0.00      0.00     82.99
11:35:33 PM     all     13.89      0.00      0.76      0.00      0.00      0.76      0.25      0.00      0.00     84.34
11:35:34 PM     all     14.75      0.00      1.75      0.00      0.00      0.75      0.50      0.00      0.00     82.25
11:35:35 PM     all     13.75      0.00      2.50      0.00      0.00      0.75      0.50      0.00      0.00     82.50
11:35:36 PM     all     15.35      0.00      2.23      0.00      0.00      0.74      0.50      0.00      0.00     81.19
11:35:37 PM     all     14.57      0.00      2.96      0.00      0.00      0.49      0.74      0.00      0.00     81.23
11:35:38 PM     all     15.42      0.00      1.49      0.00      0.00      1.00      0.25      0.00      0.00     81.84
11:35:39 PM     all     14.96      0.00      2.00      0.00      0.00      0.50      0.50      0.00      0.00     82.04
11:35:40 PM     all     14.64      0.00      1.99      0.00      0.00      0.74      0.50      0.00      0.00     82.13
11:35:41 PM     all     14.18      0.00      1.27      0.00      0.00      0.76      0.51      0.00      0.00     83.29
11:35:42 PM     all     14.36      0.00      1.26      0.25      0.00      0.76      0.50      0.00      0.00     82.87
11:35:43 PM     all     14.71      0.00      2.00      0.00      0.00      0.75      0.50      0.00      0.00     82.04
11:35:44 PM     all     14.82      0.00      1.26      0.00      0.00      0.75      0.50      0.00      0.00     82.66
11:35:45 PM     all     14.50      0.00      1.75      0.00      0.00      0.75      0.25      0.00      0.00     82.75
11:35:46 PM     all     14.68      0.00      1.74      0.00      0.00      0.75      0.50      0.00      0.00     82.34
11:35:47 PM     all     14.75      0.00      1.75      0.00      0.00      0.75      0.75      0.00      0.00     82.00
11:35:48 PM     all     13.60      0.00      1.26      0.00      0.00      0.76      0.50      0.00      0.00     83.88
11:35:49 PM     all     14.47      0.00      1.52      0.00      0.00      0.51      0.25      0.00      0.00     83.25
11:35:50 PM     all     14.61      0.00      1.26      0.00      0.00      1.01      0.50      0.00      0.00     82.62
11:35:51 PM     all     14.75      0.00      1.75      0.00      0.00      0.50      0.75      0.00      0.00     82.25
11:35:52 PM     all     14.54      0.00      1.50      0.00      0.00      0.75      0.25      0.00      0.00     82.96
11:35:53 PM     all     14.29      0.00      1.50      0.00      0.00      0.75      0.50      0.00      0.00     82.96
11:35:54 PM     all     15.00      0.00      1.75      0.00      0.00      0.75      0.50      0.00      0.00     82.00
11:35:55 PM     all     13.90      0.00      1.99      0.00      0.00      0.74      0.50      0.00      0.00     82.88
11:35:56 PM     all     14.79      0.00      1.50      0.00      0.00      0.75      0.50      0.00      0.00     82.46
11:35:57 PM     all     14.25      0.00      1.75      0.00      0.00      0.75      0.50      0.00      0.00     82.75
11:35:58 PM     all     15.04      0.00      1.25      0.00      0.00      0.75      0.50      0.00      0.00     82.46
11:35:59 PM     all     14.76      0.00      0.51      0.00      0.00      0.51      0.51      0.00      0.00     83.72
11:36:00 PM     all      9.00      0.00     54.25      0.00      0.00      1.00      0.25      0.00      0.00     35.50
11:36:01 PM     all      6.53      0.00     88.44      2.01      0.00      0.50      0.25      0.00      0.00      2.26
11:36:02 PM     all      4.24      0.00     90.77      1.75      0.00      0.75      0.25      0.00      0.00      2.24
11:36:03 PM     all      6.23      0.00     90.27      1.00      0.00      0.50      0.25      0.00      0.00      1.75
11:36:04 PM     all      5.00      0.00     89.75      2.00      0.00      0.75      0.25      0.00      0.00      2.25
11:36:05 PM     all      3.74      0.00     91.27      2.24      0.00      0.50      0.25      0.00      0.00      2.00
11:36:06 PM     all      5.53      0.00     90.20      1.01      0.00      0.75      0.25      0.00      0.00      2.26
11:36:07 PM     all      5.00      0.00     89.75      1.50      0.00      0.50      0.25      0.00      0.00      3.00
11:36:08 PM     all      5.26      0.00     90.73      1.25      0.00      0.75      0.25      0.00      0.00      1.75
11:36:09 PM     all      5.46      0.00     91.07      1.24      0.00      0.50      0.25      0.00      0.00      1.49
11:36:10 PM     all      4.29      0.00     91.92      1.01      0.00      0.76      0.25      0.00      0.00      1.77
11:36:11 PM     all      6.00      0.00     89.00      1.50      0.00      0.75      0.25      0.00      0.00      2.50
11:36:12 PM     all      3.27      0.00     93.22      1.26      0.00      0.50      0.25      0.00      0.00      1.51
11:36:13 PM     all      6.73      0.00     89.03      1.25      0.00      0.50      0.25      0.00      0.00      2.24
11:36:14 PM     all      5.57      0.00     90.89      1.01      0.00      0.76      0.25      0.00      0.00      1.52
11:36:15 PM     all      4.26      0.00     91.98      1.25      0.00      0.50      0.25      0.00      0.00      1.75
11:36:16 PM     all      4.95      0.00     89.85      1.73      0.00      0.74      0.25      0.00      0.00      2.48
11:36:17 PM     all      6.58      0.00     89.62      1.27      0.00      0.51      0.25      0.00      0.00      1.77
11:36:18 PM     all      5.22      0.00     90.05      1.49      0.00      0.75      0.25      0.00      0.00      2.24
11:36:19 PM     all      4.27      0.00     91.96      1.51      0.00      0.50      0.25      0.00      0.00      1.51
11:36:20 PM     all      5.74      0.00     89.78      1.50      0.00      0.75      0.25      0.00      0.00      2.00
11:36:21 PM     all      5.00      0.00     90.00      1.75      0.00      0.75      0.25      0.00      0.00      2.25
11:36:22 PM     all      5.26      0.00     90.98      1.50      0.00      0.50      0.25      0.00      0.00      1.50
11:36:23 PM     all      4.20      0.00     90.12      2.22      0.00      0.74      0.25      0.00      0.00      2.47
11:36:24 PM     all      4.76      0.00     90.73      1.50      0.00      0.50      0.25      0.00      0.00      2.26
11:36:25 PM     all      4.74      0.00     91.27      1.25      0.00      0.75      0.00      0.00      0.00      2.00
11:36:26 PM     all      6.17      0.00     89.63      1.23      0.00      0.49      0.25      0.00      0.00      2.22
11:36:27 PM     all      5.72      0.00     88.31      1.49      0.00      0.75      0.25      0.00      0.00      3.48
11:36:28 PM     all      5.05      0.00     89.39      1.52      0.00      0.51      0.25      0.00      0.00      3.28
11:36:29 PM     all      3.96      0.00     91.83      1.49      0.00      0.50      0.25      0.00      0.00      1.98
11:36:30 PM     all      3.54      0.00     52.15      1.27      0.00      0.76      0.25      0.00      0.00     42.03
11:36:31 PM     all      0.25      0.00      0.25      0.00      0.00      0.00      0.25      0.00      0.00     99.25
11:36:32 PM     all      0.25      0.00      0.25      0.00      0.00      0.00      0.00      0.00      0.00     99.50
11:36:33 PM     all      7.81      0.00      0.50      0.00      0.00      0.50      0.25      0.00      0.00     90.93
11:36:34 PM     all     14.79      0.00      1.50      0.00      0.00      0.75      0.50      0.00      0.00     82.46
11:36:35 PM     all     14.79      0.00      1.75      0.00      0.00      0.75      0.25      0.00      0.00     82.46
11:36:36 PM     all     15.54      0.00      1.00      0.00      0.00      0.75      0.50      0.00      0.00     82.21
11:36:37 PM     all     14.36      0.00      1.26      0.00      0.00      0.76      0.50      0.00      0.00     83.12
11:36:38 PM     all     15.63      0.00      1.24      0.00      0.00      0.74      0.50      0.00      0.00     81.89
11:36:39 PM     all     14.79      0.00      2.01      0.00      0.00      0.50      0.50      0.00      0.00     82.21
11:36:40 PM     all     15.08      0.00      1.01      0.00      0.00      1.01      0.25      0.00      0.00     82.66
11:36:41 PM     all     14.54      0.00      1.75      0.00      0.00      0.50      0.50      0.00      0.00     82.71
11:36:42 PM     all     14.04      0.00      2.26      0.00      0.00      0.75      0.50      0.00      0.00     82.46
11:36:43 PM     all     14.07      0.00      1.76      0.00      0.00      0.75      0.50      0.00      0.00     82.91
11:36:44 PM     all     14.36      0.00      1.76      0.00      0.00      0.76      0.25      0.00      0.00     82.87
11:36:45 PM     all     14.57      0.00      1.01      0.00      0.00      0.75      0.50      0.00      0.00     83.17
11:36:46 PM     all     14.14      0.00      1.01      0.25      0.00      0.76      0.51      0.00      0.00     83.33
11:36:47 PM     all     14.57      0.00      1.26      0.00      0.00      0.75      0.50      0.00      0.00     82.91
11:36:48 PM     all     13.57      0.00      1.76      0.00      0.00      0.75      0.25      0.00      0.00     83.67
11:36:49 PM     all     15.11      0.00      1.01      0.00      0.00      0.50      0.50      0.00      0.00     82.87
11:36:50 PM     all     12.78      0.00      1.50      0.00      0.00      0.75      0.50      0.00      0.00     84.46
11:36:51 PM     all     14.07      0.00      1.51      0.00      0.00      0.75      0.50      0.00      0.00     83.17
11:36:52 PM     all     14.11      0.00      1.76      0.00      0.00      0.76      0.50      0.00      0.00     82.87
11:36:53 PM     all     15.29      0.00      1.25      0.00      0.00      0.75      0.25      0.00      0.00     82.46
11:36:54 PM     all     15.14      0.00      1.99      0.00      0.00      0.74      0.50      0.00      0.00     81.64
11:36:55 PM     all     10.89      0.00      1.01      0.00      0.00      0.51      0.51      0.00      0.00     87.09
11:36:56 PM     all     14.00      0.00      2.50      0.00      0.00      1.00      0.50      0.00      0.00     82.00
11:36:57 PM     all     14.18      0.00      2.99      0.00      0.00      0.50      0.25      0.00      0.00     82.09
11:36:58 PM     all     14.90      0.00      1.26      0.00      0.00      0.76      0.51      0.00      0.00     82.58
11:36:59 PM     all     13.64      0.00      1.52      0.00      0.00      0.76      0.51      0.00      0.00     83.59
11:37:00 PM     all     14.39      0.00      1.77      0.00      0.00      0.76      0.51      0.00      0.00     82.58
11:37:01 PM     all     13.75      0.00      2.00      0.00      0.00      0.75      0.50      0.00      0.00     83.00
11:37:02 PM     all     14.61      0.00      1.51      0.00      0.00      0.76      0.25      0.00      0.00     82.87
11:37:03 PM     all     10.95      0.00     34.83      0.25      0.00      0.75      0.50      0.00      0.00     52.74
11:37:04 PM     all      6.73      0.00     84.04      2.99      0.00      0.75      0.25      0.00      0.00      5.24
11:37:05 PM     all      4.51      0.00     90.98      1.50      0.00      0.50      0.25      0.00      0.00      2.26
11:37:06 PM     all      5.72      0.00     89.30      1.74      0.00      0.75      0.25      0.00      0.00      2.24
11:37:07 PM     all      3.75      0.00     91.25      2.00      0.00      0.50      0.25      0.00      0.00      2.25
11:37:08 PM     all      5.28      0.00     89.70      1.26      0.00      0.75      0.25      0.00      0.00      2.76
11:37:09 PM     all      6.77      0.00     89.47      1.25      0.00      0.50      0.25      0.00      0.00      1.75
11:37:10 PM     all      4.47      0.00     89.58      2.23      0.00      0.74      0.25      0.00      0.00      2.73
11:37:11 PM     all      5.75      0.00     89.75      1.75      0.00      0.50      0.25      0.00      0.00      2.00
11:37:12 PM     all      4.73      0.00     85.57      3.48      0.00      0.75      0.25      0.00      0.00      5.22
11:37:13 PM     all      7.04      0.00     88.44      1.51      0.00      0.75      0.25      0.00      0.00      2.01
11:37:14 PM     all      4.48      0.00     91.29      1.24      0.00      0.50      0.25      0.00      0.00      2.24
11:37:15 PM     all      4.55      0.00     89.65      2.27      0.00      0.51      0.25      0.00      0.00      2.78
11:37:16 PM     all      7.02      0.00     87.22      2.01      0.00      0.75      0.25      0.00      0.00      2.76
11:37:17 PM     all      4.70      0.00     90.10      2.48      0.00      0.50      0.25      0.00      0.00      1.98
11:37:18 PM     all      6.52      0.00     88.47      2.26      0.00      0.75      0.25      0.00      0.00      1.75
11:37:19 PM     all      5.79      0.00     90.43      1.26      0.00      0.76      0.25      0.00      0.00      1.51
11:37:20 PM     all      6.88      0.00     83.05      4.18      0.00      0.74      0.25      0.00      0.00      4.91
11:37:21 PM     all      4.57      0.00     90.36      1.78      0.00      0.51      0.25      0.00      0.00      2.54
11:37:22 PM     all      5.26      0.00     89.72      1.25      0.00      0.75      0.25      0.00      0.00      2.76
11:37:23 PM     all      5.01      0.00     90.98      1.50      0.00      0.50      0.25      0.00      0.00      1.75
11:37:24 PM     all      5.21      0.00     89.83      1.49      0.00      0.74      0.25      0.00      0.00      2.48
11:37:25 PM     all      3.51      0.00     92.23      1.25      0.00      0.50      0.25      0.00      0.00      2.26
11:37:26 PM     all      5.00      0.00     90.75      1.25      0.00      0.50      0.25      0.00      0.00      2.25
11:37:27 PM     all      6.20      0.00     88.83      1.74      0.00      0.74      0.25      0.00      0.00      2.23
11:37:28 PM     all      6.31      0.00     84.09      4.29      0.00      0.76      0.25      0.00      0.00      4.29
11:37:29 PM     all      5.96      0.00     89.08      1.74      0.00      0.74      0.25      0.00      0.00      2.23
11:37:30 PM     all      5.49      0.00     90.52      1.25      0.00      0.50      0.25      0.00      0.00      2.00
11:37:31 PM     all      4.50      0.00     91.50      1.50      0.00      0.75      0.25      0.00      0.00      1.50
11:37:32 PM     all      5.01      0.00     89.97      1.75      0.00      0.50      0.25      0.00      0.00      2.51
11:37:33 PM     all      3.27      0.00     72.54      1.26      0.00      0.50      0.25      0.00      0.00     22.17
11:37:34 PM     all      0.00      0.00      0.00      0.00      0.00      0.00      0.00      0.00      0.00    100.00
11:37:35 PM     all      0.25      0.00      0.00      0.00      0.00      0.25      0.00      0.00      0.00     99.50
11:37:36 PM     all      4.29      0.00      0.51      0.00      0.00      0.25      0.25      0.00      0.00     94.70
11:37:37 PM     all     13.49      0.00      0.76      0.00      0.00      0.76      0.51      0.00      0.00     84.48
11:37:38 PM     all     14.14      0.00      1.01      0.00      0.00      0.76      0.51      0.00      0.00     83.59
11:37:39 PM     all     14.43      0.00      1.01      0.00      0.00      0.76      0.25      0.00      0.00     83.54
11:37:40 PM     all     14.07      0.00      2.01      0.00      0.00      0.50      0.50      0.00      0.00     82.91
11:37:41 PM     all     14.85      0.00      2.23      0.00      0.00      0.74      0.50      0.00      0.00     81.68
11:37:42 PM     all     15.29      0.00      0.75      0.00      0.00      0.75      0.50      0.00      0.00     82.71
11:37:43 PM     all     14.57      0.00      2.01      0.00      0.00      0.75      0.50      0.00      0.00     82.16
11:37:44 PM     all     14.46      0.00      2.24      0.00      0.00      0.75      0.50      0.00      0.00     82.04
11:37:45 PM     all     13.53      0.00      1.75      0.00      0.00      0.75      0.50      0.00      0.00     83.46
11:37:46 PM     all     14.18      0.00      1.52      0.00      0.00      0.76      0.25      0.00      0.00     83.29
11:37:47 PM     all     14.75      0.00      1.50      0.00      0.00      0.75      0.50      0.00      0.00     82.50
11:37:48 PM     all     14.07      0.00      1.01      0.00      0.00      0.75      0.50      0.00      0.00     83.67
11:37:49 PM     all     15.14      0.00      1.99      0.00      0.00      0.74      0.50      0.00      0.00     81.64
11:37:50 PM     all     14.32      0.00      1.76      0.00      0.00      0.75      0.50      0.00      0.00     82.66
11:37:51 PM     all     15.04      0.00      1.25      0.00      0.00      0.75      0.50      0.00      0.00     82.46
11:37:52 PM     all     14.39      0.00      1.74      0.00      0.00      0.74      0.25      0.00      0.00     82.88
11:37:53 PM     all     13.89      0.00      1.26      0.00      0.00      0.76      0.51      0.00      0.00     83.59
11:37:54 PM     all     14.96      0.00      1.25      0.25      0.00      0.75      0.50      0.00      0.00     82.29
11:37:55 PM     all     10.78      0.00      1.25      0.00      0.00      0.50      0.50      0.00      0.00     86.97
11:37:56 PM     all     14.65      0.00      1.01      0.00      0.00      0.76      0.25      0.00      0.00     83.33
11:37:57 PM     all     13.85      0.00      1.76      0.00      0.00      0.76      0.50      0.00      0.00     83.12
11:37:58 PM     all     14.29      0.00      1.25      0.00      0.00      0.75      0.50      0.00      0.00     83.21
11:37:59 PM     all     14.82      0.00      1.26      0.00      0.00      0.75      0.50      0.00      0.00     82.66
11:38:00 PM     all     14.47      0.00      2.03      0.00      0.00      0.51      0.25      0.00      0.00     82.74
11:38:01 PM     all     14.79      0.00      1.50      0.00      0.00      0.75      0.50      0.00      0.00     82.46
11:38:02 PM     all     14.32      0.00      1.51      0.00      0.00      0.75      0.50      0.00      0.00     82.91
11:38:03 PM     all     13.28      0.00      1.50      0.00      0.00      0.75      0.50      0.00      0.00     83.96
11:38:04 PM     all     15.10      0.00      2.23      0.00      0.00      0.74      0.50      0.00      0.00     81.44
11:38:05 PM     all     14.18      0.00      1.27      0.00      0.00      0.76      0.51      0.00      0.00     83.29
11:38:06 PM     all     12.18      0.00     16.75      0.25      0.00      0.76      0.25      0.00      0.00     69.80
11:38:07 PM     all      4.23      0.00     90.55      2.24      0.00      0.50      0.25      0.00      0.00      2.24
11:38:08 PM     all      4.02      0.00     87.44      2.51      0.00      0.75      0.25      0.00      0.00      5.03
11:38:09 PM     all      4.79      0.00     90.68      2.02      0.00      0.50      0.25      0.00      0.00      1.76
11:38:10 PM     all      4.50      0.00     91.75      1.25      0.00      0.50      0.25      0.00      0.00      1.75
11:38:11 PM     all      3.23      0.00     92.79      1.24      0.00      0.75      0.25      0.00      0.00      1.74
11:38:12 PM     all      5.76      0.00     89.97      1.75      0.00      0.50      0.25      0.00      0.00      1.75
11:38:13 PM     all      5.42      0.00     90.39      1.23      0.00      0.74      0.25      0.00      0.00      1.97
11:38:14 PM     all      4.99      0.00     90.52      1.25      0.00      0.50      0.25      0.00      0.00      2.49
11:38:15 PM     all      3.75      0.00     91.50      1.75      0.00      0.75      0.00      0.00      0.00      2.25
11:38:16 PM     all      5.47      0.00     90.30      1.49      0.00      0.50      0.25      0.00      0.00      1.99
11:38:17 PM     all      4.98      0.00     85.32      3.98      0.00      0.75      0.25      0.00      0.00      4.73
11:38:18 PM     all      5.53      0.00     88.94      1.26      0.00      0.50      0.25      0.00      0.00      3.52
11:38:19 PM     all      5.97      0.00     89.05      1.49      0.00      0.75      0.25      0.00      0.00      2.49
11:38:20 PM     all      6.52      0.00     88.72      1.50      0.00      0.75      0.25      0.00      0.00      2.26
11:38:21 PM     all      8.31      0.00     86.40      1.51      0.00      0.76      0.50      0.00      0.00      2.52
11:38:22 PM     all      5.26      0.00     91.23      1.00      0.00      0.50      0.25      0.00      0.00      1.75
11:38:23 PM     all      5.99      0.00     89.53      1.25      0.00      0.75      0.25      0.00      0.00      2.24
11:38:24 PM     all      5.97      0.00     88.06      1.74      0.00      0.50      0.25      0.00      0.00      3.48
11:38:25 PM     all      3.76      0.00     91.98      1.75      0.00      0.75      0.25      0.00      0.00      1.50
11:38:26 PM     all      6.27      0.00     84.46      3.51      0.00      0.50      0.25      0.00      0.00      5.01
11:38:27 PM     all      6.00      0.00     89.25      1.50      0.00      0.75      0.25      0.00      0.00      2.25
11:38:28 PM     all      5.91      0.00     88.42      2.22      0.00      0.74      0.49      0.00      0.00      2.22
11:38:29 PM     all      4.73      0.00     91.79      1.24      0.00      0.50      0.25      0.00      0.00      1.49
11:38:30 PM     all      7.09      0.00     88.10      1.77      0.00      0.76      0.25      0.00      0.00      2.03
11:38:31 PM     all      6.28      0.00     89.45      1.01      0.00      0.75      0.25      0.00      0.00      2.26
11:38:32 PM     all      5.03      0.00     90.45      1.51      0.00      0.50      0.25      0.00      0.00      2.26
11:38:33 PM     all      5.29      0.00     90.18      1.01      0.00      0.76      0.25      0.00      0.00      2.52
11:38:34 PM     all      2.74      0.00     92.79      1.74      0.00      0.50      0.00      0.00      0.00      2.24
11:38:35 PM     all      5.49      0.00     85.04      2.99      0.00      0.75      0.25      0.00      0.00      5.49
11:38:36 PM     all      4.28      0.00     92.70      0.50      0.00      0.50      0.25      0.00      0.00      1.76
11:38:37 PM     all      0.25      0.00      0.50      0.00      0.00      0.25      0.25      0.00      0.00     98.75
11:38:38 PM     all      0.25      0.00      0.25      0.00      0.00      0.00      0.00      0.00      0.00     99.50
11:38:39 PM     all      0.50      0.00      0.25      0.00      0.00      0.25      0.00      0.00      0.00     98.99
11:38:40 PM     all      7.79      0.00      1.01      0.00      0.00      0.25      0.25      0.00      0.00     90.70
11:38:41 PM     all     14.14      0.00      1.52      0.00      0.00      0.76      0.51      0.00      0.00     83.08
11:38:42 PM     all     11.97      0.00      2.49      0.25      0.00      0.75      0.50      0.00      0.00     84.04
11:38:43 PM     all      8.56      0.00      1.26      0.00      0.00      0.50      0.25      0.00      0.00     89.42
11:38:44 PM     all     13.82      0.00      2.01      0.00      0.00      0.75      0.50      0.00      0.00     82.91
11:38:45 PM     all     13.15      0.00      2.73      0.00      0.00      0.50      0.25      0.00      0.00     83.37
11:38:46 PM     all     14.14      0.00      2.98      0.00      0.00      0.74      0.50      0.00      0.00     81.64
11:38:47 PM     all     13.78      0.00      2.26      0.00      0.00      0.75      0.50      0.00      0.00     82.71
11:38:48 PM     all     12.44      0.00      2.74      0.00      0.00      0.75      0.50      0.00      0.00     83.58
11:38:49 PM     all     13.85      0.00      1.76      0.00      0.00      0.76      0.50      0.00      0.00     83.12
11:38:50 PM     all     14.29      0.00      2.51      0.00      0.00      0.75      0.25      0.00      0.00     82.21
11:38:51 PM     all     13.89      0.00      1.77      0.00      0.00      0.76      0.51      0.00      0.00     83.08
11:38:52 PM     all     14.54      0.00      1.75      0.00      0.00      0.75      0.50      0.00      0.00     82.46
11:38:53 PM     all     13.00      0.00      2.25      0.00      0.00      0.75      0.50      0.00      0.00     83.50
11:38:54 PM     all     13.75      0.00      2.25      0.00      0.00      0.50      0.50      0.00      0.00     83.00
11:38:55 PM     all     10.05      0.00      2.26      0.00      0.00      0.75      0.25      0.00      0.00     86.68
11:38:56 PM     all     14.39      0.00      2.98      0.00      0.00      0.74      0.50      0.00      0.00     81.39
11:38:57 PM     all     14.04      0.00      2.26      0.25      0.00      0.75      0.50      0.00      0.00     82.21
11:38:58 PM     all     14.71      0.00      3.43      0.00      0.00      0.74      0.49      0.00      0.00     80.64
11:38:59 PM     all     13.16      0.00      2.03      0.00      0.00      0.76      0.25      0.00      0.00     83.80
11:39:00 PM     all     13.90      0.00      4.22      0.00      0.00      0.50      0.50      0.00      0.00     80.89
11:39:01 PM     all     14.11      0.00      2.72      0.00      0.00      0.99      0.74      0.00      0.00     81.44
11:39:02 PM     all     14.18      0.00      1.77      0.00      0.00      0.51      0.25      0.00      0.00     83.29
11:39:03 PM     all     13.02      0.00      2.95      0.00      0.00      0.74      0.49      0.00      0.00     82.80
11:39:04 PM     all     12.85      0.00      2.52      0.00      0.00      0.76      0.50      0.00      0.00     83.38
11:39:05 PM     all     14.50      0.00      2.25      0.00      0.00      0.75      0.25      0.00      0.00     82.25
11:39:06 PM     all     13.50      0.00      2.75      0.00      0.00      0.75      0.50      0.00      0.00     82.50
11:39:07 PM     all     15.02      0.00      2.96      0.00      0.00      0.74      0.49      0.00      0.00     80.79
11:39:08 PM     all     14.43      0.00      2.24      0.00      0.00      0.75      0.50      0.00      0.00     82.09
11:39:09 PM     all     12.87      0.00      5.94      0.00      0.00      0.50      0.50      0.00      0.00     80.20
11:39:10 PM     all      7.96      0.00     83.08      1.00      0.00      0.75      0.25      0.00      0.00      6.97
11:39:11 PM     all      4.23      0.00     92.29      0.75      0.00      0.75      0.25      0.00      0.00      1.74
11:39:12 PM     all      4.01      0.00     92.23      1.25      0.00      0.50      0.00      0.00      0.00      2.01
11:39:13 PM     all      6.44      0.00     91.09      0.50      0.00      0.74      0.25      0.00      0.00      0.99
11:39:14 PM     all      8.00      0.00     86.00      2.50      0.00      0.75      0.50      0.00      0.00      2.25
11:39:15 PM     all      5.43      0.00     89.88      1.48      0.00      0.49      0.25      0.00      0.00      2.47
11:39:16 PM     all      4.75      0.00     86.00      3.00      0.00      0.75      0.25      0.00      0.00      5.25
11:39:17 PM     all      6.06      0.00     89.14      1.52      0.00      0.51      0.25      0.00      0.00      2.53
11:39:18 PM     all      5.24      0.00     90.02      1.25      0.00      0.50      0.00      0.00      0.00      2.99
11:39:19 PM     all      2.49      0.00     93.27      1.50      0.00      0.75      0.25      0.00      0.00      1.75
11:39:20 PM     all      6.53      0.00     88.69      1.76      0.00      0.50      0.25      0.00      0.00      2.26
11:39:21 PM     all      7.00      0.00     88.50      1.25      0.00      0.75      0.25      0.00      0.00      2.25
11:39:22 PM     all      4.79      0.00     90.43      1.51      0.00      0.50      0.25      0.00      0.00      2.52
11:39:23 PM     all      3.78      0.00     92.19      1.26      0.00      0.76      0.25      0.00      0.00      1.76
11:39:24 PM     all      4.23      0.00     91.04      1.00      0.00      0.50      0.25      0.00      0.00      2.99
11:39:25 PM     all      4.00      0.00     88.00      2.50      0.00      0.75      0.25      0.00      0.00      4.50
11:39:26 PM     all      4.96      0.00     91.07      0.99      0.00      0.50      0.25      0.00      0.00      2.23
11:39:27 PM     all      4.44      0.00     90.62      1.73      0.00      0.74      0.25      0.00      0.00      2.22
11:39:28 PM     all      5.99      0.00     89.78      1.50      0.00      0.50      0.25      0.00      0.00      2.00
11:39:29 PM     all      5.21      0.00     91.07      1.24      0.00      0.74      0.25      0.00      0.00      1.49
11:39:30 PM     all      7.69      0.00     88.34      1.74      0.00      0.50      0.25      0.00      0.00      1.49
11:39:31 PM     all      5.26      0.00     90.98      0.75      0.00      0.75      0.25      0.00      0.00      2.01
11:39:32 PM     all      5.01      0.00     90.48      1.75      0.00      0.50      0.25      0.00      0.00      2.01
11:39:33 PM     all      4.73      0.00     90.80      1.74      0.00      0.75      0.00      0.00      0.00      1.99
11:39:34 PM     all      5.56      0.00     89.90      1.26      0.00      0.51      0.25      0.00      0.00      2.53
11:39:35 PM     all      4.42      0.00     89.43      1.97      0.00      0.74      0.25      0.00      0.00      3.19
11:39:36 PM     all      4.57      0.00     90.36      1.78      0.00      0.51      0.25      0.00      0.00      2.54
11:39:37 PM     all      4.44      0.00     90.37      1.73      0.00      0.74      0.25      0.00      0.00      2.47
11:39:38 PM     all      4.73      0.00     92.29      0.75      0.00      0.50      0.25      0.00      0.00      1.49
11:39:39 PM     all      5.24      0.00     90.52      1.25      0.00      0.75      0.25      0.00      0.00      2.00
11:39:40 PM     all      0.50      0.00     33.58      0.75      0.00      0.25      0.25      0.00      0.00     64.66
11:39:41 PM     all      0.25      0.00      1.00      0.00      0.00      0.00      0.00      0.00      0.00     98.76
11:39:42 PM     all      0.00      0.00      1.24      0.00      0.00      0.25      0.00      0.00      0.00     98.51
11:39:43 PM     all     13.65      0.00      1.99      0.00      0.00      0.50      0.50      0.00      0.00     83.37
11:39:44 PM     all     15.04      0.00      1.50      0.00      0.00      0.75      0.50      0.00      0.00     82.21
11:39:45 PM     all     13.25      0.00      2.00      0.00      0.00      0.75      0.50      0.00      0.00     83.50
11:39:46 PM     all     15.93      0.00      2.21      0.00      0.00      0.74      0.49      0.00      0.00     80.64
11:39:47 PM     all     14.79      0.00      1.50      0.00      0.00      0.75      0.25      0.00      0.00     82.71
11:39:48 PM     all     13.57      0.00      1.26      0.00      0.00      0.75      0.50      0.00      0.00     83.92
11:39:49 PM     all     14.25      0.00      2.25      0.00      0.00      0.75      0.50      0.00      0.00     82.25
11:39:50 PM     all     14.78      0.00      2.96      0.00      0.00      0.74      0.49      0.00      0.00     81.03
11:39:51 PM     all     13.64      0.00      1.52      0.00      0.00      0.51      0.51      0.00      0.00     83.84
Average:        all      9.30      0.00     43.44      0.78      0.00      0.65      0.34      0.00      0.00     45.48
