Linux 4.9.253-tegra (nano-desktop) 	08/16/2023 	_aarch64_	(4 CPU)

11:06:51 PM     CPU      %usr     %nice      %sys   %iowait    %steal      %irq     %soft    %guest    %gnice     %idle
11:06:52 PM     all      9.90      0.00     17.51      0.00      0.00      0.76      0.51      0.00      0.00     71.32
11:06:53 PM     all     12.25      0.00      2.75      0.00      0.00      0.50      0.50      0.00      0.00     84.00
11:06:54 PM     all     11.34      0.00      1.01      0.00      0.00      0.76      0.25      0.00      0.00     86.65
11:06:55 PM     all     14.50      0.00      1.50      0.00      0.00      0.75      0.50      0.00      0.00     82.75
11:06:56 PM     all     14.11      0.00      1.51      0.00      0.00      0.76      0.50      0.00      0.00     83.12
11:06:57 PM     all     14.93      0.00      2.24      0.00      0.00      0.75      0.25      0.00      0.00     81.84
11:06:58 PM     all     15.08      0.00      1.26      0.00      0.00      0.75      0.50      0.00      0.00     82.41
11:06:59 PM     all     14.82      0.00      1.51      0.00      0.00      0.75      0.50      0.00      0.00     82.41
11:07:00 PM     all     14.82      0.00      2.26      0.00      0.00      0.75      0.50      0.00      0.00     81.66
11:07:01 PM     all     13.53      0.00      1.75      0.25      0.00      0.50      0.50      0.00      0.00     83.46
11:07:02 PM     all     14.61      0.00      1.51      0.00      0.00      0.76      0.50      0.00      0.00     82.62
11:07:03 PM     all     13.67      0.00      0.76      0.00      0.00      0.76      0.51      0.00      0.00     84.30
11:07:04 PM     all     14.96      0.00      2.00      0.00      0.00      0.75      0.50      0.00      0.00     81.80
11:07:05 PM     all     15.00      0.00      1.25      0.00      0.00      0.75      0.50      0.00      0.00     82.50
11:07:06 PM     all     14.93      0.00      2.24      0.00      0.00      0.75      0.25      0.00      0.00     81.84
11:07:07 PM     all     14.68      0.00      0.76      0.00      0.00      0.76      0.51      0.00      0.00     83.29
11:07:08 PM     all     14.39      0.00      1.26      0.00      0.00      0.76      0.51      0.00      0.00     83.08
11:07:09 PM     all     14.79      0.00      1.50      0.00      0.00      0.75      0.50      0.00      0.00     82.46
11:07:10 PM     all     14.57      0.00      1.51      0.00      0.00      0.75      0.25      0.00      0.00     82.91
11:07:11 PM     all     13.89      0.00      1.77      0.00      0.00      0.76      0.51      0.00      0.00     83.08
11:07:12 PM     all     13.99      0.00      1.27      0.00      0.00      0.76      0.51      0.00      0.00     83.46
11:07:13 PM     all     14.57      0.00      1.51      0.00      0.00      0.50      0.50      0.00      0.00     82.91
11:07:14 PM     all     14.61      0.00      1.26      0.00      0.00      0.76      0.25      0.00      0.00     83.12
11:07:15 PM     all     13.53      0.00      1.50      0.00      0.00      0.75      0.50      0.00      0.00     83.71
11:07:16 PM     all     13.97      0.00      1.50      0.25      0.00      0.75      0.50      0.00      0.00     83.04
11:07:17 PM     all     14.00      0.00      2.00      0.00      0.00      0.75      0.50      0.00      0.00     82.75
11:07:18 PM     all     13.85      0.00      1.26      0.00      0.00      0.76      0.25      0.00      0.00     83.88
11:07:19 PM     all     13.82      0.00      1.51      0.00      0.00      0.50      0.50      0.00      0.00     83.67
11:07:20 PM     all     13.13      0.00      1.77      0.00      0.00      0.76      0.51      0.00      0.00     83.84
11:07:21 PM     all     62.16      0.00     10.78      0.00      0.00      1.25      0.50      0.00      0.00     25.31
11:07:22 PM     all     91.50      0.00      6.50      0.00      0.00      1.25      0.75      0.00      0.00      0.00
11:07:23 PM     all     94.74      0.00      3.51      0.00      0.00      1.25      0.50      0.00      0.00      0.00
11:07:24 PM     all     94.03      0.00      3.73      0.00      0.00      1.49      0.75      0.00      0.00      0.00
11:07:25 PM     all     95.00      0.00      3.00      0.00      0.00      1.25      0.75      0.00      0.00      0.00
11:07:26 PM     all     94.24      0.00      3.51      0.00      0.00      1.50      0.75      0.00      0.00      0.00
11:07:27 PM     all     94.04      0.00      3.72      0.00      0.00      1.49      0.74      0.00      0.00      0.00
11:07:28 PM     all     93.98      0.00      3.76      0.00      0.00      1.50      0.75      0.00      0.00      0.00
11:07:29 PM     all     94.79      0.00      3.23      0.00      0.00      1.24      0.74      0.00      0.00      0.00
11:07:30 PM     all     94.75      0.00      3.00      0.00      0.00      1.50      0.75      0.00      0.00      0.00
11:07:31 PM     all     95.25      0.00      2.75      0.00      0.00      1.25      0.75      0.00      0.00      0.00
11:07:32 PM     all     94.76      0.00      3.24      0.00      0.00      1.50      0.50      0.00      0.00      0.00
11:07:33 PM     all     94.50      0.00      3.25      0.00      0.00      1.25      1.00      0.00      0.00      0.00
11:07:34 PM     all     95.00      0.00      3.00      0.00      0.00      1.50      0.50      0.00      0.00      0.00
11:07:35 PM     all     94.76      0.00      2.74      0.00      0.00      1.50      1.00      0.00      0.00      0.00
11:07:36 PM     all     94.75      0.00      3.25      0.00      0.00      1.25      0.75      0.00      0.00      0.00
11:07:37 PM     all     95.01      0.00      2.74      0.00      0.00      1.50      0.75      0.00      0.00      0.00
11:07:38 PM     all     94.25      0.00      3.50      0.00      0.00      1.50      0.75      0.00      0.00      0.00
11:07:39 PM     all     94.04      0.00      3.97      0.00      0.00      1.24      0.74      0.00      0.00      0.00
11:07:40 PM     all     94.50      0.00      3.25      0.00      0.00      1.50      0.75      0.00      0.00      0.00
11:07:41 PM     all     93.25      0.00      4.75      0.00      0.00      1.25      0.75      0.00      0.00      0.00
11:07:42 PM     all     94.51      0.00      3.24      0.00      0.00      1.50      0.75      0.00      0.00      0.00
11:07:43 PM     all     94.50      0.00      3.25      0.00      0.00      1.50      0.75      0.00      0.00      0.00
11:07:44 PM     all     93.47      0.00      4.77      0.00      0.00      1.26      0.50      0.00      0.00      0.00
11:07:45 PM     all     91.75      0.00      6.00      0.00      0.00      1.50      0.75      0.00      0.00      0.00
11:07:46 PM     all     92.25      0.00      6.00      0.00      0.00      1.25      0.50      0.00      0.00      0.00
11:07:47 PM     all     93.77      0.00      3.99      0.00      0.00      1.50      0.75      0.00      0.00      0.00
11:07:48 PM     all     94.50      0.00      3.50      0.00      0.00      1.25      0.75      0.00      0.00      0.00
11:07:49 PM     all     92.50      0.00      5.25      0.00      0.00      1.50      0.75      0.00      0.00      0.00
11:07:50 PM     all     92.75      0.00      4.75      0.00      0.00      1.50      1.00      0.00      0.00      0.00
11:07:51 PM     all     28.25      0.00      2.50      0.00      0.00      0.75      0.25      0.00      0.00     68.25
11:07:52 PM     all      0.00      0.00      0.25      0.00      0.00      0.00      0.00      0.00      0.00     99.75
11:07:53 PM     all      0.25      0.00      0.25      0.00      0.00      0.25      0.00      0.00      0.00     99.25
11:07:54 PM     all     10.47      0.00      1.25      0.00      0.00      0.50      0.50      0.00      0.00     87.28
11:07:55 PM     all     14.79      0.00      1.50      0.00      0.00      0.75      0.50      0.00      0.00     82.46
11:07:56 PM     all     13.89      0.00      2.02      0.00      0.00      0.76      0.25      0.00      0.00     83.08
11:07:57 PM     all     14.86      0.00      1.26      0.00      0.00      0.76      0.50      0.00      0.00     82.62
11:07:58 PM     all     13.04      0.00      1.28      0.00      0.00      0.77      0.51      0.00      0.00     84.40
11:07:59 PM     all     14.72      0.00      0.51      0.00      0.00      0.76      0.51      0.00      0.00     83.50
11:08:00 PM     all     14.94      0.00      2.03      0.00      0.00      0.51      0.51      0.00      0.00     82.03
11:08:01 PM     all     14.68      0.00      1.01      0.00      0.00      1.01      0.51      0.00      0.00     82.78
11:08:02 PM     all     14.82      0.00      1.51      0.00      0.00      0.50      0.50      0.00      0.00     82.66
11:08:03 PM     all     13.82      0.00      1.26      0.00      0.00      0.75      0.25      0.00      0.00     83.92
11:08:04 PM     all     14.43      0.00      1.01      0.00      0.00      0.76      0.51      0.00      0.00     83.29
11:08:05 PM     all     14.39      0.00      1.01      0.00      0.00      0.76      0.51      0.00      0.00     83.33
11:08:06 PM     all     14.14      0.00      1.52      0.25      0.00      0.76      0.51      0.00      0.00     82.83
11:08:07 PM     all     14.29      0.00      2.01      0.00      0.00      0.75      0.50      0.00      0.00     82.46
11:08:08 PM     all     14.71      0.00      1.75      0.00      0.00      0.75      0.25      0.00      0.00     82.54
11:08:09 PM     all     13.67      0.00      1.77      0.00      0.00      0.76      0.76      0.00      0.00     83.04
11:08:10 PM     all     14.50      0.00      1.75      0.00      0.00      0.75      0.25      0.00      0.00     82.75
11:08:11 PM     all     14.39      0.00      1.77      0.00      0.00      0.76      0.51      0.00      0.00     82.58
11:08:12 PM     all     14.75      0.00      1.50      0.00      0.00      0.75      0.50      0.00      0.00     82.50
11:08:13 PM     all     14.39      0.00      1.26      0.00      0.00      0.76      0.51      0.00      0.00     83.08
11:08:14 PM     all     14.32      0.00      1.26      0.00      0.00      0.75      0.50      0.00      0.00     83.17
11:08:15 PM     all     14.04      0.00      1.50      0.00      0.00      0.75      0.50      0.00      0.00     83.21
11:08:16 PM     all     12.91      0.00      2.03      0.25      0.00      0.51      0.25      0.00      0.00     84.05
11:08:17 PM     all     16.13      0.00      1.99      0.00      0.00      0.99      0.50      0.00      0.00     80.40
11:08:18 PM     all     12.69      0.00      1.52      0.00      0.00      0.51      0.51      0.00      0.00     84.77
11:08:19 PM     all     15.00      0.00      1.75      0.00      0.00      0.75      0.50      0.00      0.00     82.00
11:08:20 PM     all     15.25      0.00      1.25      0.00      0.00      0.75      0.25      0.00      0.00     82.50
11:08:21 PM     all     14.32      0.00      2.01      0.00      0.00      0.75      0.50      0.00      0.00     82.41
11:08:22 PM     all     14.65      0.00      1.26      0.00      0.00      0.76      0.51      0.00      0.00     82.83
11:08:23 PM     all     14.39      0.00      1.26      0.00      0.00      0.76      0.51      0.00      0.00     83.08
11:08:24 PM     all     41.96      0.00      9.55      0.00      0.00      0.75      0.50      0.00      0.00     47.24
11:08:25 PM     all     91.02      0.00      6.73      0.00      0.00      1.50      0.75      0.00      0.00      0.00
11:08:26 PM     all     94.49      0.00      3.51      0.00      0.00      1.25      0.50      0.00      0.00      0.25
11:08:27 PM     all     94.76      0.00      2.99      0.00      0.00      1.50      0.75      0.00      0.00      0.00
11:08:28 PM     all     93.75      0.00      4.00      0.00      0.00      1.50      0.75      0.00      0.00      0.00
11:08:29 PM     all     94.75      0.00      3.25      0.00      0.00      1.25      0.75      0.00      0.00      0.00
11:08:30 PM     all     94.26      0.00      3.49      0.00      0.00      1.50      0.75      0.00      0.00      0.00
11:08:31 PM     all     95.01      0.00      2.74      0.00      0.00      1.50      0.75      0.00      0.00      0.00
11:08:32 PM     all     96.74      0.00      1.75      0.00      0.00      1.00      0.50      0.00      0.00      0.00
11:08:33 PM     all     94.75      0.00      3.25      0.00      0.00      1.50      0.50      0.00      0.00      0.00
11:08:34 PM     all     95.00      0.00      3.00      0.00      0.00      1.25      0.75      0.00      0.00      0.00
11:08:35 PM     all     94.74      0.00      3.01      0.00      0.00      1.50      0.75      0.00      0.00      0.00
11:08:36 PM     all     94.03      0.00      3.73      0.00      0.00      1.49      0.75      0.00      0.00      0.00
11:08:37 PM     all     94.49      0.00      3.51      0.00      0.00      1.25      0.75      0.00      0.00      0.00
11:08:38 PM     all     95.50      0.00      2.50      0.00      0.00      1.50      0.50      0.00      0.00      0.00
11:08:39 PM     all     94.51      0.00      3.24      0.00      0.00      1.50      0.75      0.00      0.00      0.00
11:08:40 PM     all     93.23      0.00      4.51      0.00      0.00      1.50      0.75      0.00      0.00      0.00
11:08:41 PM     all     94.75      0.00      3.25      0.00      0.00      1.25      0.75      0.00      0.00      0.00
11:08:42 PM     all     95.01      0.00      2.74      0.00      0.00      1.50      0.75      0.00      0.00      0.00
11:08:43 PM     all     94.49      0.00      3.76      0.00      0.00      1.25      0.50      0.00      0.00      0.00
11:08:44 PM     all     95.76      0.00      2.00      0.00      0.00      1.50      0.75      0.00      0.00      0.00
11:08:45 PM     all     93.00      0.00      4.75      0.00      0.00      1.50      0.75      0.00      0.00      0.00
11:08:46 PM     all     95.24      0.00      2.76      0.00      0.00      1.25      0.75      0.00      0.00      0.00
11:08:47 PM     all     93.75      0.00      4.25      0.00      0.00      1.50      0.50      0.00      0.00      0.00
11:08:48 PM     all     93.00      0.00      5.00      0.00      0.00      1.25      0.75      0.00      0.00      0.00
11:08:49 PM     all     92.23      0.00      6.02      0.00      0.00      1.25      0.50      0.00      0.00      0.00
11:08:50 PM     all     93.02      0.00      4.74      0.00      0.00      1.50      0.75      0.00      0.00      0.00
11:08:51 PM     all     93.75      0.00      4.00      0.00      0.00      1.50      0.75      0.00      0.00      0.00
11:08:52 PM     all     92.79      0.00      4.98      0.00      0.00      1.49      0.75      0.00      0.00      0.00
11:08:53 PM     all     94.01      0.00      3.99      0.00      0.00      1.25      0.75      0.00      0.00      0.00
11:08:54 PM     all     51.75      0.00      2.00      0.00      0.00      0.75      0.50      0.00      0.00     45.00
11:08:55 PM     all      0.25      0.00      0.25      0.00      0.00      0.25      0.00      0.00      0.00     99.25
11:08:56 PM     all      0.00      0.00      0.25      0.00      0.00      0.00      0.00      0.00      0.00     99.75
11:08:57 PM     all      6.55      0.00      0.50      0.00      0.00      0.50      0.25      0.00      0.00     92.19
11:08:58 PM     all     14.50      0.00      2.00      0.00      0.00      0.75      0.50      0.00      0.00     82.25
11:08:59 PM     all     14.11      0.00      2.02      0.00      0.00      0.76      0.50      0.00      0.00     82.62
11:09:00 PM     all     15.21      0.00      2.49      0.00      0.00      0.75      0.50      0.00      0.00     81.05
11:09:01 PM     all     15.59      0.00      1.98      0.25      0.00      0.74      0.50      0.00      0.00     80.94
11:09:02 PM     all     15.17      0.00      1.99      0.00      0.00      0.75      0.50      0.00      0.00     81.59
11:09:03 PM     all     12.91      0.00      1.77      0.00      0.00      0.76      0.25      0.00      0.00     84.30
11:09:04 PM     all     14.82      0.00      1.01      0.00      0.00      0.75      0.50      0.00      0.00     82.91
11:09:05 PM     all     14.68      0.00      1.27      0.00      0.00      0.76      0.51      0.00      0.00     82.78
11:09:06 PM     all     14.46      0.00      2.24      0.00      0.00      0.75      0.50      0.00      0.00     82.04
11:09:07 PM     all     13.38      0.00      2.02      0.00      0.00      0.76      0.51      0.00      0.00     83.33
11:09:08 PM     all     13.47      0.00      2.74      0.00      0.00      0.75      0.50      0.00      0.00     82.54
11:09:09 PM     all     14.14      0.00      1.52      0.00      0.00      0.76      0.51      0.00      0.00     83.08
11:09:10 PM     all     12.50      0.00      2.50      0.00      0.00      0.75      0.25      0.00      0.00     84.00
11:09:11 PM     all     14.43      0.00      2.49      0.25      0.00      0.75      0.50      0.00      0.00     81.59
11:09:12 PM     all     13.49      0.00      1.53      0.00      0.00      0.51      0.51      0.00      0.00     83.97
11:09:13 PM     all     13.85      0.00      2.02      0.00      0.00      0.76      0.50      0.00      0.00     82.87
11:09:14 PM     all     14.11      0.00      1.76      0.00      0.00      0.76      0.50      0.00      0.00     82.87
11:09:15 PM     all     13.42      0.00      1.77      0.00      0.00      0.76      0.25      0.00      0.00     83.80
11:09:16 PM     all     13.78      0.00      1.75      0.00      0.00      0.75      0.50      0.00      0.00     83.21
11:09:17 PM     all     14.36      0.00      1.76      0.00      0.00      0.76      0.50      0.00      0.00     82.62
11:09:18 PM     all     13.35      0.00      1.26      0.00      0.00      0.76      0.25      0.00      0.00     84.38
11:09:19 PM     all     14.36      0.00      1.76      0.00      0.00      0.76      0.50      0.00      0.00     82.62
11:09:20 PM     all     13.92      0.00      1.52      0.00      0.00      0.76      0.51      0.00      0.00     83.29
11:09:21 PM     all     14.32      0.00      2.01      0.00      0.00      0.75      0.50      0.00      0.00     82.41
11:09:22 PM     all     14.07      0.00      2.01      0.00      0.00      0.75      0.50      0.00      0.00     82.66
11:09:23 PM     all     14.75      0.00      2.00      0.00      0.00      0.75      0.50      0.00      0.00     82.00
11:09:24 PM     all     11.06      0.00      1.51      0.00      0.00      0.50      0.50      0.00      0.00     86.43
11:09:25 PM     all     13.45      0.00      1.27      0.00      0.00      0.76      0.25      0.00      0.00     84.26
11:09:26 PM     all     15.27      0.00      2.71      0.00      0.00      0.74      0.49      0.00      0.00     80.79
11:09:27 PM     all     31.33      0.00      8.27      0.00      0.00      1.00      0.50      0.00      0.00     58.90
11:09:28 PM     all     86.75      0.00     11.25      0.00      0.00      1.25      0.75      0.00      0.00      0.00
11:09:29 PM     all     92.48      0.00      5.76      0.00      0.00      1.25      0.50      0.00      0.00      0.00
11:09:30 PM     all     93.00      0.00      4.75      0.00      0.00      1.50      0.75      0.00      0.00      0.00
11:09:31 PM     all     93.52      0.00      4.49      0.00      0.00      1.25      0.75      0.00      0.00      0.00
11:09:32 PM     all     93.00      0.00      5.00      0.00      0.00      1.50      0.50      0.00      0.00      0.00
11:09:33 PM     all     92.75      0.00      5.00      0.00      0.00      1.50      0.75      0.00      0.00      0.00
11:09:34 PM     all     93.50      0.00      4.50      0.00      0.00      1.25      0.75      0.00      0.00      0.00
11:09:35 PM     all     93.00      0.00      5.00      0.00      0.00      1.50      0.50      0.00      0.00      0.00
11:09:36 PM     all     92.25      0.00      5.75      0.00      0.00      1.25      0.75      0.00      0.00      0.00
11:09:37 PM     all     92.52      0.00      5.24      0.00      0.00      1.50      0.75      0.00      0.00      0.00
11:09:38 PM     all     93.75      0.00      4.25      0.00      0.00      1.25      0.75      0.00      0.00      0.00
11:09:39 PM     all     92.77      0.00      4.99      0.00      0.00      1.50      0.75      0.00      0.00      0.00
11:09:40 PM     all     93.25      0.00      4.75      0.00      0.00      1.25      0.75      0.00      0.00      0.00
11:09:41 PM     all     93.73      0.00      4.01      0.00      0.00      1.50      0.75      0.00      0.00      0.00
11:09:42 PM     all     92.27      0.00      5.49      0.00      0.00      1.50      0.75      0.00      0.00      0.00
11:09:43 PM     all     92.77      0.00      4.99      0.00      0.00      1.50      0.75      0.00      0.00      0.00
11:09:44 PM     all     94.49      0.00      3.76      0.00      0.00      1.25      0.50      0.00      0.00      0.00
11:09:45 PM     all     93.03      0.00      4.73      0.00      0.00      1.49      0.75      0.00      0.00      0.00
11:09:46 PM     all     92.25      0.00      5.75      0.00      0.00      1.25      0.75      0.00      0.00      0.00
11:09:47 PM     all     93.02      0.00      4.99      0.00      0.00      1.50      0.50      0.00      0.00      0.00
11:09:48 PM     all     93.75      0.00      4.25      0.00      0.00      1.25      0.75      0.00      0.00      0.00
11:09:49 PM     all     92.27      0.00      5.49      0.00      0.00      1.50      0.75      0.00      0.00      0.00
11:09:50 PM     all     92.46      0.00      5.78      0.00      0.00      1.26      0.50      0.00      0.00      0.00
11:09:51 PM     all     91.52      0.00      6.23      0.00      0.00      1.50      0.75      0.00      0.00      0.00
11:09:52 PM     all     90.98      0.00      7.02      0.00      0.00      1.25      0.75      0.00      0.00      0.00
11:09:53 PM     all     92.52      0.00      5.49      0.00      0.00      1.50      0.50      0.00      0.00      0.00
11:09:54 PM     all     92.25      0.00      5.75      0.00      0.00      1.25      0.75      0.00      0.00      0.00
11:09:55 PM     all     90.73      0.00      7.27      0.00      0.00      1.50      0.50      0.00      0.00      0.00
11:09:56 PM     all     93.00      0.00      5.00      0.00      0.00      1.25      0.75      0.00      0.00      0.00
11:09:57 PM     all     66.83      0.00      5.45      0.00      0.00      1.24      0.74      0.00      0.00     25.74
11:09:58 PM     all      0.00      0.00      1.25      0.00      0.00      0.00      0.00      0.00      0.00     98.75
11:09:59 PM     all      0.25      0.00      0.75      0.00      0.00      0.00      0.00      0.00      0.00     99.00
11:10:00 PM     all      4.71      0.00      1.99      0.00      0.00      0.50      0.25      0.00      0.00     92.56
11:10:01 PM     all     14.39      0.00      1.99      0.25      0.00      0.50      0.50      0.00      0.00     82.38
11:10:02 PM     all     14.81      0.00      2.22      0.00      0.00      0.74      0.49      0.00      0.00     81.73
11:10:03 PM     all     13.75      0.00      1.75      0.00      0.00      0.75      0.50      0.00      0.00     83.25
11:10:04 PM     all     14.21      0.00      2.24      0.00      0.00      0.75      0.50      0.00      0.00     82.29
11:10:05 PM     all     14.46      0.00      2.49      0.00      0.00      0.75      0.50      0.00      0.00     81.80
11:10:06 PM     all     14.79      0.00      1.75      0.00      0.00      0.75      0.25      0.00      0.00     82.46
11:10:07 PM     all     14.18      0.00      2.49      0.00      0.00      0.75      0.75      0.00      0.00     81.84
11:10:08 PM     all     14.89      0.00      2.48      0.00      0.00      0.74      0.25      0.00      0.00     81.64
11:10:09 PM     all     15.29      0.00      1.50      0.00      0.00      0.75      0.50      0.00      0.00     81.95
11:10:10 PM     all     14.46      0.00      1.75      0.00      0.00      0.75      0.50      0.00      0.00     82.54
11:10:11 PM     all     14.57      0.00      1.26      0.00      0.00      0.75      0.50      0.00      0.00     82.91
11:10:12 PM     all     14.86      0.00      1.01      0.00      0.00      0.76      0.50      0.00      0.00     82.87
11:10:13 PM     all     14.79      0.00      1.75      0.00      0.00      0.50      0.25      0.00      0.00     82.71
11:10:14 PM     all     15.25      0.00      1.50      0.00      0.00      0.75      0.50      0.00      0.00     82.00
11:10:15 PM     all     14.00      0.00      3.19      0.00      0.00      0.74      0.49      0.00      0.00     81.57
11:10:16 PM     all     13.82      0.00      1.76      0.25      0.00      0.75      0.50      0.00      0.00     82.91
11:10:17 PM     all     13.85      0.00      1.51      0.00      0.00      0.76      0.50      0.00      0.00     83.38
11:10:18 PM     all     13.97      0.00      2.00      0.00      0.00      0.75      0.50      0.00      0.00     82.79
11:10:19 PM     all     13.82      0.00      2.26      0.00      0.00      0.75      0.50      0.00      0.00     82.66
11:10:20 PM     all     14.18      0.00      1.01      0.00      0.00      0.76      0.51      0.00      0.00     83.54
11:10:21 PM     all     14.21      0.00      2.49      0.00      0.00      0.75      0.50      0.00      0.00     82.04
11:10:22 PM     all     13.49      0.00      1.53      0.00      0.00      0.76      0.51      0.00      0.00     83.72
11:10:23 PM     all     15.58      0.00      1.51      0.00      0.00      0.75      0.50      0.00      0.00     81.66
11:10:24 PM     all     10.55      0.00      1.26      0.00      0.00      0.50      0.25      0.00      0.00     87.44
11:10:25 PM     all     15.25      0.00      1.75      0.00      0.00      0.75      0.50      0.00      0.00     81.75
11:10:26 PM     all     14.82      0.00      1.76      0.00      0.00      0.75      0.50      0.00      0.00     82.16
11:10:27 PM     all     15.00      0.00      1.25      0.00      0.00      0.75      0.50      0.00      0.00     82.50
11:10:28 PM     all     15.08      0.00      1.26      0.00      0.00      0.75      0.25      0.00      0.00     82.66
11:10:29 PM     all     14.50      0.00      1.50      0.00      0.00      0.75      0.50      0.00      0.00     82.75
11:10:30 PM     all     17.04      0.00      7.02      0.00      0.00      0.75      0.50      0.00      0.00     74.69
11:10:31 PM     all     89.72      0.00      8.52      0.00      0.00      1.25      0.50      0.00      0.00      0.00
11:10:32 PM     all     93.53      0.00      4.23      0.00      0.00      1.49      0.75      0.00      0.00      0.00
11:10:33 PM     all     93.50      0.00      4.50      0.00      0.00      1.25      0.75      0.00      0.00      0.00
11:10:34 PM     all     94.99      0.00      3.01      0.00      0.00      1.50      0.50      0.00      0.00      0.00
11:10:35 PM     all     94.54      0.00      3.47      0.00      0.00      1.24      0.74      0.00      0.00      0.00
11:10:36 PM     all     94.76      0.00      2.99      0.00      0.00      1.50      0.75      0.00      0.00      0.00
11:10:37 PM     all     94.50      0.00      3.50      0.00      0.00      1.25      0.75      0.00      0.00      0.00
11:10:38 PM     all     94.00      0.00      3.75      0.00      0.00      1.50      0.75      0.00      0.00      0.00
11:10:39 PM     all     94.51      0.00      3.24      0.00      0.00      1.50      0.75      0.00      0.00      0.00
11:10:40 PM     all     94.22      0.00      3.77      0.00      0.00      1.26      0.75      0.00      0.00      0.00
11:10:41 PM     all     93.03      0.00      4.73      0.00      0.00      1.49      0.75      0.00      0.00      0.00
11:10:42 PM     all     94.50      0.00      3.50      0.00      0.00      1.50      0.50      0.00      0.00      0.00
11:10:43 PM     all     94.51      0.00      3.49      0.00      0.00      1.25      0.75      0.00      0.00      0.00
11:10:44 PM     all     94.03      0.00      3.48      0.00      0.00      1.49      1.00      0.00      0.00      0.00
11:10:45 PM     all     95.24      0.00      2.76      0.00      0.00      1.50      0.50      0.00      0.00      0.00
11:10:46 PM     all     94.00      0.00      3.75      0.00      0.00      1.25      1.00      0.00      0.00      0.00
11:10:47 PM     all     94.50      0.00      3.25      0.00      0.00      1.50      0.75      0.00      0.00      0.00
11:10:48 PM     all     94.01      0.00      3.74      0.00      0.00      1.50      0.75      0.00      0.00      0.00
11:10:49 PM     all     94.75      0.00      3.25      0.00      0.00      1.25      0.75      0.00      0.00      0.00
11:10:50 PM     all     94.76      0.00      2.99      0.00      0.00      1.50      0.75      0.00      0.00      0.00
11:10:51 PM     all     94.49      0.00      3.51      0.00      0.00      1.50      0.50      0.00      0.00      0.00
11:10:52 PM     all     94.49      0.00      3.51      0.00      0.00      1.25      0.75      0.00      0.00      0.00
11:10:53 PM     all     93.02      0.00      4.74      0.00      0.00      1.50      0.75      0.00      0.00      0.00
11:10:54 PM     all     90.52      0.00      7.48      0.00      0.00      1.25      0.75      0.00      0.00      0.00
11:10:55 PM     all     93.25      0.00      4.75      0.00      0.00      1.50      0.50      0.00      0.00      0.00
11:10:56 PM     all     95.49      0.00      3.01      0.00      0.00      1.00      0.50      0.00      0.00      0.00
11:10:57 PM     all     92.31      0.00      5.46      0.00      0.00      1.49      0.74      0.00      0.00      0.00
11:10:58 PM     all     93.72      0.00      4.27      0.00      0.00      1.51      0.50      0.00      0.00      0.00
11:10:59 PM     all     94.01      0.00      3.99      0.00      0.00      1.25      0.75      0.00      0.00      0.00
11:11:00 PM     all     85.04      0.00      4.74      0.00      0.00      1.50      0.75      0.00      0.00      7.98
11:11:01 PM     all      0.00      0.00      1.25      0.00      0.00      0.00      0.00      0.00      0.00     98.75
11:11:02 PM     all      0.25      0.00      0.25      0.25      0.00      0.00      0.00      0.00      0.00     99.25
11:11:03 PM     all      1.25      0.00      0.25      0.00      0.00      0.25      0.25      0.00      0.00     98.00
11:11:04 PM     all     14.72      0.00      1.52      0.00      0.00      0.76      0.25      0.00      0.00     82.74
11:11:05 PM     all     14.50      0.00      1.25      0.00      0.00      0.75      0.50      0.00      0.00     83.00
11:11:06 PM     all     13.78      0.00      1.02      0.00      0.00      0.77      0.51      0.00      0.00     83.93
11:11:07 PM     all     15.46      0.00      1.25      0.00      0.00      0.75      0.50      0.00      0.00     82.04
11:11:08 PM     all     13.57      0.00      2.51      0.00      0.00      0.75      0.50      0.00      0.00     82.66
11:11:09 PM     all     15.58      0.00      1.01      0.00      0.00      0.75      0.50      0.00      0.00     82.16
11:11:10 PM     all     14.39      0.00      1.52      0.00      0.00      0.76      0.25      0.00      0.00     83.08
11:11:11 PM     all     14.82      0.00      1.51      0.00      0.00      0.50      0.50      0.00      0.00     82.66
11:11:12 PM     all     14.29      0.00      1.75      0.25      0.00      0.75      0.50      0.00      0.00     82.46
11:11:13 PM     all     14.36      0.00      1.76      0.00      0.00      0.76      0.50      0.00      0.00     82.62
11:11:14 PM     all     13.92      0.00      1.52      0.00      0.00      0.76      0.51      0.00      0.00     83.29
11:11:15 PM     all     13.38      0.00      1.26      0.00      0.00      0.76      0.25      0.00      0.00     84.34
11:11:16 PM     all     14.18      0.00      1.01      0.00      0.00      0.76      0.51      0.00      0.00     83.54
11:11:17 PM     all     14.18      0.00      1.27      0.00      0.00      0.76      0.51      0.00      0.00     83.29
11:11:18 PM     all     14.29      0.00      1.72      0.00      0.00      0.74      0.49      0.00      0.00     82.76
11:11:19 PM     all     14.79      0.00      1.75      0.00      0.00      0.50      0.50      0.00      0.00     82.46
11:11:20 PM     all     14.75      0.00      1.75      0.00      0.00      0.75      0.25      0.00      0.00     82.50
11:11:21 PM     all     14.14      0.00      1.52      0.00      0.00      0.76      0.51      0.00      0.00     83.08
11:11:22 PM     all     14.32      0.00      1.02      0.26      0.00      0.77      0.51      0.00      0.00     83.12
11:11:23 PM     all     14.18      0.00      1.27      0.00      0.00      0.76      0.51      0.00      0.00     83.29
11:11:24 PM     all     11.06      0.00      1.51      0.00      0.00      0.75      0.25      0.00      0.00     86.43
11:11:25 PM     all     14.86      0.00      1.01      0.00      0.00      0.76      0.50      0.00      0.00     82.87
11:11:26 PM     all     14.14      0.00      0.76      0.00      0.00      0.51      0.51      0.00      0.00     84.09
11:11:27 PM     all     15.75      0.00      1.25      0.00      0.00      0.75      0.50      0.00      0.00     81.75
11:11:28 PM     all     14.57      0.00      1.76      0.00      0.00      0.75      0.25      0.00      0.00     82.66
11:11:29 PM     all     14.71      0.00      2.00      0.00      0.00      0.75      0.50      0.00      0.00     82.04
11:11:30 PM     all     14.07      0.00      1.76      0.00      0.00      0.75      0.50      0.00      0.00     82.91
11:11:31 PM     all     15.00      0.00      1.00      0.00      0.00      0.75      0.50      0.00      0.00     82.75
11:11:32 PM     all     13.89      0.00      2.02      0.00      0.00      0.76      0.51      0.00      0.00     82.83
11:11:33 PM     all     11.87      0.00      3.54      0.00      0.00      0.76      0.25      0.00      0.00     83.59
11:11:34 PM     all     78.55      0.00     11.47      0.00      0.00      1.25      0.75      0.00      0.00      7.98
11:11:35 PM     all     95.00      0.00      3.25      0.00      0.00      1.25      0.50      0.00      0.00      0.00
11:11:36 PM     all     94.24      0.00      4.01      0.00      0.00      1.25      0.50      0.00      0.00      0.00
11:11:37 PM     all     93.27      0.00      4.24      0.00      0.00      1.50      1.00      0.00      0.00      0.00
11:11:38 PM     all     93.50      0.00      4.25      0.00      0.00      1.50      0.75      0.00      0.00      0.00
11:11:39 PM     all     94.22      0.00      3.77      0.00      0.00      1.26      0.75      0.00      0.00      0.00
11:11:40 PM     all     94.25      0.00      3.50      0.00      0.00      1.50      0.75      0.00      0.00      0.00
11:11:41 PM     all     94.26      0.00      3.49      0.00      0.00      1.50      0.75      0.00      0.00      0.00
11:11:42 PM     all     93.23      0.00      4.51      0.00      0.00      1.50      0.75      0.00      0.00      0.00
11:11:43 PM     all     93.25      0.00      4.50      0.00      0.00      1.50      0.75      0.00      0.00      0.00
11:11:44 PM     all     92.79      0.00      4.98      0.00      0.00      1.49      0.75      0.00      0.00      0.00
11:11:45 PM     all     95.00      0.00      3.00      0.00      0.00      1.25      0.75      0.00      0.00      0.00
11:11:46 PM     all     93.75      0.00      4.00      0.00      0.00      1.50      0.75      0.00      0.00      0.00
11:11:47 PM     all     93.52      0.00      4.24      0.00      0.00      1.50      0.75      0.00      0.00      0.00
11:11:48 PM     all     94.00      0.00      3.75      0.00      0.00      1.50      0.75      0.00      0.00      0.00
11:11:49 PM     all     95.48      0.00      2.51      0.00      0.00      1.26      0.75      0.00      0.00      0.00
11:11:50 PM     all     94.28      0.00      3.48      0.00      0.00      1.49      0.75      0.00      0.00      0.00
11:11:51 PM     all     94.47      0.00      3.77      0.00      0.00      1.26      0.50      0.00      0.00      0.00
11:11:52 PM     all     93.53      0.00      3.98      0.00      0.00      1.49      1.00      0.00      0.00      0.00
11:11:53 PM     all     93.50      0.00      4.25      0.00      0.00      1.50      0.75      0.00      0.00      0.00
11:11:54 PM     all     95.99      0.00      2.01      0.00      0.00      1.50      0.50      0.00      0.00      0.00
11:11:55 PM     all     93.25      0.00      4.75      0.00      0.00      1.25      0.75      0.00      0.00      0.00
11:11:56 PM     all     94.26      0.00      3.49      0.00      0.00      1.50      0.75      0.00      0.00      0.00
11:11:57 PM     all     91.73      0.00      6.52      0.00      0.00      1.25      0.50      0.00      0.00      0.00
11:11:58 PM     all     92.77      0.00      4.99      0.00      0.00      1.50      0.75      0.00      0.00      0.00
11:11:59 PM     all     94.00      0.00      4.00      0.00      0.00      1.25      0.75      0.00      0.00      0.00
11:12:00 PM     all     92.48      0.00      5.51      0.00      0.00      1.50      0.50      0.00      0.00      0.00
11:12:01 PM     all     93.02      0.00      4.49      0.00      0.00      1.50      1.00      0.00      0.00      0.00
11:12:02 PM     all     93.52      0.00      4.24      0.00      0.00      1.50      0.75      0.00      0.00      0.00
11:12:03 PM     all     94.24      0.00      4.01      0.00      0.00      1.25      0.50      0.00      0.00      0.00
11:12:04 PM     all     10.28      0.00      1.25      0.00      0.00      0.25      0.25      0.00      0.00     87.97
11:12:05 PM     all      0.00      0.00      0.25      0.00      0.00      0.00      0.00      0.00      0.00     99.75
11:12:06 PM     all      0.25      0.00      0.25      0.00      0.00      0.25      0.00      0.00      0.00     99.25
11:12:07 PM     all     11.36      0.00      1.26      0.25      0.00      0.51      0.51      0.00      0.00     86.11
11:12:08 PM     all     14.32      0.00      1.76      0.00      0.00      0.75      0.50      0.00      0.00     82.66
11:12:09 PM     all     14.18      0.00      1.27      0.00      0.00      0.76      0.25      0.00      0.00     83.54
11:12:10 PM     all     14.85      0.00      1.98      0.00      0.00      0.74      0.50      0.00      0.00     81.93
11:12:11 PM     all     14.50      0.00      2.00      0.00      0.00      0.75      0.50      0.00      0.00     82.25
11:12:12 PM     all     14.32      0.00      1.76      0.00      0.00      0.75      0.50      0.00      0.00     82.66
11:12:13 PM     all     14.61      0.00      1.26      0.00      0.00      0.76      0.50      0.00      0.00     82.87
11:12:14 PM     all     14.11      0.00      1.26      0.00      0.00      0.76      0.50      0.00      0.00     83.38
11:12:15 PM     all     14.89      0.00      1.99      0.00      0.00      0.74      0.50      0.00      0.00     81.89
11:12:16 PM     all     15.25      0.00      1.50      0.00      0.00      0.50      0.25      0.00      0.00     82.50
11:12:17 PM     all     14.32      0.00      1.51      0.00      0.00      1.01      0.50      0.00      0.00     82.66
11:12:18 PM     all     12.91      0.00      1.27      0.00      0.00      0.51      0.51      0.00      0.00     84.81
11:12:19 PM     all     14.96      0.00      1.50      0.00      0.00      0.75      0.50      0.00      0.00     82.29
11:12:20 PM     all     15.00      0.00      1.50      0.00      0.00      0.75      0.25      0.00      0.00     82.50
11:12:21 PM     all     14.39      0.00      1.01      0.00      0.00      0.76      0.51      0.00      0.00     83.33
11:12:22 PM     all     14.89      0.00      2.23      0.25      0.00      0.74      0.50      0.00      0.00     81.39
11:12:23 PM     all     14.93      0.00      1.74      0.00      0.00      0.75      0.50      0.00      0.00     82.09
11:12:24 PM     all     10.63      0.00      1.01      0.00      0.00      0.51      0.25      0.00      0.00     87.59
11:12:25 PM     all     15.21      0.00      1.50      0.00      0.00      0.75      0.50      0.00      0.00     82.04
11:12:26 PM     all     15.08      0.00      1.51      0.00      0.00      0.75      0.50      0.00      0.00     82.16
11:12:27 PM     all     15.37      0.00      1.51      0.00      0.00      0.76      0.50      0.00      0.00     81.86
11:12:28 PM     all     14.36      0.00      1.51      0.00      0.00      0.76      0.50      0.00      0.00     82.87
11:12:29 PM     all     14.61      0.00      1.51      0.00      0.00      0.76      0.50      0.00      0.00     82.62
11:12:30 PM     all     13.57      0.00      1.76      0.00      0.00      0.75      0.25      0.00      0.00     83.67
11:12:31 PM     all     14.61      0.00      1.51      0.00      0.00      0.76      0.50      0.00      0.00     82.62
11:12:32 PM     all     14.18      0.00      2.49      0.00      0.00      0.75      0.50      0.00      0.00     82.09
11:12:33 PM     all     14.82      0.00      1.01      0.00      0.00      0.75      0.50      0.00      0.00     82.91
11:12:34 PM     all     14.68      0.00      0.76      0.00      0.00      0.51      0.25      0.00      0.00     83.80
11:12:35 PM     all     13.89      0.00      1.77      0.00      0.00      0.76      0.51      0.00      0.00     83.08
11:12:36 PM     all     13.92      0.00      1.27      0.00      0.00      0.76      0.51      0.00      0.00     83.54
11:12:37 PM     all     63.07      0.00     12.31      0.25      0.00      1.26      0.50      0.00      0.00     22.61
11:12:38 PM     all     92.50      0.00      5.50      0.00      0.00      1.25      0.75      0.00      0.00      0.00
11:12:39 PM     all     94.75      0.00      3.00      0.00      0.00      1.50      0.75      0.00      0.00      0.00
11:12:40 PM     all     93.52      0.00      4.24      0.00      0.00      1.50      0.75      0.00      0.00      0.00
11:12:41 PM     all     95.25      0.00      2.75      0.00      0.00      1.25      0.75      0.00      0.00      0.00
11:12:42 PM     all     93.50      0.00      4.25      0.00      0.00      1.50      0.75      0.00      0.00      0.00
11:12:43 PM     all     93.25      0.00      4.50      0.00      0.00      1.50      0.75      0.00      0.00      0.00
11:12:44 PM     all     94.50      0.00      3.25      0.00      0.00      1.50      0.75      0.00      0.00      0.00
11:12:45 PM     all     94.25      0.00      3.50      0.00      0.00      1.50      0.75      0.00      0.00      0.00
11:12:46 PM     all     95.02      0.00      2.99      0.00      0.00      1.24      0.75      0.00      0.00      0.00
11:12:47 PM     all     93.77      0.00      3.99      0.00      0.00      1.50      0.75      0.00      0.00      0.00
11:12:48 PM     all     95.01      0.00      2.74      0.00      0.00      1.50      0.75      0.00      0.00      0.00
11:12:49 PM     all     94.74      0.00      3.26      0.00      0.00      1.50      0.50      0.00      0.00      0.00
11:12:50 PM     all     93.81      0.00      3.71      0.00      0.00      1.49      0.99      0.00      0.00      0.00
11:12:51 PM     all     95.48      0.00      2.76      0.00      0.00      1.26      0.50      0.00      0.00      0.00
11:12:52 PM     all     94.51      0.00      3.24      0.00      0.00      1.50      0.75      0.00      0.00      0.00
11:12:53 PM     all     94.49      0.00      3.26      0.00      0.00      1.50      0.75      0.00      0.00      0.00
11:12:54 PM     all     95.25      0.00      2.75      0.00      0.00      1.25      0.75      0.00      0.00      0.00
11:12:55 PM     all     94.51      0.00      3.24      0.00      0.00      1.50      0.75      0.00      0.00      0.00
11:12:56 PM     all     94.25      0.00      4.00      0.00      0.00      1.25      0.50      0.00      0.00      0.00
11:12:57 PM     all     94.00      0.00      3.75      0.00      0.00      1.50      0.75      0.00      0.00      0.00
11:12:58 PM     all     94.50      0.00      3.50      0.00      0.00      1.25      0.75      0.00      0.00      0.00
11:12:59 PM     all     95.25      0.00      2.50      0.00      0.00      1.50      0.75      0.00      0.00      0.00
11:13:00 PM     all     94.25      0.00      4.00      0.00      0.00      1.25      0.50      0.00      0.00      0.00
11:13:01 PM     all     92.75      0.00      5.25      0.00      0.00      1.50      0.50      0.00      0.00      0.00
11:13:02 PM     all     91.75      0.00      6.25      0.00      0.00      1.25      0.75      0.00      0.00      0.00
11:13:03 PM     all     92.82      0.00      4.95      0.00      0.00      1.49      0.74      0.00      0.00      0.00
11:13:04 PM     all     93.75      0.00      4.50      0.00      0.00      1.25      0.50      0.00      0.00      0.00
11:13:05 PM     all     92.52      0.00      4.99      0.00      0.00      1.50      1.00      0.00      0.00      0.00
11:13:06 PM     all     94.00      0.00      3.75      0.00      0.00      1.50      0.75      0.00      0.00      0.00
11:13:07 PM     all     26.32      0.00      2.01      0.00      0.00      0.50      0.25      0.00      0.00     70.93
11:13:08 PM     all      0.25      0.00      0.25      0.00      0.00      0.00      0.00      0.00      0.00     99.50
11:13:09 PM     all      0.00      0.00      0.25      0.00      0.00      0.25      0.00      0.00      0.00     99.50
11:13:10 PM     all     10.58      0.00      0.76      0.00      0.00      0.50      0.25      0.00      0.00     87.91
11:13:11 PM     all     14.25      0.00      2.00      0.00      0.00      0.75      0.50      0.00      0.00     82.50
11:13:12 PM     all     13.99      0.00      1.02      0.00      0.00      0.76      0.51      0.00      0.00     83.72
11:13:13 PM     all     14.82      0.00      1.51      0.00      0.00      0.75      0.50      0.00      0.00     82.41
11:13:14 PM     all     15.17      0.00      1.24      0.00      0.00      0.75      0.50      0.00      0.00     82.34
11:13:15 PM     all     13.27      0.00      0.77      0.00      0.00      0.51      0.26      0.00      0.00     85.20
11:13:16 PM     all     13.71      0.00      1.52      0.00      0.00      0.76      0.51      0.00      0.00     83.50
11:13:17 PM     all     13.64      0.00      2.53      0.00      0.00      0.76      0.51      0.00      0.00     82.58
11:13:18 PM     all     12.94      0.00      1.99      0.00      0.00      0.75      0.50      0.00      0.00     83.83
11:13:19 PM     all     14.96      0.00      1.75      0.00      0.00      0.75      0.50      0.00      0.00     82.04
11:13:20 PM     all     15.00      0.00      1.50      0.00      0.00      0.75      0.25      0.00      0.00     82.50
11:13:21 PM     all     14.71      0.00      2.00      0.00      0.00      0.75      0.50      0.00      0.00     82.04
11:13:22 PM     all     14.29      0.00      1.25      0.25      0.00      0.75      0.50      0.00      0.00     82.96
11:13:23 PM     all     14.18      0.00      2.74      0.00      0.00      0.75      0.50      0.00      0.00     81.84
11:13:24 PM     all     10.63      0.00      1.01      0.00      0.00      0.51      0.25      0.00      0.00     87.59
11:13:25 PM     all     14.68      0.00      1.27      0.00      0.00      0.76      0.51      0.00      0.00     82.78
11:13:26 PM     all     13.78      0.00      2.26      0.00      0.00      0.75      0.50      0.00      0.00     82.71
11:13:27 PM     all     15.00      0.00      1.25      0.00      0.00      0.75      0.50      0.00      0.00     82.50
11:13:28 PM     all     14.07      0.00      1.51      0.00      0.00      0.75      0.50      0.00      0.00     83.17
11:13:29 PM     all     14.39      0.00      1.77      0.00      0.00      0.76      0.25      0.00      0.00     82.83
11:13:30 PM     all     13.32      0.00      1.26      0.00      0.00      0.50      0.50      0.00      0.00     84.42
11:13:31 PM     all     14.96      0.00      1.50      0.00      0.00      1.00      0.50      0.00      0.00     82.04
11:13:32 PM     all     14.57      0.00      1.76      0.00      0.00      0.50      0.50      0.00      0.00     82.66
11:13:33 PM     all      7.30      0.00      1.01      0.00      0.00      0.50      0.25      0.00      0.00     90.93
11:13:34 PM     all     14.57      0.00      1.51      0.00      0.00      0.75      0.50      0.00      0.00     82.66
11:13:35 PM     all     14.18      0.00      1.52      0.00      0.00      0.76      0.25      0.00      0.00     83.29
11:13:36 PM     all     13.68      0.00      2.74      0.00      0.00      0.75      0.50      0.00      0.00     82.34
11:13:37 PM     all     13.60      0.00      2.02      0.25      0.00      0.76      0.50      0.00      0.00     82.87
11:13:38 PM     all     14.25      0.00      2.25      0.00      0.00      0.75      0.50      0.00      0.00     82.25
11:13:39 PM     all     12.69      0.00      2.99      0.00      0.00      0.75      0.50      0.00      0.00     83.08
11:13:40 PM     all     51.00      0.00     10.75      0.00      0.00      1.00      0.50      0.00      0.00     36.75
11:13:41 PM     all     89.53      0.00      8.48      0.00      0.00      1.25      0.75      0.00      0.00      0.00
11:13:42 PM     all     92.98      0.00      5.01      0.00      0.00      1.50      0.50      0.00      0.00      0.00
11:13:43 PM     all     92.79      0.00      5.22      0.00      0.00      1.24      0.75      0.00      0.00      0.00
11:13:44 PM     all     92.98      0.00      5.26      0.00      0.00      1.25      0.50      0.00      0.00      0.00
11:13:45 PM     all     92.29      0.00      5.72      0.00      0.00      1.49      0.50      0.00      0.00      0.00
11:13:46 PM     all     94.01      0.00      3.99      0.00      0.00      1.25      0.75      0.00      0.00      0.00
11:13:47 PM     all     92.46      0.00      5.78      0.00      0.00      1.26      0.50      0.00      0.00      0.00
11:13:48 PM     all     93.02      0.00      5.24      0.00      0.00      1.25      0.50      0.00      0.00      0.00
11:13:49 PM     all     93.25      0.00      4.25      0.00      0.00      1.50      1.00      0.00      0.00      0.00
11:13:50 PM     all     93.73      0.00      4.51      0.00      0.00      1.25      0.50      0.00      0.00      0.00
11:13:51 PM     all     93.77      0.00      4.49      0.00      0.00      1.25      0.50      0.00      0.00      0.00
11:13:52 PM     all     93.25      0.00      4.75      0.00      0.00      1.25      0.75      0.00      0.00      0.00
11:13:53 PM     all     92.75      0.00      5.25      0.00      0.00      1.50      0.50      0.00      0.00      0.00
11:13:54 PM     all     94.00      0.00      4.25      0.00      0.00      1.25      0.50      0.00      0.00      0.00
11:13:55 PM     all     92.75      0.00      5.25      0.00      0.00      1.25      0.75      0.00      0.00      0.00
11:13:56 PM     all     90.00      0.00      8.25      0.00      0.00      1.25      0.50      0.00      0.00      0.00
11:13:57 PM     all     90.02      0.00      7.73      0.00      0.00      1.50      0.75      0.00      0.00      0.00
11:13:58 PM     all     92.48      0.00      5.76      0.00      0.00      1.25      0.50      0.00      0.00      0.00
11:13:59 PM     all     93.05      0.00      4.71      0.00      0.00      1.49      0.74      0.00      0.00      0.00
11:14:00 PM     all     92.25      0.00      6.00      0.00      0.00      1.25      0.50      0.00      0.00      0.00
11:14:01 PM     all     93.52      0.00      4.49      0.00      0.00      1.25      0.75      0.00      0.00      0.00
11:14:02 PM     all     93.23      0.00      5.01      0.00      0.00      1.25      0.50      0.00      0.00      0.00
11:14:03 PM     all     94.25      0.00      4.00      0.00      0.00      1.25      0.50      0.00      0.00      0.00
11:14:04 PM     all     93.78      0.00      3.98      0.00      0.00      1.49      0.75      0.00      0.00      0.00
11:14:05 PM     all     93.23      0.00      5.01      0.00      0.00      1.25      0.50      0.00      0.00      0.00
11:14:06 PM     all     94.74      0.00      3.51      0.00      0.00      1.25      0.50      0.00      0.00      0.00
11:14:07 PM     all     94.51      0.00      3.24      0.00      0.00      1.50      0.75      0.00      0.00      0.00
11:14:08 PM     all     94.00      0.00      4.00      0.00      0.00      1.25      0.75      0.00      0.00      0.00
11:14:09 PM     all     94.51      0.00      3.74      0.00      0.00      1.25      0.50      0.00      0.00      0.00
11:14:10 PM     all     43.39      0.00      2.99      0.00      0.00      0.75      0.25      0.00      0.00     52.62
11:14:11 PM     all      0.00      0.00      1.00      0.00      0.00      0.00      0.25      0.00      0.00     98.75
11:14:12 PM     all      0.00      0.00      1.00      0.00      0.00      0.00      0.00      0.00      0.00     99.00
11:14:13 PM     all      7.52      0.00      1.50      0.00      0.00      0.50      0.25      0.00      0.00     90.23
11:14:14 PM     all     14.50      0.00      2.00      0.00      0.00      0.75      0.50      0.00      0.00     82.25
11:14:15 PM     all     14.46      0.00      2.74      0.00      0.00      0.75      0.50      0.00      0.00     81.55
11:14:16 PM     all     13.50      0.00      2.50      0.00      0.00      0.75      0.50      0.00      0.00     82.75
11:14:17 PM     all     14.04      0.00      2.01      0.00      0.00      0.75      0.50      0.00      0.00     82.71
11:14:18 PM     all     13.90      0.00      1.99      0.00      0.00      0.74      0.25      0.00      0.00     83.13
11:14:19 PM     all     14.85      0.00      2.48      0.00      0.00      0.74      0.50      0.00      0.00     81.44
11:14:20 PM     all     13.78      0.00      2.01      0.00      0.00      0.50      0.50      0.00      0.00     83.21
11:14:21 PM     all     14.96      0.00      2.00      0.00      0.00      0.75      0.50      0.00      0.00     81.80
11:14:22 PM     all     14.64      0.00      2.48      0.00      0.00      0.74      0.50      0.00      0.00     81.64
11:14:23 PM     all     13.97      0.00      2.24      0.00      0.00      0.75      0.50      0.00      0.00     82.54
11:14:24 PM     all     10.70      0.00      1.74      0.00      0.00      0.75      0.50      0.00      0.00     86.32
11:14:25 PM     all     15.42      0.00      1.49      0.25      0.00      0.50      0.50      0.00      0.00     81.84
11:14:26 PM     all     14.93      0.00      1.99      0.00      0.00      1.00      0.25      0.00      0.00     81.84
11:14:27 PM     all     15.14      0.00      2.23      0.00      0.00      0.50      0.50      0.00      0.00     81.64
11:14:28 PM     all     14.57      0.00      1.51      0.00      0.00      1.01      0.50      0.00      0.00     82.41
11:14:29 PM     all     14.29      0.00      2.01      0.00      0.00      0.50      0.50      0.00      0.00     82.71
11:14:30 PM     all     13.64      0.00      1.52      0.00      0.00      0.76      0.51      0.00      0.00     83.59
11:14:31 PM     all     14.82      0.00      1.01      0.00      0.00      0.75      0.50      0.00      0.00     82.91
11:14:32 PM     all     14.21      0.00      2.49      0.00      0.00      0.75      0.50      0.00      0.00     82.04
11:14:33 PM     all     13.28      0.00      2.01      0.00      0.00      0.75      0.25      0.00      0.00     83.71
11:14:34 PM     all     14.43      0.00      1.01      0.00      0.00      0.76      0.51      0.00      0.00     83.29
11:14:35 PM     all     13.64      0.00      1.52      0.25      0.00      0.76      0.51      0.00      0.00     83.33
11:14:36 PM     all     14.79      0.00      1.50      0.00      0.00      0.75      0.50      0.00      0.00     82.46
11:14:37 PM     all     15.17      0.00      1.74      0.00      0.00      0.75      0.50      0.00      0.00     81.84
11:14:38 PM     all     14.71      0.00      2.00      0.00      0.00      0.75      0.50      0.00      0.00     82.04
11:14:39 PM     all     14.90      0.00      1.01      0.00      0.00      0.76      0.51      0.00      0.00     82.83
11:14:40 PM     all     14.11      0.00      1.76      0.00      0.00      0.76      0.50      0.00      0.00     82.87
11:14:41 PM     all     14.61      0.00      1.51      0.00      0.00      0.50      0.50      0.00      0.00     82.87
11:14:42 PM     all     14.32      0.00      2.01      0.00      0.00      1.01      0.25      0.00      0.00     82.41
11:14:43 PM     all     38.54      0.00      7.56      0.00      0.00      0.76      0.50      0.00      0.00     52.64
11:14:44 PM     all     88.89      0.00      8.89      0.00      0.00      1.48      0.74      0.00      0.00      0.00
11:14:45 PM     all     94.24      0.00      3.76      0.00      0.00      1.25      0.75      0.00      0.00      0.00
11:14:46 PM     all     94.53      0.00      3.23      0.00      0.00      1.49      0.75      0.00      0.00      0.00
11:14:47 PM     all     94.00      0.00      3.75      0.00      0.00      1.50      0.75      0.00      0.00      0.00
11:14:48 PM     all     94.50      0.00      3.25      0.00      0.00      1.50      0.75      0.00      0.00      0.00
11:14:49 PM     all     93.50      0.00      4.50      0.00      0.00      1.25      0.75      0.00      0.00      0.00
11:14:50 PM     all     93.75      0.00      4.00      0.00      0.00      1.50      0.75      0.00      0.00      0.00
11:14:51 PM     all     94.50      0.00      3.25      0.00      0.00      1.50      0.75      0.00      0.00      0.00
11:14:52 PM     all     93.75      0.00      4.25      0.00      0.00      1.25      0.75      0.00      0.00      0.00
11:14:53 PM     all     94.25      0.00      3.50      0.00      0.00      1.50      0.75      0.00      0.00      0.00
11:14:54 PM     all     94.74      0.00      3.26      0.00      0.00      1.50      0.50      0.00      0.00      0.00
11:14:55 PM     all     94.00      0.00      4.00      0.00      0.00      1.25      0.75      0.00      0.00      0.00
11:14:56 PM     all     94.50      0.00      3.25      0.00      0.00      1.50      0.75      0.00      0.00      0.00
11:14:57 PM     all     94.01      0.00      3.74      0.00      0.00      1.50      0.75      0.00      0.00      0.00
11:14:58 PM     all     93.98      0.00      3.76      0.00      0.00      1.25      1.00      0.00      0.00      0.00
11:14:59 PM     all     94.25      0.00      3.50      0.00      0.00      1.50      0.75      0.00      0.00      0.00
11:15:00 PM     all     93.02      0.00      4.74      0.00      0.00      1.50      0.75      0.00      0.00      0.00
11:15:01 PM     all     93.03      0.00      4.73      0.00      0.00      1.24      1.00      0.00      0.00      0.00
11:15:02 PM     all     94.74      0.00      3.26      0.00      0.00      1.50      0.50      0.00      0.00      0.00
11:15:03 PM     all     94.25      0.00      3.75      0.00      0.00      1.25      0.75      0.00      0.00      0.00
11:15:04 PM     all     94.00      0.00      4.00      0.00      0.00      1.50      0.50      0.00      0.00      0.00
11:15:05 PM     all     94.49      0.00      3.51      0.00      0.00      1.25      0.75      0.00      0.00      0.00
11:15:06 PM     all     94.04      0.00      3.72      0.00      0.00      1.49      0.74      0.00      0.00      0.00
11:15:07 PM     all     93.75      0.00      4.25      0.00      0.00      1.25      0.75      0.00      0.00      0.00
11:15:08 PM     all     91.50      0.00      6.50      0.00      0.00      1.50      0.50      0.00      0.00      0.00
11:15:09 PM     all     93.00      0.00      5.00      0.00      0.00      1.25      0.75      0.00      0.00      0.00
11:15:10 PM     all     92.54      0.00      5.22      0.00      0.00      1.49      0.75      0.00      0.00      0.00
11:15:11 PM     all     92.75      0.00      5.25      0.00      0.00      1.25      0.75      0.00      0.00      0.00
11:15:12 PM     all     94.04      0.00      3.72      0.00      0.00      1.49      0.74      0.00      0.00      0.00
11:15:13 PM     all     60.35      0.00      3.24      0.00      0.00      1.00      0.50      0.00      0.00     34.91
11:15:14 PM     all      0.00      0.00      0.00      0.00      0.00      0.00      0.00      0.00      0.00    100.00
11:15:15 PM     all      0.00      0.00      0.50      0.00      0.00      0.25      0.00      0.00      0.00     99.25
11:15:16 PM     all      5.29      0.00      0.50      0.00      0.00      0.25      0.25      0.00      0.00     93.70
11:15:17 PM     all     15.06      0.00      1.98      0.00      0.00      0.74      0.49      0.00      0.00     81.73
11:15:18 PM     all     14.18      0.00      0.76      0.00      0.00      0.76      0.51      0.00      0.00     83.80
11:15:19 PM     all     14.07      0.00      1.76      0.00      0.00      0.75      0.25      0.00      0.00     83.17
11:15:20 PM     all     13.92      0.00      1.01      0.25      0.00      0.76      0.51      0.00      0.00     83.54
11:15:21 PM     all     14.14      0.00      1.52      0.00      0.00      0.51      0.51      0.00      0.00     83.33
11:15:22 PM     all     13.82      0.00      2.01      0.00      0.00      0.75      0.50      0.00      0.00     82.91
11:15:23 PM     all     14.54      0.00      0.51      0.00      0.00      0.77      0.51      0.00      0.00     83.67
11:15:24 PM     all     10.53      0.00      1.50      0.00      0.00      0.75      0.25      0.00      0.00     86.97
11:15:25 PM     all     15.29      0.00      1.25      0.00      0.00      0.75      0.50      0.00      0.00     82.21
11:15:26 PM     all     14.43      0.00      1.01      0.00      0.00      0.76      0.51      0.00      0.00     83.29
11:15:27 PM     all     14.86      0.00      1.26      0.00      0.00      0.50      0.25      0.00      0.00     83.12
11:15:28 PM     all     13.67      0.00      1.52      0.00      0.00      1.01      0.51      0.00      0.00     83.29
11:15:29 PM     all     15.42      0.00      1.74      0.00      0.00      0.50      0.50      0.00      0.00     81.84
11:15:30 PM     all     13.16      0.00      0.51      0.00      0.00      0.76      0.51      0.00      0.00     85.06
11:15:31 PM     all     14.82      0.00      1.26      0.00      0.00      0.75      0.50      0.00      0.00     82.66
11:15:32 PM     all     14.50      0.00      0.76      0.00      0.00      0.76      0.25      0.00      0.00     83.72
11:15:33 PM     all     12.85      0.00      2.27      0.00      0.00      0.76      0.50      0.00      0.00     83.63
11:15:34 PM     all     14.36      0.00      1.76      0.00      0.00      0.76      0.50      0.00      0.00     82.62
11:15:35 PM     all     14.82      0.00      1.01      0.25      0.00      0.75      0.50      0.00      0.00     82.66
11:15:36 PM     all     16.42      0.00      0.75      0.00      0.00      0.75      0.50      0.00      0.00     81.59
11:15:37 PM     all     13.89      0.00      1.26      0.00      0.00      0.76      0.25      0.00      0.00     83.84
11:15:38 PM     all     14.14      0.00      1.26      0.00      0.00      0.76      0.51      0.00      0.00     83.33
11:15:39 PM     all     14.47      0.00      1.02      0.00      0.00      0.51      0.51      0.00      0.00     83.50
11:15:40 PM     all     14.32      0.00      1.76      0.00      0.00      1.01      0.50      0.00      0.00     82.41
11:15:41 PM     all     13.33      0.00      0.77      0.00      0.00      0.51      0.51      0.00      0.00     84.87
11:15:42 PM     all     14.07      0.00      1.76      0.00      0.00      0.75      0.25      0.00      0.00     83.17
11:15:43 PM     all     13.64      0.00      1.26      0.00      0.00      0.76      0.51      0.00      0.00     83.84
11:15:44 PM     all     13.64      0.00      2.02      0.00      0.00      0.76      0.51      0.00      0.00     83.08
11:15:45 PM     all     14.07      0.00      2.22      0.00      0.00      0.74      0.49      0.00      0.00     82.47
11:15:46 PM     all     23.35      0.00      7.87      0.00      0.00      0.76      0.25      0.00      0.00     67.77
11:15:47 PM     all     89.00      0.00      9.00      0.00      0.00      1.25      0.75      0.00      0.00      0.00
11:15:48 PM     all     94.54      0.00      3.47      0.00      0.00      1.49      0.50      0.00      0.00      0.00
11:15:49 PM     all     93.52      0.00      4.24      0.00      0.00      1.50      0.75      0.00      0.00      0.00
11:15:50 PM     all     93.73      0.00      4.26      0.00      0.00      1.25      0.75      0.00      0.00      0.00
11:15:51 PM     all     95.01      0.00      2.74      0.00      0.00      1.50      0.75      0.00      0.00      0.00
11:15:52 PM     all     94.50      0.00      3.25      0.00      0.00      1.50      0.75      0.00      0.00      0.00
11:15:53 PM     all     94.74      0.00      3.26      0.00      0.00      1.25      0.75      0.00      0.00      0.00
11:15:54 PM     all     94.01      0.00      3.74      0.00      0.00      1.50      0.75      0.00      0.00      0.00
11:15:55 PM     all     95.00      0.00      2.75      0.00      0.00      1.50      0.75      0.00      0.00      0.00
11:15:56 PM     all     94.50      0.00      3.25      0.00      0.00      1.50      0.75      0.00      0.00      0.00
11:15:57 PM     all     93.00      0.00      5.00      0.00      0.00      1.25      0.75      0.00      0.00      0.00
11:15:58 PM     all     95.01      0.00      2.99      0.00      0.00      1.50      0.50      0.00      0.00      0.00
11:15:59 PM     all     94.25      0.00      3.75      0.00      0.00      1.25      0.75      0.00      0.00      0.00
11:16:00 PM     all     92.25      0.00      5.50      0.00      0.00      1.50      0.75      0.00      0.00      0.00
11:16:01 PM     all     93.50      0.00      4.25      0.00      0.00      1.50      0.75      0.00      0.00      0.00
11:16:02 PM     all     94.26      0.00      3.49      0.00      0.00      1.50      0.75      0.00      0.00      0.00
11:16:03 PM     all     95.26      0.00      2.74      0.00      0.00      1.25      0.75      0.00      0.00      0.00
11:16:04 PM     all     94.25      0.00      3.50      0.00      0.00      1.50      0.75      0.00      0.00      0.00
11:16:05 PM     all     94.75      0.00      3.00      0.00      0.00      1.50      0.75      0.00      0.00      0.00
11:16:06 PM     all     94.50      0.00      3.25      0.00      0.00      1.50      0.75      0.00      0.00      0.00
11:16:07 PM     all     95.00      0.00      3.00      0.00      0.00      1.25      0.75      0.00      0.00      0.00
11:16:08 PM     all     93.52      0.00      4.49      0.00      0.00      1.50      0.50      0.00      0.00      0.00
11:16:09 PM     all     94.49      0.00      3.51      0.00      0.00      1.25      0.75      0.00      0.00      0.00
11:16:10 PM     all     93.52      0.00      4.24      0.00      0.00      1.50      0.75      0.00      0.00      0.00
11:16:11 PM     all     89.75      0.00      8.25      0.00      0.00      1.25      0.75      0.00      0.00      0.00
11:16:12 PM     all     94.00      0.00      4.00      0.00      0.00      1.50      0.50      0.00      0.00      0.00
11:16:13 PM     all     94.51      0.00      3.24      0.00      0.00      1.50      0.75      0.00      0.00      0.00
11:16:14 PM     all     95.24      0.00      2.76      0.00      0.00      1.25      0.75      0.00      0.00      0.00
11:16:15 PM     all     93.77      0.00      3.99      0.00      0.00      1.50      0.75      0.00      0.00      0.00
11:16:16 PM     all     76.69      0.00      4.76      0.00      0.00      1.25      0.75      0.00      0.00     16.54
11:16:17 PM     all      0.25      0.00      0.00      0.00      0.00      0.00      0.00      0.00      0.00     99.75
11:16:18 PM     all      0.00      0.00      0.25      0.00      0.00      0.25      0.00      0.00      0.00     99.50
11:16:19 PM     all      2.49      0.00      0.75      0.00      0.00      0.25      0.25      0.00      0.00     96.26
11:16:20 PM     all     14.90      0.00      0.76      0.25      0.00      0.76      0.51      0.00      0.00     82.83
11:16:21 PM     all     14.57      0.00      1.26      0.00      0.00      0.75      0.50      0.00      0.00     82.91
11:16:22 PM     all     15.42      0.00      1.49      0.00      0.00      0.75      0.25      0.00      0.00     82.09
11:16:23 PM     all     15.04      0.00      1.50      0.00      0.00      0.50      0.50      0.00      0.00     82.46
11:16:24 PM     all     10.30      0.00      1.01      0.00      0.00      0.75      0.50      0.00      0.00     87.44
11:16:25 PM     all     13.82      0.00      2.01      0.00      0.00      0.75      0.25      0.00      0.00     83.17
11:16:26 PM     all     15.31      0.00      2.22      0.00      0.00      0.74      0.49      0.00      0.00     81.23
11:16:27 PM     all     14.82      0.00      1.26      0.00      0.00      0.75      0.50      0.00      0.00     82.66
11:16:28 PM     all     14.39      0.00      1.01      0.00      0.00      0.76      0.51      0.00      0.00     83.33
11:16:29 PM     all     14.47      0.00      1.27      0.00      0.00      0.51      0.51      0.00      0.00     83.25
11:16:30 PM     all     12.85      0.00      1.51      0.00      0.00      0.76      0.50      0.00      0.00     84.38
11:16:31 PM     all     15.63      0.00      1.74      0.00      0.00      0.74      0.25      0.00      0.00     81.64
11:16:32 PM     all     13.89      0.00      1.77      0.00      0.00      0.76      0.51      0.00      0.00     83.08
11:16:33 PM     all     12.98      0.00      1.27      0.00      0.00      0.76      0.51      0.00      0.00     84.48
11:16:34 PM     all     14.32      0.00      1.76      0.00      0.00      0.75      0.50      0.00      0.00     82.66
11:16:35 PM     all     15.21      0.00      1.50      0.25      0.00      0.75      0.50      0.00      0.00     81.80
11:16:36 PM     all     14.43      0.00      2.74      0.00      0.00      0.75      0.25      0.00      0.00     81.84
11:16:37 PM     all     14.39      0.00      1.26      0.00      0.00      0.76      0.51      0.00      0.00     83.08
11:16:38 PM     all     14.03      0.00      1.02      0.00      0.00      0.51      0.51      0.00      0.00     83.93
11:16:39 PM     all     14.54      0.00      1.50      0.00      0.00      0.75      0.50      0.00      0.00     82.71
11:16:40 PM     all     15.15      0.00      1.01      0.00      0.00      0.76      0.25      0.00      0.00     82.83
11:16:41 PM     all     14.54      0.00      1.50      0.00      0.00      0.75      0.50      0.00      0.00     82.71
11:16:42 PM     all     14.65      0.00      1.01      0.00      0.00      0.76      0.51      0.00      0.00     83.08
11:16:43 PM     all     14.43      0.00      2.24      0.00      0.00      0.75      0.50      0.00      0.00     82.09
11:16:44 PM     all     14.07      0.00      1.26      0.00      0.00      0.75      0.50      0.00      0.00     83.42
11:16:45 PM     all     12.63      0.00      2.02      0.25      0.00      0.76      0.25      0.00      0.00     84.09
11:16:46 PM     all     15.46      0.00      1.25      0.00      0.00      0.75      0.50      0.00      0.00     82.04
11:16:47 PM     all     13.78      0.00      1.53      0.00      0.00      0.77      0.51      0.00      0.00     83.42
11:16:48 PM     all     13.75      0.00      2.00      0.00      0.00      0.75      0.50      0.00      0.00     83.00
11:16:49 PM     all     12.15      0.00      5.82      0.00      0.00      0.51      0.51      0.00      0.00     81.01
11:16:50 PM     all     84.79      0.00     10.72      0.00      0.00      1.50      0.50      0.00      0.00      2.49
11:16:51 PM     all     92.54      0.00      5.47      0.00      0.00      1.24      0.75      0.00      0.00      0.00
11:16:52 PM     all     93.75      0.00      4.25      0.00      0.00      1.50      0.50      0.00      0.00      0.00
11:16:53 PM     all     94.03      0.00      3.73      0.00      0.00      1.49      0.75      0.00      0.00      0.00
11:16:54 PM     all     95.25      0.00      2.75      0.00      0.00      1.25      0.75      0.00      0.00      0.00
11:16:55 PM     all     94.99      0.00      3.01      0.00      0.00      1.50      0.50      0.00      0.00      0.00
11:16:56 PM     all     94.99      0.00      3.01      0.00      0.00      1.25      0.75      0.00      0.00      0.00
11:16:57 PM     all     93.50      0.00      4.25      0.00      0.00      1.50      0.75      0.00      0.00      0.00
11:16:58 PM     all     94.01      0.00      3.74      0.00      0.00      1.50      0.75      0.00      0.00      0.00
11:16:59 PM     all     94.26      0.00      3.49      0.00      0.00      1.50      0.75      0.00      0.00      0.00
11:17:00 PM     all     94.00      0.00      4.00      0.00      0.00      1.25      0.75      0.00      0.00      0.00
11:17:01 PM     all     94.24      0.00      3.51      0.00      0.00      1.50      0.75      0.00      0.00      0.00
11:17:02 PM     all     94.25      0.00      3.75      0.00      0.00      1.25      0.75      0.00      0.00      0.00
11:17:03 PM     all     93.98      0.00      4.01      0.00      0.00      1.50      0.50      0.00      0.00      0.00
11:17:04 PM     all     94.03      0.00      3.73      0.00      0.00      1.49      0.75      0.00      0.00      0.00
11:17:05 PM     all     94.76      0.00      2.99      0.00      0.00      1.50      0.75      0.00      0.00      0.00
11:17:06 PM     all     95.50      0.00      2.50      0.00      0.00      1.25      0.75      0.00      0.00      0.00
11:17:07 PM     all     94.24      0.00      3.51      0.00      0.00      1.50      0.75      0.00      0.00      0.00
11:17:08 PM     all     94.26      0.00      3.74      0.00      0.00      1.50      0.50      0.00      0.00      0.00
11:17:09 PM     all     94.74      0.00      3.26      0.00      0.00      1.25      0.75      0.00      0.00      0.00
11:17:10 PM     all     93.50      0.00      4.25      0.00      0.00      1.50      0.75      0.00      0.00      0.00
11:17:11 PM     all     94.51      0.00      3.24      0.00      0.00      1.50      0.75      0.00      0.00      0.00
11:17:12 PM     all     93.98      0.00      4.01      0.00      0.00      1.25      0.75      0.00      0.00      0.00
11:17:13 PM     all     93.53      0.00      4.48      0.00      0.00      1.49      0.50      0.00      0.00      0.00
11:17:14 PM     all     91.75      0.00      6.25      0.00      0.00      1.25      0.75      0.00      0.00      0.00
11:17:15 PM     all     91.27      0.00      6.73      0.00      0.00      1.50      0.50      0.00      0.00      0.00
11:17:16 PM     all     94.50      0.00      3.50      0.00      0.00      1.25      0.75      0.00      0.00      0.00
11:17:17 PM     all     92.73      0.00      5.01      0.00      0.00      1.50      0.75      0.00      0.00      0.00
11:17:18 PM     all     93.50      0.00      4.50      0.00      0.00      1.25      0.75      0.00      0.00      0.00
11:17:19 PM     all     93.75      0.00      4.00      0.00      0.00      1.50      0.75      0.00      0.00      0.00
11:17:20 PM     all      2.02      0.00      0.76      0.00      0.00      0.25      0.00      0.00      0.00     96.98
11:17:21 PM     all      0.25      0.00      0.25      0.00      0.00      0.00      0.00      0.00      0.00     99.50
11:17:22 PM     all      0.25      0.00      0.25      0.00      0.00      0.25      0.25      0.00      0.00     99.00
11:17:23 PM     all     14.50      0.00      2.50      0.00      0.00      0.75      0.25      0.00      0.00     82.00
11:17:24 PM     all     11.53      0.00      1.75      0.00      0.00      0.50      0.50      0.00      0.00     85.71
11:17:25 PM     all     14.11      0.00      2.02      0.00      0.00      0.76      0.50      0.00      0.00     82.62
11:17:26 PM     all     14.93      0.00      1.74      0.00      0.00      0.75      0.50      0.00      0.00     82.09
11:17:27 PM     all     13.42      0.00      2.03      0.00      0.00      0.76      0.25      0.00      0.00     83.54
11:17:28 PM     all     14.36      0.00      1.01      0.00      0.00      0.76      0.50      0.00      0.00     83.38
11:17:29 PM     all     15.00      0.00      1.75      0.00      0.00      0.75      0.50      0.00      0.00     82.00
11:17:30 PM     all     13.93      0.00      1.99      0.25      0.00      0.75      0.50      0.00      0.00     82.59
11:17:31 PM     all     14.68      0.00      1.01      0.00      0.00      0.76      0.51      0.00      0.00     83.04
Average:        all     50.80      0.00      2.93      0.01      0.00      1.01      0.55      0.00      0.00     44.70
