Linux 4.9.253-tegra (nano-desktop) 	08/16/2023 	_aarch64_	(4 CPU)

11:18:04 PM     CPU      %usr     %nice      %sys   %iowait    %steal      %irq     %soft    %guest    %gnice     %idle
11:18:05 PM     all     10.47      0.00     17.21      0.00      0.00      0.75      0.75      0.00      0.00     70.82
11:18:06 PM     all     14.57      0.00      1.51      0.00      0.00      0.75      0.25      0.00      0.00     82.91
11:18:07 PM     all     13.86      0.00      3.47      0.00      0.00      0.50      0.50      0.00      0.00     81.68
11:18:08 PM     all     13.79      0.00      3.69      0.00      0.00      0.74      0.49      0.00      0.00     81.28
11:18:09 PM     all     14.53      0.00      3.20      0.25      0.00      0.74      0.49      0.00      0.00     80.79
11:18:10 PM     all     13.40      0.00      3.23      0.00      0.00      0.74      0.50      0.00      0.00     82.13
11:18:11 PM     all     14.46      0.00      3.43      0.00      0.00      0.74      0.49      0.00      0.00     80.88
11:18:12 PM     all     15.05      0.00      3.88      0.00      0.00      0.73      0.49      0.00      0.00     79.85
11:18:13 PM     all     13.90      0.00      3.23      0.00      0.00      0.74      0.50      0.00      0.00     81.64
11:18:14 PM     all     14.25      0.00      3.69      0.00      0.00      0.74      0.49      0.00      0.00     80.84
11:18:15 PM     all     14.11      0.00      3.22      0.00      0.00      0.74      0.50      0.00      0.00     81.44
11:18:16 PM     all     11.91      0.00      3.23      0.00      0.00      0.74      0.25      0.00      0.00     83.87
11:18:17 PM     all     13.93      0.00      3.23      0.00      0.00      0.75      0.50      0.00      0.00     81.59
11:18:18 PM     all     13.09      0.00      3.21      0.00      0.00      0.74      0.49      0.00      0.00     82.47
11:18:19 PM     all     14.14      0.00      2.73      0.00      0.00      0.74      0.50      0.00      0.00     81.89
11:18:20 PM     all     13.60      0.00      2.52      0.00      0.00      0.76      0.50      0.00      0.00     82.62
11:18:21 PM     all     14.29      0.00      2.01      0.00      0.00      0.75      0.25      0.00      0.00     82.71
11:18:22 PM     all     14.64      0.00      2.48      0.00      0.00      0.74      0.50      0.00      0.00     81.64
11:18:23 PM     all     14.89      0.00      2.23      0.00      0.00      0.50      0.50      0.00      0.00     81.89
11:18:24 PM     all     11.55      0.00      2.95      0.00      0.00      0.74      0.49      0.00      0.00     84.28
11:18:25 PM     all     13.86      0.00      2.48      0.00      0.00      0.74      0.25      0.00      0.00     82.67
11:18:26 PM     all     15.63      0.00      1.74      0.00      0.00      0.74      0.50      0.00      0.00     81.39
11:18:27 PM     all     14.43      0.00      2.24      0.00      0.00      0.75      0.50      0.00      0.00     82.09
11:18:28 PM     all     14.32      0.00      2.96      0.00      0.00      0.74      0.49      0.00      0.00     81.48
11:18:29 PM     all     13.93      0.00      2.74      0.25      0.00      0.75      0.50      0.00      0.00     81.84
11:18:30 PM     all     14.07      0.00      2.96      0.00      0.00      0.74      0.49      0.00      0.00     81.73
11:18:31 PM     all     13.28      0.00      2.26      0.00      0.00      0.50      0.25      0.00      0.00     83.71
11:18:32 PM     all     14.43      0.00      2.49      0.00      0.00      1.00      0.50      0.00      0.00     81.59
11:18:33 PM     all     13.78      0.00      1.50      0.00      0.00      0.50      0.50      0.00      0.00     83.71
11:18:34 PM     all     64.50      0.00      7.75      0.00      0.00      1.00      0.25      0.00      0.00     26.50
11:18:35 PM     all     87.25      0.00     11.00      0.00      0.00      1.25      0.50      0.00      0.00      0.00
11:18:36 PM     all     85.54      0.00     12.47      0.00      0.00      1.25      0.75      0.00      0.00      0.00
11:18:37 PM     all     81.75      0.00     16.50      0.00      0.00      1.25      0.50      0.00      0.00      0.00
11:18:38 PM     all     92.77      0.00      4.99      0.00      0.00      1.50      0.75      0.00      0.00      0.00
11:18:39 PM     all     95.00      0.00      3.25      0.00      0.00      1.25      0.50      0.00      0.00      0.00
11:18:40 PM     all     94.75      0.00      3.25      0.00      0.00      1.25      0.75      0.00      0.00      0.00
11:18:41 PM     all     94.01      0.00      3.74      0.00      0.00      1.50      0.75      0.00      0.00      0.00
11:18:42 PM     all     93.23      0.00      4.51      0.00      0.00      1.50      0.75      0.00      0.00      0.00
11:18:43 PM     all     93.73      0.00      4.26      0.00      0.00      1.25      0.75      0.00      0.00      0.00
11:18:44 PM     all     93.77      0.00      3.99      0.00      0.00      1.50      0.75      0.00      0.00      0.00
11:18:45 PM     all     94.75      0.00      3.00      0.00      0.00      1.50      0.75      0.00      0.00      0.00
11:18:46 PM     all     94.00      0.00      3.75      0.00      0.00      1.50      0.75      0.00      0.00      0.00
11:18:47 PM     all     93.75      0.00      4.25      0.00      0.00      1.25      0.75      0.00      0.00      0.00
11:18:48 PM     all     94.00      0.00      3.75      0.00      0.00      1.50      0.75      0.00      0.00      0.00
11:18:49 PM     all     94.50      0.00      3.25      0.00      0.00      1.50      0.75      0.00      0.00      0.00
11:18:50 PM     all     94.26      0.00      3.49      0.00      0.00      1.50      0.75      0.00      0.00      0.00
11:18:51 PM     all     94.74      0.00      3.26      0.00      0.00      1.25      0.75      0.00      0.00      0.00
11:18:52 PM     all     94.74      0.00      3.01      0.00      0.00      1.50      0.75      0.00      0.00      0.00
11:18:53 PM     all     94.01      0.00      3.74      0.00      0.00      1.50      0.75      0.00      0.00      0.00
11:18:54 PM     all     95.74      0.00      2.51      0.00      0.00      1.25      0.50      0.00      0.00      0.00
11:18:55 PM     all     95.00      0.00      3.00      0.00      0.00      1.25      0.75      0.00      0.00      0.00
11:18:56 PM     all     94.51      0.00      2.99      0.00      0.00      1.50      1.00      0.00      0.00      0.00
11:18:57 PM     all     94.47      0.00      3.77      0.00      0.00      1.26      0.50      0.00      0.00      0.00
11:18:58 PM     all     94.03      0.00      3.73      0.00      0.00      1.49      0.75      0.00      0.00      0.00
11:18:59 PM     all     95.25      0.00      2.50      0.00      0.00      1.50      0.75      0.00      0.00      0.00
11:19:00 PM     all     94.49      0.00      3.51      0.00      0.00      1.25      0.75      0.00      0.00      0.00
11:19:01 PM     all     93.52      0.00      4.49      0.00      0.00      1.50      0.50      0.00      0.00      0.00
11:19:02 PM     all     94.24      0.00      3.76      0.00      0.00      1.25      0.75      0.00      0.00      0.00
11:19:03 PM     all     94.01      0.00      3.74      0.00      0.00      1.50      0.75      0.00      0.00      0.00
11:19:04 PM     all     41.50      0.00      3.25      0.00      0.00      1.00      0.50      0.00      0.00     53.75
11:19:05 PM     all     15.17      0.00      1.99      0.00      0.00      0.75      0.50      0.00      0.00     81.59
11:19:06 PM     all     14.68      0.00      1.01      0.00      0.00      0.76      0.25      0.00      0.00     83.29
11:19:07 PM     all     14.86      0.00      1.26      0.00      0.00      0.76      0.50      0.00      0.00     82.62
11:19:08 PM     all     14.82      0.00      1.01      0.00      0.00      0.75      0.50      0.00      0.00     82.91
11:19:09 PM     all     14.07      0.00      1.02      0.00      0.00      0.77      0.51      0.00      0.00     83.63
11:19:10 PM     all     14.50      0.00      2.00      0.00      0.00      0.75      0.50      0.00      0.00     82.25
11:19:11 PM     all     14.71      0.00      2.00      0.00      0.00      0.75      0.50      0.00      0.00     82.04
11:19:12 PM     all     14.18      0.00      1.52      0.00      0.00      0.76      0.51      0.00      0.00     83.04
11:19:13 PM     all     14.43      0.00      1.01      0.00      0.00      0.76      0.25      0.00      0.00     83.54
11:19:14 PM     all     14.50      0.00      2.00      0.25      0.00      0.75      0.50      0.00      0.00     82.00
11:19:15 PM     all     14.39      0.00      1.26      0.00      0.00      0.51      0.51      0.00      0.00     83.33
11:19:16 PM     all     13.38      0.00      1.52      0.00      0.00      0.76      0.51      0.00      0.00     83.84
11:19:17 PM     all     14.79      0.00      1.75      0.00      0.00      0.75      0.25      0.00      0.00     82.46
11:19:18 PM     all     13.75      0.00      1.50      0.00      0.00      0.75      0.50      0.00      0.00     83.50
11:19:19 PM     all     15.04      0.00      1.00      0.00      0.00      0.75      0.50      0.00      0.00     82.71
11:19:20 PM     all     14.50      0.00      1.02      0.00      0.00      0.76      0.25      0.00      0.00     83.46
11:19:21 PM     all     15.00      0.00      1.00      0.00      0.00      0.75      0.50      0.00      0.00     82.75
11:19:22 PM     all     14.86      0.00      1.01      0.00      0.00      0.76      0.50      0.00      0.00     82.87
11:19:23 PM     all     14.18      0.00      1.27      0.00      0.00      0.76      0.51      0.00      0.00     83.29
11:19:24 PM     all     10.46      0.00      1.28      0.00      0.00      0.51      0.26      0.00      0.00     87.50
11:19:25 PM     all     14.79      0.00      1.50      0.00      0.00      0.75      0.50      0.00      0.00     82.46
11:19:26 PM     all     13.82      0.00      2.01      0.00      0.00      0.75      0.50      0.00      0.00     82.91
11:19:27 PM     all     14.03      0.00      0.77      0.00      0.00      0.77      0.51      0.00      0.00     83.93
11:19:28 PM     all     14.93      0.00      1.99      0.00      0.00      0.75      0.50      0.00      0.00     81.84
11:19:29 PM     all     14.07      0.00      1.51      0.25      0.00      0.75      0.50      0.00      0.00     82.91
11:19:30 PM     all     14.72      0.00      1.02      0.00      0.00      0.76      0.25      0.00      0.00     83.25
11:19:31 PM     all     14.18      0.00      1.74      0.00      0.00      0.50      0.75      0.00      0.00     82.84
11:19:32 PM     all     14.00      0.00      1.75      0.00      0.00      0.75      0.50      0.00      0.00     83.00
11:19:33 PM     all     13.90      0.00      1.99      0.00      0.00      0.74      0.25      0.00      0.00     83.13
11:19:34 PM     all     43.47      0.00      8.29      0.00      0.00      1.01      0.50      0.00      0.00     46.73
11:19:35 PM     all     89.00      0.00      9.00      0.00      0.00      1.25      0.75      0.00      0.00      0.00
11:19:36 PM     all     88.00      0.00     10.00      0.00      0.00      1.50      0.50      0.00      0.00      0.00
11:19:37 PM     all     90.50      0.00      7.75      0.00      0.00      1.25      0.50      0.00      0.00      0.00
11:19:38 PM     all     90.77      0.00      6.73      0.00      0.00      1.50      0.75      0.00      0.00      0.25
11:19:39 PM     all     94.50      0.00      3.50      0.00      0.00      1.25      0.75      0.00      0.00      0.00
11:19:40 PM     all     95.00      0.00      3.25      0.00      0.00      1.25      0.50      0.00      0.00      0.00
11:19:41 PM     all     93.02      0.00      4.74      0.00      0.00      1.50      0.75      0.00      0.00      0.00
11:19:42 PM     all     93.98      0.00      4.26      0.00      0.00      1.25      0.50      0.00      0.00      0.00
11:19:43 PM     all     93.25      0.00      4.50      0.00      0.00      1.50      0.75      0.00      0.00      0.00
11:19:44 PM     all     94.00      0.00      3.75      0.00      0.00      1.50      0.75      0.00      0.00      0.00
11:19:45 PM     all     93.75      0.00      4.25      0.00      0.00      1.25      0.75      0.00      0.00      0.00
11:19:46 PM     all     94.51      0.00      3.24      0.00      0.00      1.50      0.75      0.00      0.00      0.00
11:19:47 PM     all     95.01      0.00      3.24      0.00      0.00      1.25      0.50      0.00      0.00      0.00
11:19:48 PM     all     95.01      0.00      2.74      0.00      0.00      1.50      0.75      0.00      0.00      0.00
11:19:49 PM     all     94.51      0.00      3.49      0.00      0.00      1.25      0.75      0.00      0.00      0.00
11:19:50 PM     all     95.02      0.00      2.74      0.00      0.00      1.49      0.75      0.00      0.00      0.00
11:19:51 PM     all     95.48      0.00      2.76      0.00      0.00      1.26      0.50      0.00      0.00      0.00
11:19:52 PM     all     94.75      0.00      3.00      0.00      0.00      1.50      0.75      0.00      0.00      0.00
11:19:53 PM     all     93.75      0.00      4.00      0.00      0.00      1.50      0.75      0.00      0.00      0.00
11:19:54 PM     all     95.00      0.00      3.00      0.00      0.00      1.25      0.75      0.00      0.00      0.00
11:19:55 PM     all     95.00      0.00      3.00      0.00      0.00      1.50      0.50      0.00      0.00      0.00
11:19:56 PM     all     93.52      0.00      4.49      0.00      0.00      1.25      0.75      0.00      0.00      0.00
11:19:57 PM     all     94.74      0.00      3.01      0.00      0.00      1.50      0.75      0.00      0.00      0.00
11:19:58 PM     all     93.78      0.00      3.98      0.00      0.00      1.49      0.75      0.00      0.00      0.00
11:19:59 PM     all     94.97      0.00      3.27      0.00      0.00      1.26      0.50      0.00      0.00      0.00
11:20:00 PM     all     94.76      0.00      2.99      0.00      0.00      1.50      0.75      0.00      0.00      0.00
11:20:01 PM     all     94.01      0.00      3.74      0.00      0.00      1.50      0.75      0.00      0.00      0.00
11:20:02 PM     all     94.50      0.00      3.50      0.00      0.00      1.25      0.75      0.00      0.00      0.00
11:20:03 PM     all     95.49      0.00      2.51      0.00      0.00      1.50      0.50      0.00      0.00      0.00
11:20:04 PM     all     55.53      0.00      3.02      0.00      0.00      0.75      0.50      0.00      0.00     40.20
11:20:05 PM     all      0.00      0.00      0.25      0.00      0.00      0.25      0.00      0.00      0.00     99.50
11:20:06 PM     all      0.25      0.00      0.00      0.00      0.00      0.00      0.25      0.00      0.00     99.50
11:20:07 PM     all      5.32      0.00      0.51      0.00      0.00      0.51      0.00      0.00      0.00     93.67
11:20:08 PM     all     14.54      0.00      2.01      0.00      0.00      0.50      0.50      0.00      0.00     82.46
11:20:09 PM     all     15.00      0.00      1.50      0.00      0.00      1.00      0.50      0.00      0.00     82.00
11:20:10 PM     all     14.32      0.00      2.01      0.00      0.00      0.50      0.50      0.00      0.00     82.66
11:20:11 PM     all     13.92      0.00      1.77      0.00      0.00      0.76      0.51      0.00      0.00     83.04
11:20:12 PM     all     14.21      0.00      1.27      0.00      0.00      0.76      0.51      0.00      0.00     83.25
11:20:13 PM     all     15.42      0.00      1.24      0.00      0.00      0.75      0.50      0.00      0.00     82.09
11:20:14 PM     all     15.42      0.00      1.74      0.25      0.00      0.75      0.25      0.00      0.00     81.59
11:20:15 PM     all     15.00      0.00      1.75      0.00      0.00      0.75      0.50      0.00      0.00     82.00
11:20:16 PM     all     13.00      0.00      1.75      0.00      0.00      0.75      0.50      0.00      0.00     84.00
11:20:17 PM     all     11.53      0.00      1.00      0.00      0.00      0.50      0.25      0.00      0.00     86.72
11:20:18 PM     all     14.93      0.00      2.49      0.00      0.00      0.75      0.50      0.00      0.00     81.34
11:20:19 PM     all     15.08      0.00      1.26      0.00      0.00      0.75      0.50      0.00      0.00     82.41
11:20:20 PM     all     14.79      0.00      2.01      0.00      0.00      0.75      0.50      0.00      0.00     81.95
11:20:21 PM     all     14.65      0.00      1.52      0.00      0.00      0.76      0.51      0.00      0.00     82.58
11:20:22 PM     all     15.40      0.00      1.01      0.00      0.00      0.76      0.25      0.00      0.00     82.58
11:20:23 PM     all     14.90      0.00      1.26      0.00      0.00      0.76      0.51      0.00      0.00     82.58
11:20:24 PM     all     12.81      0.00      1.01      0.00      0.00      0.75      0.50      0.00      0.00     84.92
11:20:25 PM     all     15.70      0.00      0.51      0.00      0.00      0.76      0.51      0.00      0.00     82.53
11:20:26 PM     all     14.57      0.00      2.01      0.00      0.00      0.75      0.50      0.00      0.00     82.16
11:20:27 PM     all     14.82      0.00      1.76      0.00      0.00      0.75      0.50      0.00      0.00     82.16
11:20:28 PM     all     14.43      0.00      1.52      0.00      0.00      0.76      0.25      0.00      0.00     83.04
11:20:29 PM     all     14.90      0.00      1.52      0.25      0.00      0.76      0.51      0.00      0.00     82.07
11:20:30 PM     all     14.86      0.00      1.51      0.00      0.00      0.76      0.50      0.00      0.00     82.37
11:20:31 PM     all     13.10      0.00      1.51      0.00      0.00      0.76      0.50      0.00      0.00     84.13
11:20:32 PM     all     14.79      0.00      1.75      0.00      0.00      0.75      0.50      0.00      0.00     82.21
11:20:33 PM     all     14.36      0.00      1.26      0.00      0.00      0.76      0.25      0.00      0.00     83.38
11:20:34 PM     all     14.47      0.00      1.52      0.00      0.00      0.76      0.51      0.00      0.00     82.74
11:20:35 PM     all     15.79      0.00      1.25      0.00      0.00      0.75      0.50      0.00      0.00     81.70
11:20:36 PM     all     14.14      0.00      1.77      0.00      0.00      0.76      0.51      0.00      0.00     82.83
11:20:37 PM     all     27.78      0.00      7.83      0.00      0.00      0.76      0.51      0.00      0.00     63.13
11:20:38 PM     all     92.52      0.00      5.49      0.00      0.00      1.50      0.50      0.00      0.00      0.00
11:20:39 PM     all     86.75      0.00     11.25      0.00      0.00      1.25      0.75      0.00      0.00      0.00
11:20:40 PM     all     91.54      0.00      6.47      0.00      0.00      1.49      0.50      0.00      0.00      0.00
11:20:41 PM     all     92.48      0.00      5.51      0.00      0.00      1.25      0.75      0.00      0.00      0.00
11:20:42 PM     all     94.24      0.00      4.01      0.00      0.00      1.25      0.50      0.00      0.00      0.00
11:20:43 PM     all     94.53      0.00      3.23      0.00      0.00      1.49      0.75      0.00      0.00      0.00
11:20:44 PM     all     94.24      0.00      4.01      0.00      0.00      1.25      0.50      0.00      0.00      0.00
11:20:45 PM     all     93.50      0.00      4.25      0.00      0.00      1.50      0.75      0.00      0.00      0.00
11:20:46 PM     all     93.27      0.00      4.49      0.00      0.00      1.50      0.75      0.00      0.00      0.00
11:20:47 PM     all     95.49      0.00      2.51      0.00      0.00      1.25      0.75      0.00      0.00      0.00
11:20:48 PM     all     94.00      0.00      4.00      0.00      0.00      1.50      0.50      0.00      0.00      0.00
11:20:49 PM     all     93.25      0.00      4.50      0.00      0.00      1.50      0.75      0.00      0.00      0.00
11:20:50 PM     all     95.00      0.00      3.00      0.00      0.00      1.25      0.75      0.00      0.00      0.00
11:20:51 PM     all     94.00      0.00      3.75      0.00      0.00      1.50      0.75      0.00      0.00      0.00
11:20:52 PM     all     94.25      0.00      3.75      0.00      0.00      1.25      0.75      0.00      0.00      0.00
11:20:53 PM     all     94.75      0.00      3.25      0.00      0.00      1.50      0.50      0.00      0.00      0.00
11:20:54 PM     all     95.76      0.00      2.24      0.00      0.00      1.25      0.75      0.00      0.00      0.00
11:20:55 PM     all     94.50      0.00      3.25      0.00      0.00      1.50      0.75      0.00      0.00      0.00
11:20:56 PM     all     94.49      0.00      3.76      0.00      0.00      1.25      0.50      0.00      0.00      0.00
11:20:57 PM     all     94.25      0.00      3.50      0.00      0.00      1.50      0.75      0.00      0.00      0.00
11:20:58 PM     all     95.26      0.00      2.49      0.00      0.00      1.50      0.75      0.00      0.00      0.00
11:20:59 PM     all     94.50      0.00      3.50      0.00      0.00      1.25      0.75      0.00      0.00      0.00
11:21:00 PM     all     93.05      0.00      4.71      0.00      0.00      1.49      0.74      0.00      0.00      0.00
11:21:01 PM     all     95.49      0.00      2.76      0.00      0.00      1.25      0.50      0.00      0.00      0.00
11:21:02 PM     all     94.51      0.00      3.24      0.00      0.00      1.50      0.75      0.00      0.00      0.00
11:21:03 PM     all     94.25      0.00      3.50      0.00      0.00      1.50      0.75      0.00      0.00      0.00
11:21:04 PM     all     94.74      0.00      3.26      0.00      0.00      1.25      0.75      0.00      0.00      0.00
11:21:05 PM     all     93.80      0.00      3.97      0.00      0.00      1.49      0.74      0.00      0.00      0.00
11:21:06 PM     all     94.74      0.00      3.26      0.00      0.00      1.25      0.75      0.00      0.00      0.00
11:21:07 PM     all     74.62      0.00      2.76      0.00      0.00      1.26      0.50      0.00      0.00     20.85
11:21:08 PM     all      0.25      0.00      0.25      0.00      0.00      0.00      0.00      0.00      0.00     99.50
11:21:09 PM     all      0.25      0.00      0.25      0.00      0.00      0.25      0.00      0.00      0.00     99.25
11:21:10 PM     all      3.02      0.00      0.00      0.00      0.00      0.25      0.25      0.00      0.00     96.47
11:21:11 PM     all     14.43      0.00      1.01      0.00      0.00      0.76      0.51      0.00      0.00     83.29
11:21:12 PM     all     15.04      0.00      1.50      0.00      0.00      0.50      0.50      0.00      0.00     82.46
11:21:13 PM     all     14.96      0.00      1.75      0.00      0.00      0.75      0.25      0.00      0.00     82.29
11:21:14 PM     all     15.11      0.00      1.51      0.00      0.00      0.76      0.50      0.00      0.00     82.12
11:21:15 PM     all     14.57      0.00      1.51      0.25      0.00      0.75      0.50      0.00      0.00     82.41
11:21:16 PM     all     14.11      0.00      1.26      0.00      0.00      0.76      0.50      0.00      0.00     83.38
11:21:17 PM     all     13.92      0.00      1.52      0.00      0.00      0.76      0.25      0.00      0.00     83.54
11:21:18 PM     all     14.11      0.00      1.01      0.00      0.00      0.76      0.50      0.00      0.00     83.63
11:21:19 PM     all     14.29      0.00      1.50      0.00      0.00      0.75      0.50      0.00      0.00     82.96
11:21:20 PM     all     13.75      0.00      2.00      1.00      0.00      0.50      0.50      0.00      0.00     82.25
11:21:21 PM     all     13.96      0.00      1.27      0.00      0.00      0.76      0.25      0.00      0.00     83.76
11:21:22 PM     all     14.50      0.00      1.75      0.00      0.00      0.75      0.50      0.00      0.00     82.50
11:21:23 PM     all     14.86      0.00      1.26      0.00      0.00      0.76      0.50      0.00      0.00     82.62
11:21:24 PM     all     10.72      0.00      1.25      0.00      0.00      0.75      0.50      0.00      0.00     86.78
11:21:25 PM     all     13.85      0.00      1.51      0.25      0.00      0.76      0.50      0.00      0.00     83.12
11:21:26 PM     all     15.87      0.00      1.01      0.00      0.00      0.76      0.50      0.00      0.00     81.86
11:21:27 PM     all     14.86      0.00      1.51      0.00      0.00      0.76      0.25      0.00      0.00     82.62
11:21:28 PM     all     14.25      0.00      1.02      0.00      0.00      0.76      0.51      0.00      0.00     83.46
11:21:29 PM     all     13.28      0.00      1.75      0.00      0.00      0.50      0.50      0.00      0.00     83.96
11:21:30 PM     all     12.66      0.00      1.01      0.00      0.00      0.76      0.51      0.00      0.00     85.06
11:21:31 PM     all     12.56      0.00      1.76      0.00      0.00      0.75      0.25      0.00      0.00     84.67
11:21:32 PM     all     16.29      0.00      1.25      0.00      0.00      0.75      0.50      0.00      0.00     81.20
11:21:33 PM     all     14.36      0.00      1.76      0.00      0.00      0.76      0.50      0.00      0.00     82.62
11:21:34 PM     all     15.50      0.00      2.00      0.00      0.00      0.75      0.50      0.00      0.00     81.25
11:21:35 PM     all     14.50      0.00      2.00      0.00      0.00      0.75      0.50      0.00      0.00     82.25
11:21:36 PM     all     14.50      0.00      2.00      0.00      0.00      0.75      0.50      0.00      0.00     82.25
11:21:37 PM     all     13.96      0.00      1.52      0.00      0.00      0.76      0.25      0.00      0.00     83.50
11:21:38 PM     all     14.54      0.00      1.75      0.00      0.00      0.75      0.75      0.00      0.00     82.21
11:21:39 PM     all     13.92      0.00      1.77      0.00      0.00      0.76      0.25      0.00      0.00     83.29
11:21:40 PM     all     11.11      0.00      5.81      0.00      0.00      0.51      0.51      0.00      0.00     82.07
11:21:41 PM     all     91.75      0.00      6.25      0.00      0.00      1.50      0.50      0.00      0.00      0.00
11:21:42 PM     all     88.25      0.00      9.75      0.00      0.00      1.25      0.50      0.00      0.00      0.25
11:21:43 PM     all     87.47      0.00     10.78      0.00      0.00      1.25      0.50      0.00      0.00      0.00
11:21:44 PM     all     92.52      0.00      5.49      0.00      0.00      1.25      0.75      0.00      0.00      0.00
11:21:45 PM     all     92.52      0.00      5.49      0.00      0.00      1.50      0.50      0.00      0.00      0.00
11:21:46 PM     all     93.75      0.00      4.25      0.00      0.00      1.25      0.75      0.00      0.00      0.00
11:21:47 PM     all     93.02      0.00      4.99      0.00      0.00      1.50      0.50      0.00      0.00      0.00
11:21:48 PM     all     92.25      0.00      5.75      0.00      0.00      1.25      0.75      0.00      0.00      0.00
11:21:49 PM     all     93.00      0.00      5.00      0.00      0.00      1.50      0.50      0.00      0.00      0.00
11:21:50 PM     all     94.00      0.00      4.00      0.00      0.00      1.25      0.75      0.00      0.00      0.00
11:21:51 PM     all     94.25      0.00      3.75      0.00      0.00      1.50      0.50      0.00      0.00      0.00
11:21:52 PM     all     93.75      0.00      4.25      0.00      0.00      1.25      0.75      0.00      0.00      0.00
11:21:53 PM     all     93.03      0.00      4.73      0.00      0.00      1.49      0.75      0.00      0.00      0.00
11:21:54 PM     all     94.47      0.00      3.77      0.00      0.00      1.26      0.50      0.00      0.00      0.00
11:21:55 PM     all     93.50      0.00      4.75      0.00      0.00      1.25      0.50      0.00      0.00      0.00
11:21:56 PM     all     93.78      0.00      3.98      0.00      0.00      1.49      0.75      0.00      0.00      0.00
11:21:57 PM     all     94.74      0.00      3.51      0.00      0.00      1.25      0.50      0.00      0.00      0.00
11:21:58 PM     all     93.25      0.00      4.75      0.00      0.00      1.25      0.75      0.00      0.00      0.00
11:21:59 PM     all     92.50      0.00      5.25      0.00      0.00      1.50      0.75      0.00      0.00      0.00
11:22:00 PM     all     93.25      0.00      5.00      0.00      0.00      1.25      0.50      0.00      0.00      0.00
11:22:01 PM     all     91.52      0.00      6.23      0.00      0.00      1.50      0.75      0.00      0.00      0.00
11:22:02 PM     all     93.50      0.00      4.75      0.00      0.00      1.25      0.50      0.00      0.00      0.00
11:22:03 PM     all     93.55      0.00      4.22      0.00      0.00      1.49      0.74      0.00      0.00      0.00
11:22:04 PM     all     93.23      0.00      5.01      0.00      0.00      1.25      0.50      0.00      0.00      0.00
11:22:05 PM     all     92.77      0.00      4.99      0.00      0.00      1.50      0.75      0.00      0.00      0.00
11:22:06 PM     all     92.75      0.00      5.50      0.00      0.00      1.25      0.50      0.00      0.00      0.00
11:22:07 PM     all     92.75      0.00      5.25      0.00      0.00      1.25      0.75      0.00      0.00      0.00
11:22:08 PM     all     92.98      0.00      5.01      0.00      0.00      1.50      0.50      0.00      0.00      0.00
11:22:09 PM     all     93.52      0.00      4.49      0.00      0.00      1.25      0.75      0.00      0.00      0.00
11:22:10 PM     all     90.45      0.00      6.03      0.00      0.00      1.51      0.75      0.00      0.00      1.26
11:22:11 PM     all      0.25      0.00      0.25      0.00      0.00      0.00      0.00      0.00      0.00     99.50
11:22:12 PM     all      0.25      0.00      0.25      0.00      0.00      0.25      0.00      0.00      0.00     99.25
11:22:13 PM     all      0.50      0.00      0.50      0.00      0.00      0.00      0.00      0.00      0.00     99.00
11:22:14 PM     all     14.68      0.00      2.49      0.25      0.00      0.75      0.50      0.00      0.00     81.34
11:22:15 PM     all     14.68      0.00      2.24      0.25      0.00      0.75      0.50      0.00      0.00     81.59
11:22:16 PM     all     13.07      0.00      2.26      0.00      0.00      0.75      0.50      0.00      0.00     83.42
11:22:17 PM     all     13.43      0.00      3.23      0.00      0.00      0.75      0.50      0.00      0.00     82.09
11:22:18 PM     all     14.18      0.00      2.49      0.00      0.00      0.75      0.25      0.00      0.00     82.34
11:22:19 PM     all     14.43      0.00      2.49      0.00      0.00      0.75      0.50      0.00      0.00     81.84
11:22:20 PM     all     14.93      0.00      2.49      0.00      0.00      0.75      0.50      0.00      0.00     81.34
11:22:21 PM     all     14.85      0.00      2.48      0.00      0.00      0.74      0.50      0.00      0.00     81.44
11:22:22 PM     all     14.57      0.00      2.72      0.00      0.00      0.74      0.49      0.00      0.00     81.48
11:22:23 PM     all     14.00      0.00      2.50      0.00      0.00      0.75      0.50      0.00      0.00     82.25
11:22:24 PM     all     11.69      0.00      2.74      0.00      0.00      0.50      0.25      0.00      0.00     84.83
11:22:25 PM     all     13.05      0.00      3.45      0.00      0.00      0.74      0.49      0.00      0.00     82.27
11:22:26 PM     all     14.64      0.00      2.98      0.00      0.00      0.74      0.50      0.00      0.00     81.14
11:22:27 PM     all     14.57      0.00      2.96      0.00      0.00      0.74      0.49      0.00      0.00     81.23
11:22:28 PM     all     15.09      0.00      3.89      0.00      0.00      0.73      0.49      0.00      0.00     79.81
11:22:29 PM     all     14.36      0.00      3.47      0.00      0.00      0.74      0.25      0.00      0.00     81.19
11:22:30 PM     all     14.00      0.00      2.25      0.25      0.00      0.75      0.50      0.00      0.00     82.25
11:22:31 PM     all     13.73      0.00      2.94      0.00      0.00      0.74      0.49      0.00      0.00     82.11
11:22:32 PM     all     14.04      0.00      3.69      0.00      0.00      0.74      0.49      0.00      0.00     81.03
11:22:33 PM     all     13.79      0.00      2.96      0.00      0.00      0.74      0.49      0.00      0.00     82.02
11:22:34 PM     all     13.78      0.00      2.76      0.00      0.00      0.75      0.25      0.00      0.00     82.46
11:22:35 PM     all     14.00      0.00      2.50      0.00      0.00      0.75      0.50      0.00      0.00     82.25
11:22:36 PM     all     15.44      0.00      2.70      0.00      0.00      0.74      0.49      0.00      0.00     80.64
11:22:37 PM     all     15.37      0.00      3.17      0.00      0.00      0.73      0.49      0.00      0.00     80.24
11:22:38 PM     all     14.11      0.00      2.97      0.00      0.00      0.74      0.50      0.00      0.00     81.68
11:22:39 PM     all     15.20      0.00      3.43      0.00      0.00      0.74      0.49      0.00      0.00     80.15
11:22:40 PM     all     15.04      0.00      2.26      0.00      0.00      0.75      0.25      0.00      0.00     81.70
11:22:41 PM     all     14.32      0.00      1.76      0.00      0.00      0.50      0.50      0.00      0.00     82.91
11:22:42 PM     all     14.93      0.00      2.24      0.00      0.00      1.00      0.50      0.00      0.00     81.34
11:22:43 PM     all     13.60      0.00      2.52      0.00      0.00      0.50      0.50      0.00      0.00     82.87
11:22:44 PM     all     75.94      0.00      9.77      0.00      0.00      1.50      0.50      0.00      0.00     12.28
11:22:45 PM     all     87.25      0.00     10.75      0.00      0.00      1.25      0.75      0.00      0.00      0.00
11:22:46 PM     all     87.50      0.00     10.50      0.00      0.00      1.50      0.50      0.00      0.00      0.00
11:22:47 PM     all     92.25      0.00      6.00      0.00      0.00      1.25      0.50      0.00      0.00      0.00
11:22:48 PM     all     92.79      0.00      5.22      0.00      0.00      1.24      0.75      0.00      0.00      0.00
11:22:49 PM     all     95.26      0.00      2.74      0.00      0.00      1.50      0.50      0.00      0.00      0.00
11:22:50 PM     all     94.01      0.00      3.74      0.00      0.00      1.50      0.75      0.00      0.00      0.00
11:22:51 PM     all     93.73      0.00      4.51      0.00      0.00      1.25      0.50      0.00      0.00      0.00
11:22:52 PM     all     93.27      0.00      4.49      0.00      0.00      1.50      0.75      0.00      0.00      0.00
11:22:53 PM     all     95.50      0.00      2.50      0.00      0.00      1.25      0.75      0.00      0.00      0.00
11:22:54 PM     all     95.99      0.00      2.51      0.00      0.00      1.25      0.25      0.00      0.00      0.00
11:22:55 PM     all     94.51      0.00      3.49      0.00      0.00      1.25      0.75      0.00      0.00      0.00
11:22:56 PM     all     93.75      0.00      4.00      0.00      0.00      1.50      0.75      0.00      0.00      0.00
11:22:57 PM     all     93.98      0.00      4.01      0.00      0.00      1.25      0.75      0.00      0.00      0.00
11:22:58 PM     all     93.00      0.00      5.00      0.00      0.00      1.50      0.50      0.00      0.00      0.00
11:22:59 PM     all     94.26      0.00      3.49      0.00      0.00      1.50      0.75      0.00      0.00      0.00
11:23:00 PM     all     92.31      0.00      5.71      0.00      0.00      1.24      0.74      0.00      0.00      0.00
11:23:01 PM     all     94.00      0.00      3.75      0.00      0.00      1.50      0.75      0.00      0.00      0.00
11:23:02 PM     all     94.50      0.00      3.25      0.00      0.00      1.50      0.75      0.00      0.00      0.00
11:23:03 PM     all     94.50      0.00      3.50      0.00      0.00      1.25      0.75      0.00      0.00      0.00
11:23:04 PM     all     94.75      0.00      3.25      0.00      0.00      1.50      0.50      0.00      0.00      0.00
11:23:05 PM     all     94.24      0.00      3.76      0.00      0.00      1.25      0.75      0.00      0.00      0.00
11:23:06 PM     all     94.26      0.00      3.49      0.00      0.00      1.50      0.75      0.00      0.00      0.00
11:23:07 PM     all     93.75      0.00      4.00      0.00      0.00      1.50      0.75      0.00      0.00      0.00
11:23:08 PM     all     94.24      0.00      4.01      0.00      0.00      1.25      0.50      0.00      0.00      0.00
11:23:09 PM     all     94.26      0.00      3.49      0.00      0.00      1.50      0.75      0.00      0.00      0.00
11:23:10 PM     all     94.00      0.00      4.00      0.00      0.00      1.25      0.75      0.00      0.00      0.00
11:23:11 PM     all     95.00      0.00      3.00      0.00      0.00      1.50      0.50      0.00      0.00      0.00
11:23:12 PM     all     94.99      0.00      3.01      0.00      0.00      1.25      0.75      0.00      0.00      0.00
11:23:13 PM     all     94.28      0.00      3.73      0.00      0.00      1.49      0.50      0.00      0.00      0.00
11:23:14 PM     all     15.11      0.00      1.76      0.00      0.00      0.25      0.25      0.00      0.00     82.62
11:23:15 PM     all      0.00      0.00      0.25      0.25      0.00      0.00      0.00      0.00      0.00     99.50
11:23:16 PM     all      0.25      0.00      0.25      0.00      0.00      0.25      0.25      0.00      0.00     99.00
11:23:17 PM     all     12.06      0.00      1.51      0.00      0.00      0.50      0.25      0.00      0.00     85.68
11:23:18 PM     all     13.89      0.00      1.52      0.00      0.00      1.01      0.51      0.00      0.00     83.08
11:23:19 PM     all     14.61      0.00      1.51      0.00      0.00      0.50      0.50      0.00      0.00     82.87
11:23:20 PM     all     14.46      0.00      2.24      0.00      0.00      0.75      0.50      0.00      0.00     82.04
11:23:21 PM     all     14.36      0.00      1.51      0.00      0.00      0.76      0.50      0.00      0.00     82.87
11:23:22 PM     all     13.71      0.00      1.78      0.00      0.00      0.76      0.51      0.00      0.00     83.25
11:23:23 PM     all     14.82      0.00      1.51      0.00      0.00      0.75      0.25      0.00      0.00     82.66
11:23:24 PM     all     10.83      0.00      1.26      0.00      0.00      0.76      0.50      0.00      0.00     86.65
11:23:25 PM     all     13.78      0.00      2.26      0.00      0.00      0.50      0.50      0.00      0.00     82.96
11:23:26 PM     all     13.67      0.00      2.03      0.25      0.00      1.01      0.25      0.00      0.00     82.78
11:23:27 PM     all     14.86      0.00      1.51      0.00      0.00      0.50      0.50      0.00      0.00     82.62
11:23:28 PM     all     14.82      0.00      1.01      0.00      0.00      0.75      0.50      0.00      0.00     82.91
11:23:29 PM     all     14.03      0.00      1.02      0.00      0.00      0.77      0.51      0.00      0.00     83.67
11:23:30 PM     all     14.79      0.00      1.25      0.00      0.00      0.75      0.50      0.00      0.00     82.71
11:23:31 PM     all     13.13      0.00      1.26      0.00      0.00      0.76      0.25      0.00      0.00     84.60
11:23:32 PM     all     13.89      0.00      1.77      0.00      0.00      0.76      0.51      0.00      0.00     83.08
11:23:33 PM     all     13.85      0.00      1.01      0.00      0.00      0.76      0.50      0.00      0.00     83.88
11:23:34 PM     all     13.78      0.00      0.77      0.00      0.00      0.77      0.26      0.00      0.00     84.44
11:23:35 PM     all      8.08      0.00      0.76      0.25      0.00      0.25      0.51      0.00      0.00     90.15
11:23:36 PM     all     14.75      0.00      2.00      0.00      0.00      0.75      0.25      0.00      0.00     82.25
11:23:37 PM     all     13.85      0.00      2.02      0.00      0.00      0.76      0.50      0.00      0.00     82.87
11:23:38 PM     all     14.18      0.00      2.74      0.00      0.00      0.75      0.50      0.00      0.00     81.84
11:23:39 PM     all     14.93      0.00      1.74      0.00      0.00      0.75      0.50      0.00      0.00     82.09
11:23:40 PM     all     13.96      0.00      1.27      0.00      0.00      0.76      0.51      0.00      0.00     83.50
11:23:41 PM     all     14.14      0.00      1.52      0.00      0.00      0.76      0.25      0.00      0.00     83.33
11:23:42 PM     all     15.63      0.00      1.74      0.00      0.00      0.74      0.50      0.00      0.00     81.39
11:23:43 PM     all     14.14      0.00      1.26      0.00      0.00      0.76      0.51      0.00      0.00     83.33
11:23:44 PM     all     14.68      0.00      1.27      0.00      0.00      0.76      0.51      0.00      0.00     82.78
11:23:45 PM     all     14.29      0.00      2.26      0.00      0.00      0.75      0.50      0.00      0.00     82.21
11:23:46 PM     all     13.85      0.00      1.51      0.00      0.00      0.76      0.25      0.00      0.00     83.63
11:23:47 PM     all     59.90      0.00      9.77      0.00      0.00      1.00      0.75      0.00      0.00     28.57
11:23:48 PM     all     88.00      0.00     10.25      0.00      0.00      1.25      0.50      0.00      0.00      0.00
11:23:49 PM     all     84.00      0.00     14.00      0.00      0.00      1.50      0.50      0.00      0.00      0.00
11:23:50 PM     all     91.77      0.00      6.23      0.00      0.00      1.25      0.75      0.00      0.00      0.00
11:23:51 PM     all     91.50      0.00      6.75      0.00      0.00      1.25      0.50      0.00      0.00      0.00
11:23:52 PM     all     93.77      0.00      3.99      0.00      0.00      1.50      0.75      0.00      0.00      0.00
11:23:53 PM     all     92.48      0.00      5.76      0.00      0.00      1.25      0.50      0.00      0.00      0.00
11:23:54 PM     all     94.25      0.00      3.75      0.00      0.00      1.25      0.75      0.00      0.00      0.00
11:23:55 PM     all     93.50      0.00      4.50      0.00      0.00      1.50      0.50      0.00      0.00      0.00
11:23:56 PM     all     94.25      0.00      3.50      0.00      0.00      1.50      0.75      0.00      0.00      0.00
11:23:57 PM     all     94.00      0.00      4.00      0.00      0.00      1.25      0.75      0.00      0.00      0.00
11:23:58 PM     all     95.50      0.00      2.25      0.00      0.00      1.50      0.75      0.00      0.00      0.00
11:23:59 PM     all     94.74      0.00      3.51      0.00      0.00      1.25      0.50      0.00      0.00      0.00
11:24:00 PM     all     94.01      0.00      3.74      0.00      0.00      1.50      0.75      0.00      0.00      0.00
11:24:01 PM     all     93.75      0.00      4.00      0.00      0.00      1.50      0.75      0.00      0.00      0.00
11:24:02 PM     all     94.25      0.00      3.75      0.00      0.00      1.25      0.75      0.00      0.00      0.00
11:24:03 PM     all     94.26      0.00      3.74      0.00      0.00      1.50      0.50      0.00      0.00      0.00
11:24:04 PM     all     94.24      0.00      3.51      0.00      0.00      1.50      0.75      0.00      0.00      0.00
11:24:05 PM     all     94.75      0.00      3.25      0.00      0.00      1.25      0.75      0.00      0.00      0.00
11:24:06 PM     all     93.50      0.00      4.25      0.00      0.00      1.50      0.75      0.00      0.00      0.00
11:24:07 PM     all     93.73      0.00      4.51      0.00      0.00      1.25      0.50      0.00      0.00      0.00
11:24:08 PM     all     93.02      0.00      4.74      0.00      0.00      1.50      0.75      0.00      0.00      0.00
11:24:09 PM     all     94.50      0.00      3.75      0.00      0.00      1.25      0.50      0.00      0.00      0.00
11:24:10 PM     all     95.24      0.00      3.01      0.00      0.00      1.25      0.50      0.00      0.00      0.00
11:24:11 PM     all     94.28      0.00      3.48      0.00      0.00      1.49      0.75      0.00      0.00      0.00
11:24:12 PM     all     95.25      0.00      2.75      0.00      0.00      1.25      0.75      0.00      0.00      0.00
11:24:13 PM     all     94.03      0.00      3.73      0.00      0.00      1.49      0.75      0.00      0.00      0.00
11:24:14 PM     all     94.46      0.00      3.78      0.00      0.00      1.26      0.50      0.00      0.00      0.00
11:24:15 PM     all     93.78      0.00      3.98      0.00      0.00      1.49      0.75      0.00      0.00      0.00
11:24:16 PM     all     95.00      0.00      2.75      0.00      0.00      1.50      0.75      0.00      0.00      0.00
11:24:17 PM     all     34.76      0.00      2.52      0.00      0.00      0.50      0.50      0.00      0.00     61.71
11:24:18 PM     all      0.00      0.00      0.00      0.00      0.00      0.25      0.00      0.00      0.00     99.75
11:24:19 PM     all      0.00      0.00      0.00      0.00      0.00      0.00      0.00      0.00      0.00    100.00
11:24:20 PM     all      9.95      0.00      1.24      0.00      0.00      0.50      0.25      0.00      0.00     88.06
11:24:21 PM     all     14.54      0.00      1.75      0.25      0.00      0.75      0.50      0.00      0.00     82.21
11:24:22 PM     all     14.32      0.00      1.51      0.00      0.00      0.75      0.50      0.00      0.00     82.91
11:24:23 PM     all     15.21      0.00      1.50      0.00      0.00      0.75      0.50      0.00      0.00     82.04
11:24:24 PM     all     10.49      0.00      0.77      0.00      0.00      0.51      0.26      0.00      0.00     87.98
11:24:25 PM     all     13.18      0.00      1.74      0.00      0.00      0.75      0.50      0.00      0.00     83.83
11:24:26 PM     all     14.61      0.00      1.51      0.00      0.00      0.76      0.50      0.00      0.00     82.62
11:24:27 PM     all     14.68      0.00      1.27      0.00      0.00      0.76      0.25      0.00      0.00     83.04
11:24:28 PM     all     14.61      0.00      0.76      0.00      0.00      0.76      0.76      0.00      0.00     83.12
11:24:29 PM     all     14.65      0.00      1.26      0.00      0.00      0.76      0.51      0.00      0.00     82.83
11:24:30 PM     all     13.74      0.00      1.27      0.00      0.00      0.76      0.25      0.00      0.00     83.97
11:24:31 PM     all     13.10      0.00      1.51      0.00      0.00      0.76      0.50      0.00      0.00     84.13
11:24:32 PM     all     15.54      0.00      1.00      0.00      0.00      0.75      0.50      0.00      0.00     82.21
11:24:33 PM     all     13.47      0.00      1.75      0.00      0.00      0.75      0.50      0.00      0.00     83.54
11:24:34 PM     all     14.36      0.00      1.76      0.00      0.00      0.50      0.50      0.00      0.00     82.87
11:24:35 PM     all     14.18      0.00      1.52      0.00      0.00      0.76      0.25      0.00      0.00     83.29
11:24:36 PM     all     14.46      0.00      1.75      0.25      0.00      0.75      0.50      0.00      0.00     82.29
11:24:37 PM     all     14.43      0.00      1.01      0.00      0.00      0.76      0.51      0.00      0.00     83.29
11:24:38 PM     all     14.61      0.00      1.51      0.00      0.00      0.76      0.50      0.00      0.00     82.62
11:24:39 PM     all     15.00      0.00      1.50      0.00      0.00      0.75      0.50      0.00      0.00     82.25
11:24:40 PM     all     15.46      0.00      1.00      0.00      0.00      0.75      0.50      0.00      0.00     82.29
11:24:41 PM     all     14.68      0.00      1.27      0.25      0.00      0.76      0.25      0.00      0.00     82.78
11:24:42 PM     all     14.79      0.00      1.50      0.00      0.00      0.75      0.50      0.00      0.00     82.46
11:24:43 PM     all     14.07      0.00      2.01      0.00      0.00      0.75      0.50      0.00      0.00     82.66
11:24:44 PM     all     14.39      0.00      1.26      0.00      0.00      0.76      0.51      0.00      0.00     83.08
11:24:45 PM     all     14.57      0.00      1.51      0.00      0.00      0.75      0.50      0.00      0.00     82.66
11:24:46 PM     all     13.92      0.00      0.76      0.00      0.00      0.76      0.25      0.00      0.00     84.30
11:24:47 PM     all     15.11      0.00      1.01      0.00      0.00      0.76      0.50      0.00      0.00     82.62
11:24:48 PM     all     12.88      0.00      1.01      0.00      0.00      0.51      0.51      0.00      0.00     85.10
11:24:49 PM     all     14.61      0.00      1.26      0.00      0.00      0.76      0.50      0.00      0.00     82.87
11:24:50 PM     all     45.25      0.00      8.75      0.00      0.00      1.25      0.50      0.00      0.00     44.25
11:24:51 PM     all     88.22      0.00     10.03      0.00      0.00      1.25      0.50      0.00      0.00      0.00
11:24:52 PM     all     89.28      0.00      8.98      0.00      0.00      1.25      0.50      0.00      0.00      0.00
11:24:53 PM     all     87.59      0.00     10.17      0.00      0.00      1.49      0.74      0.00      0.00      0.00
11:24:54 PM     all     92.25      0.00      6.25      0.00      0.00      1.00      0.50      0.00      0.00      0.00
11:24:55 PM     all     94.24      0.00      3.76      0.00      0.00      1.50      0.50      0.00      0.00      0.00
11:24:56 PM     all     94.25      0.00      3.75      0.00      0.00      1.25      0.75      0.00      0.00      0.00
11:24:57 PM     all     94.53      0.00      3.23      0.00      0.00      1.49      0.75      0.00      0.00      0.00
11:24:58 PM     all     94.47      0.00      3.77      0.00      0.00      1.26      0.50      0.00      0.00      0.00
11:24:59 PM     all     94.26      0.00      3.49      0.00      0.00      1.50      0.75      0.00      0.00      0.00
11:25:00 PM     all     93.50      0.00      4.50      0.00      0.00      1.25      0.75      0.00      0.00      0.00
11:25:01 PM     all     93.75      0.00      4.25      0.00      0.00      1.50      0.50      0.00      0.00      0.00
11:25:02 PM     all     94.49      0.00      3.51      0.00      0.00      1.25      0.75      0.00      0.00      0.00
11:25:03 PM     all     93.75      0.00      4.25      0.00      0.00      1.50      0.50      0.00      0.00      0.00
11:25:04 PM     all     94.51      0.00      3.24      0.00      0.00      1.25      0.75      0.00      0.00      0.25
11:25:05 PM     all     94.01      0.00      3.74      0.00      0.00      1.50      0.75      0.00      0.00      0.00
11:25:06 PM     all     94.74      0.00      3.51      0.00      0.00      1.25      0.50      0.00      0.00      0.00
11:25:07 PM     all     94.26      0.00      3.49      0.00      0.00      1.50      0.75      0.00      0.00      0.00
11:25:08 PM     all     94.99      0.00      3.26      0.00      0.00      1.25      0.50      0.00      0.00      0.00
11:25:09 PM     all     94.79      0.00      2.98      0.00      0.00      1.49      0.74      0.00      0.00      0.00
11:25:10 PM     all     94.99      0.00      3.01      0.00      0.00      1.25      0.75      0.00      0.00      0.00
11:25:11 PM     all     93.75      0.00      4.25      0.00      0.00      1.50      0.50      0.00      0.00      0.00
11:25:12 PM     all     92.75      0.00      5.25      0.00      0.00      1.25      0.75      0.00      0.00      0.00
11:25:13 PM     all     92.52      0.00      5.24      0.00      0.00      1.50      0.75      0.00      0.00      0.00
11:25:14 PM     all     93.73      0.00      4.51      0.00      0.00      1.25      0.50      0.00      0.00      0.00
11:25:15 PM     all     94.26      0.00      3.49      0.00      0.00      1.50      0.75      0.00      0.00      0.00
11:25:16 PM     all     95.24      0.00      2.76      0.00      0.00      1.25      0.75      0.00      0.00      0.00
11:25:17 PM     all     95.00      0.00      3.00      0.00      0.00      1.50      0.50      0.00      0.00      0.00
11:25:18 PM     all     94.76      0.00      3.24      0.00      0.00      1.25      0.75      0.00      0.00      0.00
11:25:19 PM     all     93.98      0.00      4.01      0.00      0.00      1.25      0.75      0.00      0.00      0.00
11:25:20 PM     all     54.00      0.00      2.50      0.00      0.00      1.00      0.25      0.00      0.00     42.25
11:25:21 PM     all      0.25      0.00      0.25      0.25      0.00      0.00      0.00      0.00      0.00     99.25
11:25:22 PM     all      0.00      0.00      0.25      0.00      0.00      0.00      0.25      0.00      0.00     99.50
11:25:23 PM     all      6.50      0.00      0.75      0.00      0.00      0.50      0.25      0.00      0.00     92.00
11:25:24 PM     all     12.66      0.00      0.76      0.00      0.00      0.76      0.25      0.00      0.00     85.57
11:25:25 PM     all     14.11      0.00      1.26      0.00      0.00      0.50      0.50      0.00      0.00     83.63
11:25:26 PM     all     14.93      0.00      1.74      0.00      0.00      0.75      0.50      0.00      0.00     82.09
11:25:27 PM     all     14.18      0.00      1.27      0.00      0.00      0.76      0.51      0.00      0.00     83.29
11:25:28 PM     all     14.25      0.00      1.27      0.00      0.00      0.76      0.25      0.00      0.00     83.46
11:25:29 PM     all     15.56      0.00      1.98      0.00      0.00      0.74      0.49      0.00      0.00     81.23
11:25:30 PM     all     14.18      0.00      1.01      0.00      0.00      0.76      0.51      0.00      0.00     83.54
11:25:31 PM     all     13.78      0.00      1.50      0.00      0.00      0.75      0.50      0.00      0.00     83.46
11:25:32 PM     all     15.25      0.00      1.25      0.00      0.00      0.75      0.50      0.00      0.00     82.25
11:25:33 PM     all     13.04      0.00      0.51      0.00      0.00      0.77      0.26      0.00      0.00     85.42
11:25:34 PM     all     14.32      0.00      1.76      0.00      0.00      0.75      0.50      0.00      0.00     82.66
11:25:35 PM     all     14.61      0.00      1.51      0.00      0.00      0.76      0.50      0.00      0.00     82.62
11:25:36 PM     all     14.93      0.00      1.99      0.25      0.00      0.50      0.50      0.00      0.00     81.84
11:25:37 PM     all     15.21      0.00      1.50      0.00      0.00      0.75      0.50      0.00      0.00     82.04
11:25:38 PM     all     13.89      0.00      1.26      0.00      0.00      0.76      0.51      0.00      0.00     83.59
11:25:39 PM     all     15.21      0.00      2.00      0.00      0.00      0.75      0.25      0.00      0.00     81.80
11:25:40 PM     all     14.94      0.00      0.76      0.00      0.00      0.76      0.51      0.00      0.00     83.04
11:25:41 PM     all     14.21      0.00      1.02      0.00      0.00      0.76      0.51      0.00      0.00     83.50
11:25:42 PM     all     14.21      0.00      1.02      0.00      0.00      0.76      0.51      0.00      0.00     83.50
11:25:43 PM     all     14.47      0.00      1.02      0.00      0.00      0.76      0.51      0.00      0.00     83.25
11:25:44 PM     all     15.08      0.00      1.26      0.00      0.00      0.75      0.25      0.00      0.00     82.66
11:25:45 PM     all     14.07      0.00      1.51      0.00      0.00      0.75      0.50      0.00      0.00     83.17
11:25:46 PM     all     13.53      0.00      1.75      0.25      0.00      0.75      0.50      0.00      0.00     83.21
11:25:47 PM     all     14.61      0.00      1.26      0.00      0.00      0.76      0.50      0.00      0.00     82.87
11:25:48 PM     all     14.14      0.00      0.76      0.00      0.00      0.51      0.51      0.00      0.00     84.09
11:25:49 PM     all     12.59      0.00      1.76      0.00      0.00      0.76      0.25      0.00      0.00     84.63
11:25:50 PM     all     14.79      0.00      1.25      0.00      0.00      0.75      0.50      0.00      0.00     82.71
11:25:51 PM     all     14.14      0.00      1.52      0.00      0.00      0.76      0.51      0.00      0.00     83.08
11:25:52 PM     all     14.32      0.00      1.51      0.00      0.00      0.75      0.50      0.00      0.00     82.91
11:25:53 PM     all     29.29      0.00      8.59      0.00      0.00      0.76      0.51      0.00      0.00     60.86
11:25:54 PM     all     90.25      0.00      7.75      0.00      0.00      1.50      0.50      0.00      0.00      0.00
11:25:55 PM     all     89.75      0.00      8.50      0.00      0.00      1.25      0.50      0.00      0.00      0.00
11:25:56 PM     all     86.50      0.00     11.50      0.00      0.00      1.25      0.75      0.00      0.00      0.00
11:25:57 PM     all     93.50      0.00      4.75      0.00      0.00      1.25      0.50      0.00      0.00      0.00
11:25:58 PM     all     92.50      0.00      5.50      0.00      0.00      1.50      0.50      0.00      0.00      0.00
11:25:59 PM     all     94.50      0.00      3.50      0.00      0.00      1.25      0.75      0.00      0.00      0.00
11:26:00 PM     all     93.30      0.00      4.71      0.00      0.00      1.49      0.50      0.00      0.00      0.00
11:26:01 PM     all     93.02      0.00      4.99      0.00      0.00      1.25      0.75      0.00      0.00      0.00
11:26:02 PM     all     93.50      0.00      4.25      0.00      0.00      1.50      0.75      0.00      0.00      0.00
11:26:03 PM     all     94.24      0.00      4.01      0.00      0.00      1.25      0.50      0.00      0.00      0.00
11:26:04 PM     all     94.26      0.00      3.49      0.00      0.00      1.50      0.75      0.00      0.00      0.00
11:26:05 PM     all     93.75      0.00      4.00      0.00      0.00      1.50      0.75      0.00      0.00      0.00
11:26:06 PM     all     94.47      0.00      3.77      0.00      0.00      1.26      0.50      0.00      0.00      0.00
11:26:07 PM     all     93.00      0.00      4.75      0.00      0.00      1.50      0.75      0.00      0.00      0.00
11:26:08 PM     all     93.00      0.00      5.00      0.00      0.00      1.25      0.75      0.00      0.00      0.00
11:26:09 PM     all     93.27      0.00      4.49      0.00      0.00      1.50      0.75      0.00      0.00      0.00
11:26:10 PM     all     93.52      0.00      4.24      0.00      0.00      1.50      0.75      0.00      0.00      0.00
11:26:11 PM     all     93.72      0.00      4.52      0.00      0.00      1.26      0.50      0.00      0.00      0.00
11:26:12 PM     all     92.54      0.00      5.22      0.00      0.00      1.49      0.75      0.00      0.00      0.00
11:26:13 PM     all     92.50      0.00      5.25      0.00      0.00      1.50      0.75      0.00      0.00      0.00
11:26:14 PM     all     91.73      0.00      6.27      0.00      0.00      1.25      0.75      0.00      0.00      0.00
11:26:15 PM     all     92.23      0.00      5.51      0.00      0.00      1.50      0.75      0.00      0.00      0.00
11:26:16 PM     all     92.27      0.00      5.49      0.00      0.00      1.50      0.75      0.00      0.00      0.00
11:26:17 PM     all     93.30      0.00      4.47      0.00      0.00      1.49      0.74      0.00      0.00      0.00
11:26:18 PM     all     92.98      0.00      5.01      0.00      0.00      1.25      0.75      0.00      0.00      0.00
11:26:19 PM     all     93.98      0.00      4.01      0.00      0.00      1.50      0.50      0.00      0.00      0.00
11:26:20 PM     all     92.50      0.00      5.50      0.00      0.00      1.25      0.75      0.00      0.00      0.00
11:26:21 PM     all     93.02      0.00      4.74      0.00      0.00      1.50      0.75      0.00      0.00      0.00
11:26:22 PM     all     91.75      0.00      6.00      0.00      0.00      1.50      0.75      0.00      0.00      0.00
11:26:23 PM     all     69.98      0.00      4.71      0.00      0.00      0.99      0.74      0.00      0.00     23.57
11:26:24 PM     all      0.00      0.00      1.73      0.00      0.00      0.25      0.00      0.00      0.00     98.02
11:26:25 PM     all      0.25      0.00      2.22      0.00      0.00      0.00      0.00      0.00      0.00     97.54
11:26:26 PM     all      3.22      0.00      2.23      0.00      0.00      0.25      0.25      0.00      0.00     94.06
11:26:27 PM     all     16.50      0.00      2.71      0.00      0.00      0.74      0.49      0.00      0.00     79.56
11:26:28 PM     all     15.31      0.00      3.46      0.00      0.00      0.99      0.49      0.00      0.00     79.75
11:26:29 PM     all     15.27      0.00      3.45      0.00      0.00      0.74      0.49      0.00      0.00     80.05
11:26:30 PM     all     14.25      0.00      2.75      0.00      0.00      0.75      0.50      0.00      0.00     81.75
11:26:31 PM     all     13.37      0.00      3.47      0.00      0.00      0.74      0.25      0.00      0.00     82.18
11:26:32 PM     all     14.81      0.00      4.13      0.00      0.00      0.73      0.49      0.00      0.00     79.85
11:26:33 PM     all     12.87      0.00      3.22      0.00      0.00      0.50      0.50      0.00      0.00     82.92
11:26:34 PM     all     14.78      0.00      2.96      0.00      0.00      0.74      0.49      0.00      0.00     81.03
11:26:35 PM     all     14.00      0.00      2.25      0.00      0.00      0.75      0.50      0.00      0.00     82.50
11:26:36 PM     all     13.50      0.00      3.00      0.25      0.00      0.75      0.25      0.00      0.00     82.25
11:26:37 PM     all     15.02      0.00      2.46      0.00      0.00      0.74      0.49      0.00      0.00     81.28
11:26:38 PM     all     14.78      0.00      2.96      0.00      0.00      0.74      0.49      0.00      0.00     81.03
11:26:39 PM     all     15.20      0.00      2.94      0.00      0.00      0.74      0.49      0.00      0.00     80.64
11:26:40 PM     all     13.65      0.00      2.98      0.00      0.00      0.74      0.50      0.00      0.00     82.13
11:26:41 PM     all     15.31      0.00      2.47      0.00      0.00      0.74      0.49      0.00      0.00     80.99
11:26:42 PM     all     14.81      0.00      2.96      0.00      0.00      0.74      0.49      0.00      0.00     80.99
11:26:43 PM     all     14.29      0.00      2.01      0.00      0.00      0.75      0.50      0.00      0.00     82.46
11:26:44 PM     all     14.81      0.00      2.96      0.00      0.00      0.74      0.25      0.00      0.00     81.23
11:26:45 PM     all     14.96      0.00      1.50      0.00      0.00      0.75      0.75      0.00      0.00     82.04
11:26:46 PM     all     14.07      0.00      1.76      0.00      0.00      0.75      0.25      0.00      0.00     83.17
11:26:47 PM     all      8.23      0.00      1.75      0.00      0.00      0.25      0.50      0.00      0.00     89.28
11:26:48 PM     all      1.99      0.00      1.74      0.00      0.00      0.25      0.00      0.00      0.00     96.03
11:26:49 PM     all      1.99      0.00      1.24      0.00      0.00      0.25      0.25      0.00      0.00     96.27
11:26:50 PM     all      2.26      0.00      1.26      0.00      0.00      0.25      0.00      0.00      0.00     96.23
11:26:51 PM     all      2.50      0.00      1.25      0.00      0.00      0.25      0.25      0.00      0.00     95.75
11:26:52 PM     all      2.75      0.00      1.25      0.00      0.00      0.25      0.00      0.00      0.00     95.75
11:26:53 PM     all      2.99      0.00      1.25      0.00      0.00      0.25      0.25      0.00      0.00     95.26
11:26:54 PM     all      1.74      0.00      0.99      0.00      0.00      0.25      0.25      0.00      0.00     96.77
11:26:55 PM     all      6.02      0.00      1.25      0.00      0.00      0.50      0.00      0.00      0.00     92.23
11:26:56 PM     all     11.17      0.00      7.20      0.00      0.00      0.50      0.50      0.00      0.00     80.65
11:26:57 PM     all     90.80      0.00      7.46      0.00      0.00      1.24      0.50      0.00      0.00      0.00
11:26:58 PM     all     90.48      0.00      8.02      0.00      0.00      1.00      0.50      0.00      0.00      0.00
11:26:59 PM     all     87.19      0.00     11.56      0.00      0.00      1.01      0.25      0.00      0.00      0.00
11:27:00 PM     all     92.27      0.00      5.99      0.00      0.00      1.25      0.50      0.00      0.00      0.00
11:27:01 PM     all     95.51      0.00      2.74      0.00      0.00      1.25      0.50      0.00      0.00      0.00
11:27:02 PM     all     95.73      0.00      2.76      0.00      0.00      1.01      0.50      0.00      0.00      0.00
11:27:03 PM     all     95.27      0.00      2.99      0.00      0.00      1.24      0.50      0.00      0.00      0.00
11:27:04 PM     all     94.49      0.00      4.01      0.00      0.00      1.00      0.50      0.00      0.00      0.00
11:27:05 PM     all     95.25      0.00      3.00      0.00      0.00      1.25      0.50      0.00      0.00      0.00
11:27:06 PM     all     95.50      0.00      2.75      0.00      0.00      1.25      0.50      0.00      0.00      0.00
11:27:07 PM     all     95.01      0.00      3.24      0.00      0.00      1.25      0.50      0.00      0.00      0.00
11:27:08 PM     all     94.51      0.00      3.74      0.00      0.00      1.25      0.50      0.00      0.00      0.00
11:27:09 PM     all     95.74      0.00      2.76      0.00      0.00      1.00      0.50      0.00      0.00      0.00
11:27:10 PM     all     95.75      0.00      2.50      0.00      0.00      1.25      0.50      0.00      0.00      0.00
11:27:11 PM     all     95.26      0.00      2.99      0.00      0.00      1.25      0.50      0.00      0.00      0.00
11:27:12 PM     all     95.50      0.00      2.50      0.00      0.00      1.25      0.75      0.00      0.00      0.00
11:27:13 PM     all     96.75      0.00      1.75      0.00      0.00      1.00      0.50      0.00      0.00      0.00
11:27:14 PM     all     95.01      0.00      2.99      0.00      0.00      1.50      0.50      0.00      0.00      0.00
11:27:15 PM     all     95.24      0.00      3.26      0.00      0.00      1.00      0.50      0.00      0.00      0.00
11:27:16 PM     all     96.00      0.00      2.25      0.00      0.00      1.25      0.50      0.00      0.00      0.00
11:27:17 PM     all     95.75      0.00      2.50      0.00      0.00      1.25      0.50      0.00      0.00      0.00
11:27:18 PM     all     96.25      0.00      2.25      0.00      0.00      1.00      0.50      0.00      0.00      0.00
11:27:19 PM     all     95.75      0.00      2.50      0.00      0.00      1.25      0.50      0.00      0.00      0.00
11:27:20 PM     all     95.26      0.00      2.99      0.00      0.00      1.25      0.50      0.00      0.00      0.00
11:27:21 PM     all     96.02      0.00      2.24      0.00      0.00      1.24      0.50      0.00      0.00      0.00
11:27:22 PM     all     96.50      0.00      1.75      0.00      0.00      1.25      0.50      0.00      0.00      0.00
11:27:23 PM     all     96.99      0.00      1.50      0.00      0.00      1.00      0.50      0.00      0.00      0.00
11:27:24 PM     all     95.76      0.00      2.24      0.00      0.00      1.25      0.75      0.00      0.00      0.00
11:27:25 PM     all     95.00      0.00      3.25      0.00      0.00      1.25      0.50      0.00      0.00      0.00
11:27:26 PM     all     90.77      0.00      2.99      0.00      0.00      1.25      0.50      0.00      0.00      4.49
11:27:27 PM     all     10.75      0.00      1.50      0.00      0.00      0.50      0.50      0.00      0.00     86.75
11:27:28 PM     all     10.30      0.00      1.01      0.00      0.00      0.50      0.25      0.00      0.00     87.94
11:27:29 PM     all      6.55      0.00      1.01      0.00      0.00      0.50      0.25      0.00      0.00     91.69
11:27:30 PM     all      7.58      0.00      0.76      0.00      0.00      0.51      0.25      0.00      0.00     90.91
11:27:31 PM     all      8.02      0.00      0.75      0.25      0.00      0.50      0.25      0.00      0.00     90.23
11:27:32 PM     all      7.29      0.00      1.01      0.00      0.00      0.50      0.50      0.00      0.00     90.70
11:27:33 PM     all      8.46      0.00      1.49      0.00      0.00      0.25      0.25      0.00      0.00     89.55
11:27:34 PM     all     10.17      0.00      1.49      0.00      0.00      0.74      0.25      0.00      0.00     87.34
11:27:35 PM     all      9.25      0.00      1.25      0.00      0.00      0.25      0.25      0.00      0.00     89.00
11:27:36 PM     all      9.23      0.00      1.75      0.00      0.00      0.75      0.50      0.00      0.00     87.78
11:27:37 PM     all     10.20      0.00      1.00      0.00      0.00      0.50      0.25      0.00      0.00     88.06
11:27:38 PM     all      9.55      0.00      1.26      0.00      0.00      0.50      0.25      0.00      0.00     88.44
11:27:39 PM     all      9.73      0.00      1.50      0.00      0.00      0.50      0.25      0.00      0.00     88.03
11:27:40 PM     all      9.77      0.00      1.25      0.00      0.00      0.50      0.50      0.00      0.00     87.97
11:27:41 PM     all      9.05      0.00      1.51      0.25      0.00      0.50      0.25      0.00      0.00     88.44
11:27:42 PM     all      9.32      0.00      1.01      0.00      0.00      0.50      0.25      0.00      0.00     88.92
11:27:43 PM     all      9.02      0.00      1.50      0.00      0.00      0.50      0.50      0.00      0.00     88.47
11:27:44 PM     all      9.07      0.00      1.01      0.00      0.00      0.50      0.25      0.00      0.00     89.17
11:27:45 PM     all      8.35      0.00      0.76      0.00      0.00      0.76      0.51      0.00      0.00     89.62
11:27:46 PM     all      9.70      0.00      1.74      0.00      0.00      0.50      0.25      0.00      0.00     87.81
11:27:47 PM     all      9.14      0.00      0.51      0.00      0.00      0.51      0.25      0.00      0.00     89.59
11:27:48 PM     all      9.00      0.00      1.25      0.00      0.00      0.50      0.25      0.00      0.00     89.00
11:27:49 PM     all     10.13      0.00      0.51      0.00      0.00      0.51      0.51      0.00      0.00     88.35
11:27:50 PM     all      9.11      0.00      1.27      0.00      0.00      0.76      0.25      0.00      0.00     88.61
11:27:51 PM     all      9.30      0.00      0.75      0.00      0.00      0.50      0.50      0.00      0.00     88.94
11:27:52 PM     all     10.75      0.00      1.25      0.00      0.00      0.50      0.25      0.00      0.00     87.25
11:27:53 PM     all      8.52      0.00      1.50      0.00      0.00      0.50      0.50      0.00      0.00     88.97
11:27:54 PM     all      7.50      0.00      1.00      0.00      0.00      0.50      0.25      0.00      0.00     90.75
11:27:55 PM     all      9.30      0.00      1.01      0.00      0.00      0.50      0.25      0.00      0.00     88.94
11:27:56 PM     all      9.20      0.00      1.99      0.25      0.00      0.50      0.25      0.00      0.00     87.81
11:27:57 PM     all     77.31      0.00      8.23      0.00      0.00      1.00      0.50      0.00      0.00     12.97
11:27:58 PM     all     84.96      0.00     13.78      0.00      0.00      1.00      0.25      0.00      0.00      0.00
11:27:59 PM     all     87.28      0.00     10.97      0.00      0.00      1.25      0.50      0.00      0.00      0.00
11:28:00 PM     all     92.75      0.00      5.75      0.00      0.00      1.00      0.50      0.00      0.00      0.00
11:28:01 PM     all     92.77      0.00      5.49      0.00      0.00      1.25      0.50      0.00      0.00      0.00
11:28:02 PM     all     96.74      0.00      2.01      0.00      0.00      1.00      0.25      0.00      0.00      0.00
11:28:03 PM     all     96.51      0.00      1.75      0.00      0.00      1.25      0.50      0.00      0.00      0.00
11:28:04 PM     all     93.98      0.00      4.51      0.00      0.00      1.00      0.50      0.00      0.00      0.00
11:28:05 PM     all     96.50      0.00      1.75      0.00      0.00      1.25      0.50      0.00      0.00      0.00
11:28:06 PM     all     96.76      0.00      1.75      0.00      0.00      1.00      0.50      0.00      0.00      0.00
11:28:07 PM     all     95.01      0.00      3.24      0.00      0.00      1.25      0.50      0.00      0.00      0.00
11:28:08 PM     all     95.75      0.00      2.50      0.00      0.00      1.25      0.50      0.00      0.00      0.00
11:28:09 PM     all     96.26      0.00      2.24      0.00      0.00      1.00      0.50      0.00      0.00      0.00
11:28:10 PM     all     96.22      0.00      2.52      0.00      0.00      1.01      0.25      0.00      0.00      0.00
11:28:11 PM     all     96.01      0.00      2.24      0.00      0.00      1.25      0.50      0.00      0.00      0.00
11:28:12 PM     all     95.51      0.00      2.74      0.00      0.00      1.25      0.50      0.00      0.00      0.00
11:28:13 PM     all     96.24      0.00      2.26      0.00      0.00      1.00      0.50      0.00      0.00      0.00
11:28:14 PM     all     96.51      0.00      1.75      0.00      0.00      1.25      0.50      0.00      0.00      0.00
11:28:15 PM     all     95.49      0.00      2.76      0.00      0.00      1.25      0.50      0.00      0.00      0.00
11:28:16 PM     all     94.50      0.00      3.25      0.00      0.00      1.50      0.75      0.00      0.00      0.00
11:28:17 PM     all     95.00      0.00      3.00      0.00      0.00      1.25      0.75      0.00      0.00      0.00
11:28:18 PM     all     95.26      0.00      2.49      0.00      0.00      1.50      0.75      0.00      0.00      0.00
11:28:19 PM     all     94.75      0.00      3.00      0.00      0.00      1.50      0.75      0.00      0.00      0.00
11:28:20 PM     all     95.00      0.00      3.00      0.00      0.00      1.25      0.75      0.00      0.00      0.00
11:28:21 PM     all     94.25      0.00      3.50      0.00      0.00      1.50      0.75      0.00      0.00      0.00
11:28:22 PM     all     94.75      0.00      3.25      0.00      0.00      1.50      0.50      0.00      0.00      0.00
11:28:23 PM     all     94.49      0.00      3.51      0.00      0.00      1.25      0.75      0.00      0.00      0.00
11:28:24 PM     all     94.76      0.00      2.99      0.00      0.00      1.50      0.75      0.00      0.00      0.00
11:28:25 PM     all     94.50      0.00      3.75      0.00      0.00      1.25      0.50      0.00      0.00      0.00
11:28:26 PM     all     93.98      0.00      3.76      0.00      0.00      1.50      0.75      0.00      0.00      0.00
11:28:27 PM     all     18.05      0.00      1.75      0.00      0.00      0.25      0.25      0.00      0.00     79.70
11:28:28 PM     all      0.00      0.00      0.50      0.00      0.00      0.25      0.00      0.00      0.00     99.25
11:28:29 PM     all      0.00      0.00      0.00      0.00      0.00      0.00      0.25      0.00      0.00     99.75
11:28:30 PM     all     11.72      0.00      1.75      0.00      0.00      0.75      0.25      0.00      0.00     85.54
11:28:31 PM     all     13.75      0.00      2.25      0.00      0.00      0.50      0.50      0.00      0.00     83.00
11:28:32 PM     all     14.57      0.00      1.51      0.00      0.00      0.75      0.50      0.00      0.00     82.66
11:28:33 PM     all     14.14      0.00      1.01      0.00      0.00      0.76      0.51      0.00      0.00     83.59
11:28:34 PM     all     14.65      0.00      1.26      0.00      0.00      0.76      0.25      0.00      0.00     83.08
11:28:35 PM     all     11.28      0.00      1.25      0.00      0.00      0.75      0.50      0.00      0.00     86.22
11:28:36 PM     all     11.39      0.00      1.52      0.00      0.00      0.51      0.25      0.00      0.00     86.33
11:28:37 PM     all     14.43      0.00      1.01      0.00      0.00      0.76      0.51      0.00      0.00     83.29
11:28:38 PM     all     14.85      0.00      2.23      0.00      0.00      0.74      0.50      0.00      0.00     81.68
11:28:39 PM     all     14.96      0.00      1.50      0.00      0.00      0.75      0.50      0.00      0.00     82.29
11:28:40 PM     all     14.75      0.00      1.75      0.00      0.00      0.75      0.50      0.00      0.00     82.25
11:28:41 PM     all     14.57      0.00      1.51      0.25      0.00      0.75      0.25      0.00      0.00     82.66
11:28:42 PM     all     14.36      0.00      1.51      0.00      0.00      0.76      0.50      0.00      0.00     82.87
11:28:43 PM     all     14.50      0.00      2.25      0.00      0.00      0.75      0.50      0.00      0.00     82.00
11:28:44 PM     all     13.32      0.00      1.26      0.00      0.00      0.75      0.50      0.00      0.00     84.17
Average:        all     50.53      0.00      3.05      0.01      0.00      0.98      0.51      0.00      0.00     44.92
