Linux 5.19.0-1022-raspi (pi-desktop) 	10/18/2023 	_aarch64_	(4 CPU)

06:43:46 PM kbmemfree   kbavail kbmemused  %memused kbbuffers  kbcached  kbcommit   %commit  kbactive   kbinact   kbdirty  kbanonpg    kbslab  kbkstack   kbpgtbl  kbvmused
06:43:47 PM    406940   2435412    975088     25.13     73952   2161536   4473320     90.75    768792   2166948      5384    828440    263024      8720     17500     42028
06:43:48 PM    408864   2440920    969536     24.98     73952   2165088   4467116     90.63    768788   2167416      8944    825452    263100      8784     17448     42044
06:43:49 PM    403540   2439100    971224     25.03     73952   2168612   4466936     90.62    768788   2175496     12488    829984    263212      8704     17448     42028
06:43:50 PM    395484   2434884    975588     25.14     73956   2172176   4465644     90.60    768792   2178008     16092    828720    263336      8712     17516     41996
06:43:51 PM    399944   2443172    967228     24.93     73956   2175916   4467488     90.63    768792   2178576     19504    825600    263496      8784     17448     42028
06:43:52 PM    392772   2439452    970944     25.02     73956   2179308   4474088     90.77    768792   2185096     23072    828756    263560      8720     17452     42012
06:43:53 PM    390944   2441264    969112     24.97     73956   2182808   4475128     90.79    768792   2186688     26580    826804    263720      8704     17456     42012
06:43:54 PM    383212   2436992    973480     25.09     73956   2186092   4474848     90.78    768792   2193776     29864    830656    263800      8800     17456     42028
06:43:55 PM    376376   2433912    976280     25.16     73964   2190020   4474604     90.78    768792   2197984     33832    831052    263900      8720     17456     42012
06:43:56 PM    372596   2434028    976308     25.16     73964   2193620   4474856     90.78    768804   2202036     37620    831196    264052      8736     17516     42028
06:43:57 PM    369160   2434048    976316     25.16     73964   2197008   4475052     90.79    768800   2205356     40860    831160    264092      8760     17456     42044
06:43:58 PM    367684   2436160    974168     25.10     73964   2200516   4474872     90.78    768800   2207412     44364    829860    264208      8720     17456     42012
06:43:59 PM    363908   2436004    974224     25.11     73964   2204080   4475128     90.79    768804   2212692     47928    831604    264364      8736     17520     42044
06:44:00 PM    358364   2434120    975104     25.13     73968   2208676   4816180     97.71    768800   2216436     51508    831324    264428      8800     17604     42060
06:44:01 PM    356360   2435896    973300     25.08     73984   2212364   4475912     90.81    768820   2218284     55092    829932    264532      8720     17456     42028
06:44:02 PM    355584   2438604    970556     25.01     73984   2215736   4476184     90.81    768824   2219032     58448    827336    264680      8736     17512     42028
06:44:03 PM    353508   2440120    970104     25.00     73984   2218192   4815648     97.70    768820   2221360     61984    826000    264752      8800     17752     42028
06:44:04 PM    347096   2437700    972476     25.06     73984   2222116   4475124     90.79    768820   2230032     65940    830892    264868      8720     17456     42028
06:44:05 PM    347016   2441192    969028     24.97     73984   2225572   4475120     90.79    768824   2228836     69412    826100    264940      8736     17484     42044
06:44:06 PM    338496   2435864    974332     25.11     73984   2228684   4475136     90.79    768820   2236604     72536    830880    265044      8720     17456     42012
06:44:07 PM    333960   2435452    974700     25.12     73984   2232716   4475136     90.79    768820   2240656     76452    830904    265180      8688     17456     41980
06:44:08 PM    329932   2434796    975248     25.13     73984   2235988   4476504     90.82    768820   2244484     79724    831356    265388      8736     17604     42036
06:44:09 PM    327680   2436052    974112     25.10     73984   2239416   4475112     90.79    768820   2248012     83200    831588    265348      8688     17456     41980
06:44:10 PM    326848   2439084    971028     25.02     73984   2243200   4475124     90.79    768820   2245816     87020    825584    265480      8688     17456     42012
06:44:11 PM    318616   2434760    975372     25.13     73988   2246964   4478144     90.85    768824   2255440     90768    831552    265600      8704     17576     42020
06:44:12 PM    320576   2440124    970016     25.00     73988   2250296   4475140     90.79    768824   2253812     93852    826524    265664      8688     17456     41980
06:44:13 PM    317584   2440800    969296     24.98     73988   2253860   4475140     90.79    768824   2256316     97600    825584    265812      8688     17456     41948
06:44:14 PM    313304   2440100    969956     25.00     73988   2257276   4475112     90.79    768824   2261440    101044    826956    266016      8712     17604     41996
06:44:15 PM    306856   2437284    972812     25.07     73988   2260892   4474920     90.79    768824   2268732    104668    830812    265992      8608     17456     41980
06:44:16 PM    303016   2437208    972868     25.07     73996   2264516   4475140     90.79    768824   2270504    108336    829232    266144      8688     17456     41996
06:44:17 PM    297556   2435260    974812     25.12     73996   2267936   4475140     90.79    768836   2275768     74940    830808    266240      8704     17508     41980
06:44:18 PM    291760   2433412    976572     25.17     73996   2271808   4815780     97.70    768836   2280036     57036    830956    266404      8696     17456     42012
06:44:19 PM    293696   2439384    970748     25.02     74012   2275716   4476292     90.81    769004   2279060     38968    826488    266368      8720     17520     42028
06:44:20 PM    284228   2433372    976716     25.17     74316   2278760   4476404     90.82    769148   2288704     11832    832932    266520      8752     17576     42044
06:44:21 PM    287428   2440688    969368     24.98     74480   2282592   4475144     90.79    769472   2285244      1628    825756    266672      8720     17460     42028
06:44:22 PM    282640   2439624    970416     25.01     74480   2286244   4475144     90.79    769472   2289568      5360    826500    266760      8720     17460     42028
06:44:23 PM    273192   2433688    976340     25.16     74480   2289664   4476496     90.82    769472   2298152      8792    831612    266864      8800     17532     42052
06:44:24 PM    269864   2434068    976052     25.15     74484   2293180   4475128     90.79    769476   2300296     11976    830220    266960      8720     17460     42012
06:44:25 PM    271452   2439432    970792     25.02     74484   2296744   4475128     90.79    769476   2300892     15872    827188    267068      8720     17460     42012
06:44:26 PM    270464   2441816    968180     24.95     74484   2300156   4486464     91.02    769476   2303536      4024    826660    267256      8800     17580     42052
06:44:27 PM    263208   2438116    971960     25.05     74484   2303624   4475132     90.79    769488   2311700      3768    831184    267264      8720     17460     41996
06:44:28 PM    256908   2435272    974680     25.12     74484   2307052   4475132     90.79    769488   2314908      7236    831172    267416      8720     17460     42012
06:44:29 PM    253284   2435608    974188     25.10     74492   2310960   4475128     90.79    769500   2319000     11068    831224    267616      8760     17608     42028
06:44:30 PM    274648   2460752    949260     24.46     74492   2314484   4799284     97.37    795168   2275392     14600    809728    267656      8760     17756     42060
06:44:31 PM    251884   2441248    968580     24.96     74492   2317832   4475144     90.79    795168   2296124     17956    827284    267752      8720     17460     42012
06:44:32 PM    244076   2437228    972660     25.07     74492   2321348   4466952     90.62    795168   2303524      2376    831000    267964      8720     17452     41996
06:44:33 PM    238864   2435904    974088     25.10     74492   2325132   4799288     97.37    795168   2308592      6036    832336    267964      8784     17752     42076
06:44:34 PM    237764   2438184    971780     25.04     74500   2328396   4466956     90.62    795176   2310328      9360    830732    268100      8704     17456     41996
06:44:35 PM    231464   2435868    974020     25.10     74500   2332304   4466956     90.62    795180   2314688     13268    831244    268252      8720     17512     42012
06:44:36 PM    224640   2432468    977424     25.19     74500   2335636   4807480     97.53    795176   2320488     16612    833680    268340      8744     17752     42076
06:44:37 PM    227288   2438520    971232     25.03     74500   2339068   4466956     90.62    795176   2317784     20068    827668    268452      8704     17456     42028
06:44:38 PM    219984   2435164    974708     25.12     74500   2342792   4466956     90.62    795180   2326012     23792    831904    268556      8720     17516     42012
06:44:39 PM    217224   2435784    974088     25.10     74508   2346076   4799292     97.37    795184   2328052     27060    830788    268644      8784     17752     42076
06:44:40 PM    211428   2433760    976108     25.15     74508   2349720   4466960     90.62    795184   2332896     30432    831976    268776      8704     17456     42012
06:44:41 PM    211204   2437280    972544     25.06     74508   2353384   4466960     90.62    795188   2332056     34128    827492    268900      8680     17360     41996
06:44:42 PM    205912   2435652    974212     25.11     74508   2356956   4807484     97.53    795184   2338648     37740    830496    268952      8784     17752     42076
06:44:43 PM    204032   2436928    972888     25.07     74508   2360048   4466960     90.62    795184   2338884     40728    827684    269064      8704     17456     42012
06:44:44 PM    197056   2433876    975996     25.15     74508   2363680   4466960     90.62    795188   2347052     44528    831936    269300      8720     17600     42012
06:44:45 PM    196976   2437448    972368     25.06     74508   2367396   4466968     90.62    795184   2346600     48120    828008    269292      8704     17456     41996
06:44:46 PM    188996   2433208    976460     25.16     74508   2371180   4466968     90.62    795184   2354208     51928    831984    269396      8704     17456     42012
06:44:47 PM    188140   2435892    973856     25.10     74508   2374436   4466968     90.62    795188   2353204     55184    827528    269600      8680     17440     41980
06:44:48 PM    180956   2432608    977160     25.18     74508   2378284   4799300     97.37    795184   2363228     59008    833908    269632      8784     17752     42092
06:44:49 PM    178744   2433792    975940     25.15     74516   2381620   4466968     90.62    795192   2364608     62344    831836    269720      8704     17456     42028
06:44:50 PM    175320   2434236    975536     25.14     74516   2385292   4466968     90.62    795196   2368456     66016    831980    269876      8720     17488     42028
06:44:51 PM    174728   2437172    972560     25.06     74516   2388760   4799300     97.37    795192   2369876     69512    829912    269976      8824     17752     42092
06:44:52 PM    169268   2435348    974328     25.11     74516   2392328   4466968     90.62    795192   2375436     73104    831984    270100      8704     17456     42028
06:44:53 PM    162980   2432920    976788     25.17     74516   2396032   4466968     90.62    795196   2379276     76808    832076    270224      8720     17484     42012
06:44:54 PM    163164   2436552    973156     25.08     74520   2399404   4466968     90.62    795196   2378112     80220    827692    270296      8704     17456     42012
06:44:55 PM    154984   2431900    977640     25.19     74520   2402956   4466968     90.62    795196   2385940     83792    831920    270440      8704     17456     42012
06:44:56 PM    155328   2436048    973600     25.09     74520   2406552   4466968     90.62    795196   2385784     87388    827900    270540      8728     17472     41996
06:44:57 PM    149828   2434236    975376     25.14     74520   2410132   4466968     90.62    795196   2388860     90572    827544    270684      8688     17456     41996
06:44:58 PM    148336   2435988    973352     25.08     74520   2413576   4466968     90.62    795208   2391968     69620    827556    270756      8688     17456     41996
06:44:59 PM    139816   2431088    978372     25.21     74524   2416980   4471060     90.71    795212   2400412     73008    832576    270848      8728     17456     42020
06:45:00 PM    141012   2435936    973208     25.08     74524   2420836   4467304     90.63    795212   2399108     76552    827572    270960      8688     17456     41948
06:45:01 PM    131436   2430276    978980     25.23     74524   2424512   4467304     90.63    795212   2407252     80256    831900    271088      8688     17456     41996
06:45:02 PM    128124   2430620    978548     25.22     74524   2428072   4467304     90.63    795212   2410916     84000    830664    271272      8728     17528     42012
06:45:03 PM    127304   2433384    975828     25.15     74524   2431560   4645596     94.25    795212   2414376     47348    831984    271324      8608     17752     41948
06:45:04 PM    127480   2435628    973620     25.09     74524   2433496   4467308     90.63    795212   2411928     26596    827548    271420      8688     17456     41996
06:45:05 PM    121684   2433964    975184     25.13     74524   2437584   4467308     90.63    795216   2415988      2040    827620    271564      8704     17360     41980
06:45:06 PM    119904   2435812    973332     25.08     74524   2441108   4467676     90.64    795212   2419456      5584    827844    271672      8728     17456     41996
06:45:07 PM    113268   2432784    976348     25.16     74524   2444620   4467308     90.63    795212   2427332      9120    831868    271780      8688     17456     41964
06:45:08 PM    108496   2431808    977304     25.18     74524   2448316   4467308     90.63    795216   2431196     12396    831960    271900      8704     17516     42012
06:45:09 PM    106356   2433216    975928     25.15     74528   2451724   4467852     90.64    795212   2430296     15872    827696    272004      8728     17456     41996
06:45:10 PM    100952   2431448    977652     25.19     74528   2455300   4467308     90.63    795216   2438004     19452    831868    272108      8688     17456     41980
06:45:11 PM     97676   2431592    977548     25.19     74528   2458588   4467308     90.63    795220   2441376     22740    831968    272200      8704     17516     41996
06:45:12 PM     93952   2431868    977228     25.18     74528   2462532   4468048     90.65    795216   2443836     26584    830656    272300      8728     17456     41980
06:45:13 PM     89920   2431168    977952     25.20     74528   2465756   4467308     90.63    795216   2448572     29832    831988    272384      8688     17456     41948
06:45:14 PM     87408   2432560    976564     25.17     74536   2469516   4467308     90.63    795220   2452296     33624    831964    272516      8720     17516     41980
06:45:15 PM     82372   2431364    977756     25.20     74536   2473256   4468276     90.65    795224   2456524     37364    832432    272620      8768     17456     42020
06:45:16 PM     80868   2433600    975500     25.14     74536   2476884   4467312     90.63    795224   2458268     41016    830512    272752      8688     17456     41964
06:45:17 PM     76220   2432424    976496     25.16     74536   2480400   4467312     90.63    795224   2458584     44568    827484    272888      8688     17456     41996
06:45:18 PM     75636   2434520    974432     25.11     74536   2482856   4467312     90.63    795224   2461608     47024    827820    273080      8712     17564     41980
06:45:19 PM     72112   2433876    975136     25.13     74540   2485668   4799644     97.37    795228   2464660     49832    828144    273084      8808     17752     42060
06:45:20 PM     69592   2434568    974344     25.11     74540   2488924   4467312     90.63    795228   2467344     53128    827700    273140      8688     17456     41996
06:45:21 PM     92536   2457664    951400     24.52     74288   2489120   4467312     90.63    792700   2446244     56008    804008    273196      8736     17592     42012
06:45:22 PM     70212   2438336    971048     25.02     74288   2492024   4470200     90.69    792692   2473300     58936    828152    272968      8768     17604     42036
06:45:23 PM     81048   2438056    971084     25.02     73996   2481396   4467312     90.63    792800   2461740     61648    827716    273016      8688     17456     41996
06:45:24 PM     81188   2441308    967980     24.94     73996   2484348   4467312     90.63    792800   2464752     64624    827700    273028      8688     17456     41996
06:45:25 PM     83492   2443000    966320     24.90     73976   2483672   4467312     90.63    767200   2489800     67136    827896    273080      8704     17512     41980
06:45:26 PM     80004   2442200    967060     24.92     73976   2486448   4468060     90.65    767140   2492792     69948    827864    273052      8768     17456     42012
06:45:27 PM     74428   2439760    969528     24.98     73976   2489436   4467320     90.63    767140   2495580     72960    827716    273172      8688     17456     42012
06:45:28 PM     85740   2441300    968992     24.97     73844   2478720   4466256     90.61    767140   2485716     76080    827724    273244      8688     17456     41996
