Linux 5.19.0-1022-raspi (pi-desktop) 	10/18/2023 	_aarch64_	(4 CPU)

06:46:34 PM kbmemfree   kbavail kbmemused  %memused kbbuffers  kbcached  kbcommit   %commit  kbactive   kbinact   kbdirty  kbanonpg    kbslab  kbkstack   kbpgtbl  kbvmused
06:46:35 PM    165880   2509608    895076     23.07     76080   2464112   5445408    110.47    765968   2381084        28    734248    279392     10264     22928     43548
06:46:36 PM    164196   2509136    895480     23.08     76924   2464424   5454144    110.65    766644   2378876         0    731720    279516     10312     22900     43596
06:46:37 PM    162180   2510412    894268     23.04     77136   2467268   5455664    110.68    766980   2383472         0    733592    279688     10256     22900     43580
06:46:38 PM    159212   2510468    894224     23.04     77332   2470056   5454100    110.65    767220   2389476         0    736672    279716     10256     22900     43580
06:46:39 PM    151904   2506724    897964     23.14     77572   2473300   5454360    110.66    767440   2388388         0    732336    279800     10256     22900     43580
06:46:40 PM    151320   2509172    895500     23.08     77772   2476036   5454628    110.66    767648   2396064         4    737292    279912     10256     22900     43580
06:46:41 PM    146948   2508308    896312     23.10     77952   2479344   5454900    110.67    767840   2395192         0    733264    279984     10272     22944     43548
06:46:42 PM    145972   2510832    893852     23.03     78164   2482464   5455156    110.67    768048   2402844        20    737676    280088     10256     22900     43564
06:46:43 PM    141240   2508776    895920     23.09     78360   2484884   5455128    110.67    768164   2401136         0    733480    280136     10296     23048     43564
06:46:44 PM    139980   2511872    892636     23.00     78688   2488828   5795668    117.58    768524   2405144       108    733500    280408     10296     23300     43692
06:46:45 PM    137220   2511864    892832     23.01     78852   2491284   5455400    110.68    768716   2411984        12    737940    280352     10256     22900     43548
06:46:46 PM    133192   2511440    893168     23.02     79040   2494608   5455672    110.68    768928   2415504         0    738032    280532     10256     22900     43564
06:46:47 PM    127900   2509376    895160     23.07     79204   2497616   5447468    110.52    769068   2418600         0    738240    280660     10240     22896     43548
06:46:48 PM    122356   2507392    897220     23.12     79472   2500792   5447468    110.52    769348   2421620         0    738096    280700     10240     22896     43548
06:46:49 PM    112780   2501292    903256     23.28     79720   2503948   5447464    110.52    769544   2424884       104    738168    280836     10272     22904     43564
06:46:50 PM    112528   2504496    900108     23.20     79900   2507104   5447480    110.52    769792   2423760         0    733960    280900     10240     22896     43548
06:46:51 PM    108748   2504140    900332     23.20     80180   2510196   5448384    110.53    769988   2431456       244    738648    281084     10264     22928     43548
06:46:52 PM    114796   2513472    890960     22.96     80456   2513236   5447408    110.51    770256   2433956         0    738196    281092     10240     22896     43532
06:46:53 PM    109252   2511716    892872     23.01     80832   2516356   5447392    110.51    770704   2432864         4    733692    281228     10240     22896     43564
06:46:54 PM    102448   2507960    896604     23.11     81160   2519032   5447404    110.51    770964   2440044         4    738180    281296     10240     22896     43564
06:46:55 PM    103068   2512320    892144     22.99     81520   2522352   5447420    110.52    771408   2438780         0    733768    281456     10240     22896     43548
06:46:56 PM     93336   2505652    898756     23.16     81880   2524952   5447420    110.52    771604   2441736         0    734048    281616     10280     22896     43564
06:46:57 PM     95584   2509088    895456     23.08     81872   2526004   5447420    110.52    769972   2444376         0    733916    281624     10240     22896     43548
06:46:58 PM     88528   2505260    899316     23.18     82224   2528752   5447392    110.51    770348   2446912         0    733648    281720     10240     22896     43548
06:46:59 PM     99924   2506940    897616     23.13     82320   2518948   5447404    110.51    770720   2438580       288    735284    281732     10240     22896     43564
06:47:00 PM     94672   2504928    898556     23.16     82644   2522932   5440284    110.37    771036   2444288        36    738208    281736     10160     22900     43548
06:47:01 PM     83668   2497364    906112     23.35     82972   2526016   5448476    110.54    771276   2447160        32    737896    281772     10240     22900     43548
06:47:02 PM     92276   2503304    901068     23.22     83336   2522084   5447392    110.51    771672   2444312        36    738088    281776     10240     22900     43548
06:47:03 PM     95884   2508988    895320     23.07     83704   2523720   5447408    110.51    772164   2442460         0    734872    281912     10240     22900     43548
06:47:04 PM     95888   2506556    897928     23.14     83992   2520864   5447424    110.52    772616   2439800         0    734956    281868     10240     22900     43548
06:47:05 PM     94880   2508644    895860     23.09     84320   2523612   5447424    110.52    772936   2445684         0    738092    281868     10240     22900     43548
06:47:06 PM     94152   2511552    892912     23.01     84716   2526808   5447424    110.52    773332   2445828         8    735088    281952     10224     22900     43532
06:47:07 PM    108328   2520856    883756     22.77     84824   2521528   5447396    110.51    769192   2448228         0    738460    282104     10264     22980     43548
06:47:08 PM     95528   2511276    893084     23.01     85100   2524684   5763356    116.92    769396   2451016       104    738208    282144     10200     23196     43548
06:47:09 PM     89480   2509124    895424     23.07     85432   2528000   5447428    110.52    769740   2454512       132    738216    282204     10256     22900     43564
06:47:10 PM     91816   2513660    890868     22.96     85696   2529864   5447428    110.52    769248   2457048       100    738128    282296     10256     22900     43548
06:47:11 PM     95372   2516880    887680     22.88     85816   2529328   5447400    110.51    766684   2459156       116    738096    282344     10256     22900     43548
06:47:12 PM     89396   2513728    890928     22.96     86140   2531720   5447400    110.51    766968   2461668        12    738184    282356     10240     22848     43548
06:47:13 PM     97776   2517184    887436     22.87     86232   2526504   5447412    110.52    763360   2456008         0    734036    282592     10240     22900     43548
06:47:14 PM     97540   2515696    889084     22.91     86376   2525100   5447428    110.52    761196   2456644         0    733776    282440     10256     22900     43548
06:47:15 PM     89532   2511024    893748     23.03     86668   2528108   5447432    110.52    761504   2460972         0    735096    282484     10256     22900     43564
06:47:16 PM     85464   2510072    894652     23.05     87024   2530780   5447404    110.51    761172   2467452        52    738092    282620     10296     23008     43580
06:47:17 PM     95132   2511448    893352     23.02     86844   2522656   5447416    110.52    755852   2459900        64    733764    282556     10256     22900     43580
06:47:18 PM    100332   2512128    892936     23.01     86612   2518144   5447416    110.52    752660   2462664         0    738092    282516     10256     22900     43532
06:47:19 PM     97056   2511616    893424     23.02     86836   2520700   5447432    110.52    752784   2465452       148    738092    282524     10256     22900     43580
06:47:20 PM     90280   2508872    896072     23.09     87044   2524448   5447420    110.52    753100   2469092        20    738096    282696     10256     22900     43564
06:47:21 PM    109820   2518516    886572     22.85     87076   2514408   5447428    110.52    753432   2458652        64    738072    282664     10272     22868     43548
06:47:22 PM    106544   2518592    886316     22.84     87236   2517716   5447412    110.52    753604   2459032         0    735044    282728     10280     22856     43580
06:47:23 PM     96772   2512104    892788     23.01     87440   2520796   5447412    110.52    753836   2460700        40    733652    282744     10264     22952     43564
06:47:24 PM     95288   2513780    891244     22.97     87696   2523640   5450308    110.57    754084   2464228         0    734488    282672     10264     23048     43572
06:47:25 PM     88488   2510980    894016     23.04     87896   2527324   5447412    110.52    754316   2467112        60    733628    282816     10240     22900     43532
06:47:26 PM     99128   2511072    894036     23.04     87872   2516936   5447412    110.52    754564   2459348         0    736468    282568     10240     22900     43548
06:47:27 PM     96608   2512320    892800     23.01     88032   2520528   5455604    110.68    754708   2460056        80    733568    282572     10240     22904     43532
06:47:28 PM     88600   2507296    897784     23.14     88200   2523284   5447412    110.52    754904   2467316         0    738100    282672     10240     22904     43564
06:47:29 PM     96676   2512120    892896     23.01     88344   2519896   5447412    110.52    755196   2463776         0    738104    282728     10240     22904     43532
06:47:30 PM     86160   2504864    900164     23.20     88528   2522872   5447412    110.52    755396   2466636         0    737996    282816     10240     22904     43564
06:47:31 PM     93744   2515360    889608     22.92     88688   2525540   5447412    110.52    755580   2466168         0    734964    282960     10272     22904     43548
06:47:32 PM     91476   2515812    889260     22.92     88780   2528100   5447412    110.52    755708   2471924        92    738120    282924     10240     22904     43548
06:47:33 PM     96112   2518572    886500     22.84     88928   2526064   5447412    110.52    755920   2466704         0    734996    282936     10240     22904     43564
06:47:34 PM     89560   2515720    889336     22.92     89116   2529484   5447412    110.52    756176   2473180       492    738120    283044     10240     22904     43548
06:47:35 PM    100700   2516668    888396     22.89     89208   2519276   5447412    110.52    756516   2461092         0    736488    282960     10240     22904     43564
06:47:36 PM     95912   2515188    889836     22.93     89340   2522456   5447412    110.52    756664   2465460         0    737696    282996     10240     22904     43564
06:47:37 PM     89368   2511776    893156     23.02     89508   2525400   5447412    110.52    756808   2468672       204    738120    283108     10256     22924     43548
06:47:38 PM    100508   2519660    885344     22.81     89580   2522036   5447412    110.52    757104   2462008         0    734860    283072     10240     22904     43564
06:47:39 PM     95500   2517312    887720     22.88     89756   2524516   5447416    110.52    757208   2467800       148    738100    283048     10240     22756     43516
06:47:40 PM     87544   2513228    891736     22.98     89892   2528196   5779752    117.26    757456   2467324        56    734124    283172     10320     23200     43692
06:47:41 PM     89308   2510528    894548     23.05     89948   2523648   5447416    110.52    757664   2466564       152    737996    283088     10240     22904     43548
06:47:42 PM     87824   2512384    892568     23.00     90036   2526884   5447416    110.52    757896   2466608         0    734992    283228     10240     22904     43532
06:47:43 PM     94680   2518908    886132     22.84     90176   2526360   5447416    110.52    758080   2464652         0    733564    283192     10240     22904     43548
06:47:44 PM     97452   2512180    892748     23.01     90232   2516936   5447416    110.52    758328   2459560        84    738104    283172     10240     22904     43564
06:47:45 PM     93672   2511572    893400     23.02     90412   2519888   5447416    110.52    758492   2462620       208    738112    283168     10224     22996     43548
06:47:46 PM     91684   2512840    892124     22.99     90516   2522968   5447416    110.52    758640   2465500        88    738052    283248     10240     22872     43548
06:47:47 PM     99508   2511448    893188     23.02     90512   2514016   5447952    110.53    759008   2456056         0    737612    283316     10296     22816     43548
06:47:48 PM     97504   2512908    892104     22.99     90660   2517112   5447416    110.52    759332   2454768         0    733692    283160     10240     22904     43548
06:47:49 PM     95740   2514368    890584     22.95     90776   2520284   5447416    110.52    759440   2459196         0    735004    283156     10240     22904     43564
06:47:50 PM     98012   2515744    889360     22.92     90668   2519352   5447416    110.52    757476   2463100         0    737920    283148     10240     22904     43548
06:47:51 PM     87036   2508020    897072     23.12     90808   2522396   5447420    110.52    757612   2464628         0    736412    283228     10240     22904     43548
06:47:52 PM     97220   2508732    896336     23.10     90748   2513176   5447420    110.52    757976   2456580        12    738016    283060     10256     22880     43564
06:47:53 PM     89892   2504208    900868     23.22     90816   2515812   5447420    110.52    758072   2454848         0    733656    283152     10256     23016     43564
06:47:54 PM     99244   2511020    893980     23.04     90888   2513224   5447420    110.52    758276   2456568        12    737984    283204     10264     22936     43548
06:47:55 PM     98024   2513076    892004     22.99     91016   2516264   5447420    110.52    758408   2454988         0    733484    283232     10240     22904     43548
06:47:56 PM     95000   2513168    891764     22.98     91172   2519304   5447420    110.52    758564   2458004         0    733604    283300     10240     22904     43548
06:47:57 PM    103900   2513108    891888     22.98     91140   2510220   5447420    110.52    758940   2448620        32    733604    283392     10240     22904     43532
06:47:58 PM    102936   2515312    889672     22.93     91236   2513384   5447420    110.52    759044   2453108        60    734916    283312     10240     22904     43532
06:47:59 PM     96428   2511896    893136     23.02     91408   2516244   5447420    110.52    759204   2459104         0    738040    283324     10240     22904     43548
06:48:00 PM     94072   2512424    891676     22.98     91540   2519920   5448468    110.54    759360   2461712         0    738024    283332     10240     22904     43532
06:48:01 PM     98636   2514068    890004     22.94     91624   2516916   5448468    110.54    759500   2458512         0    738004    283360     10256     22900     43564
06:48:02 PM     92448   2511164    892648     23.00     91768   2520196   5448468    110.54    759644   2461796        48    737888    283480     10264     23052     43564
06:48:03 PM     96752   2517812    886172     22.84     91924   2522120   5448476    110.54    759840   2463816       144    737864    283572     10328     22952     43564
06:48:04 PM     92028   2516188    887860     22.88     92056   2525036   5448476    110.54    760000   2466648        64    737968    283560     10240     22904     43548
06:48:05 PM     96116   2517936    886132     22.84     92164   2522608   5448476    110.54    760160   2461120         0    734928    283520     10240     22904     43548
06:48:06 PM     92840   2517304    886736     22.85     92320   2525040   5448476    110.54    760360   2463508         0    734928    283604     10240     22904     43564
06:48:07 PM     90328   2516948    887080     22.86     92452   2527016   5448476    110.54    760500   2465484         0    734928    283664     10240     22904     43548
06:48:08 PM     87336   2516076    887780     22.88     92620   2528920   5448476    110.54    760644   2467412         0    734928    283884     10240     22904     43564
06:48:09 PM    101248   2520320    883804     22.78     92660   2519300   5448476    110.54    761024   2457448        12    734924    283528     10240     22904     43548
06:48:10 PM     97972   2519720    884288     22.79     92860   2521780   5456668    110.70    761228   2459928         0    734932    283640     10240     22904     43532
06:48:11 PM     95716   2519812    884224     22.79     92992   2523928   5448476    110.54    761364   2462064         0    734920    283680     10240     22904     43548
06:48:12 PM     94456   2520748    883140     22.76     93152   2525932   5448476    110.54    761440   2464152         0    734920    283860     10320     22904     43564
06:48:13 PM     90424   2519248    884672     22.80     93292   2528236   5448476    110.54    761660   2466372         0    734920    283916     10240     22904     43532
06:48:14 PM     87904   2518768    885080     22.81     93440   2530096   5448476    110.54    761748   2468444       148    735068    284020     10280     22904     43548
06:48:15 PM     96996   2518728    885188     22.81     93512   2520984   5448480    110.54    762160   2458844         0    734924    283860     10240     22904     43564
