Linux 5.19.0-1022-raspi (pi-desktop) 	10/18/2023 	_aarch64_	(4 CPU)

06:40:13 PM kbmemfree   kbavail kbmemused  %memused kbbuffers  kbcached  kbcommit   %commit  kbactive   kbinact   kbdirty  kbanonpg    kbslab  kbkstack   kbpgtbl  kbvmused
06:40:14 PM    660648   2547976    869132     22.40     74616   2017628   4247848     86.18    771820   1917160      3900    722624    258516      8584     16628     41844
06:40:15 PM    656364   2545292    871860     22.47     74616   2019176   4258856     86.40    771820   1922760      5160    726924    258524      8560     16628     41844
06:40:16 PM    656616   2547392    869736     22.41     74616   2021028   4256792     86.36    771820   1922744      1628    725028    258544      8560     16632     41844
06:40:17 PM    651100   2543276    873840     22.52     74616   2022432   4257832     86.38    771820   1925072      3036    725956    258552      8560     16632     41844
06:40:18 PM    648328   2542496    874624     22.54     74624   2024408   4257832     86.38    771820   1922436      5064    721328    258556      8560     16632     41844
06:40:19 PM    657608   2553080    864052     22.27     74624   2025704   4257320     86.37    771828   1928024      6380    725620    258552      8560     16632     41844
06:40:20 PM    650832   2547908    869228     22.40     74624   2027320   4257548     86.38    771828   1925440      8048    721580    258536      8560     16632     41844
06:40:21 PM    649068   2547772    869384     22.40     74624   2028920   4258844     86.40    771828   1928200      9660    722568    258544      8560     16632     41844
06:40:22 PM    641284   2541332    875780     22.57     74624   2030304   4257836     86.38    771828   1928804     11056    721852    258548      8560     16632     41860
06:40:23 PM    639268   2541268    875828     22.57     74632   2032248   4258860     86.40    771828   1935956     12956    727176    258564      8560     16632     41844
06:40:24 PM    637784   2541008    876020     22.57     74632   2033544   4258860     86.40    771828   1932796     14252    722724    258560      8608     16636     41844
06:40:25 PM    635012   2540068    877080     22.60     74632   2035244   4259824     86.42    771836   1934912     16000    723020    258572      8632     16740     41900
06:40:26 PM    634312   2540972    876284     22.58     74632   2036748   4258588     86.40    771836   1935944     17512    722360    258564      8560     16632     41860
06:40:27 PM    633836   2541844    875244     22.55     74632   2038252   4258864     86.40    771836   1937760     19024    722888    258576      8560     16632     41860
06:40:28 PM    631568   2541368    875748     22.57     74640   2039964   4258864     86.40    771836   1939460     20760    722784    258620      8560     16632     41844
06:40:29 PM    629356   2540856    876248     22.58     74640   2041624   4250324     86.23    771844   1945340     22476    727064    258672      8544     16628     41844
06:40:30 PM    626080   2539356    877764     22.62     74640   2043348   4250580     86.23    771844   1942940     24224    722908    258708      8544     16628     41828
06:40:31 PM    624820   2539700    877400     22.61     74640   2044928   4250592     86.23    771848   1948912     25796    727332    258752      8528     16640     41828
06:40:32 PM    624372   2540704    876432     22.59     74640   2046320   4250608     86.23    771844   1946188     27212    723184    258776      8544     16628     41844
06:40:33 PM    622608   2540508    876616     22.59     74644   2047892   4250608     86.23    771848   1952068     28784    727512    258780      8600     16708     41844
06:40:34 PM    617848   2537428    879632     22.67     74644   2049552   4251184     86.25    771848   1953564     30460    727568    258864      8584     16628     41860
06:40:35 PM    618100   2539208    877932     22.62     74644   2050944   4250592     86.23    771848   1950848     31892    723188    258920      8544     16628     41844
06:40:36 PM    617344   2540196    876896     22.60     74644   2052688   4250592     86.23    771848   1952296     33648    722920    258968      8544     16628     41828
06:40:37 PM    616588   2540960    876136     22.58     74644   2054164   4250608     86.23    771848   1954020     35132    723188    259008      8544     16628     41844
06:40:38 PM    615328   2541568    875664     22.57     74648   2055852   4250596     86.23    771848   1960168     36872    727480    259048      8544     16628     41828
06:40:39 PM    614320   2542244    874840     22.54     74648   2057616   4250600     86.23    771852   1961796     38660    727480    259116      8544     16628     41828
06:40:40 PM    609096   2538624    878604     22.64     74648   2059036   4250596     86.23    771852   1959036     40104    723192    259156      8544     16628     41844
06:40:41 PM    608340   2539292    877776     22.62     74648   2060572   4250612     86.23    771852   1960300     41652    723044    259204      8544     16628     41828
06:40:42 PM    607616   2539940    877100     22.60     74648   2061936   4250612     86.23    771852   1961784     43036    723192    259240      8544     16628     41844
06:40:43 PM    605612   2539860    877212     22.61     74648   2063784   4250612     86.23    771852   1966476     44884    726004    259284      8584     16776     41844
06:40:44 PM    603120   2538732    878304     22.63     74648   2065120   4250584     86.23    771852   1964924     46188    723148    259348      8616     16652     41860
06:40:45 PM    601608   2538676    878412     22.64     74648   2066496   4250596     86.23    771852   1966128     47608    722920    259376      8544     16628     41844
06:40:46 PM    599872   2538796    878220     22.63     74648   2068344   4250612     86.23    771852   1972384     42012    727372    259456      8544     16628     41844
06:40:47 PM    597616   2537888    879156     22.66     74656   2069628   4250612     86.23    771864   1969496       552    723200    259484      8544     16628     41844
06:40:48 PM    599808   2542184    874780     22.54     74664   2071704   4250612     86.23    771864   1971408      2376    723052    259584      8544     16628     41844
06:40:49 PM    596148   2540144    876908     22.60     74664   2073200   4250584     86.23    771872   1977292      3920    727412    259620      8544     16628     41828
06:40:50 PM    593108   2539128    877856     22.62     74664   2075204   4250596     86.23    771872   1974940      5812    723052    259708      8512     16628     41812
06:40:51 PM    586332   2533476    883472     22.77     74664   2076332   4250620     86.24    771872   1976036      6948    723060    259740      8512     16628     41796
06:40:52 PM    584136   2532916    884092     22.78     74664   2077880   4250620     86.24    771872   1977712      8516    723128    259768      8520     16632     41812
06:40:53 PM    582608   2533064    883896     22.78     74672   2079560   4250592     86.23    771872   1983908     10204    727696    259804      8528     16632     41796
06:40:54 PM    588340   2539860    877120     22.60     74672   2080564   4574728     92.81    771880   1984420     11200    727240    259844      8544     16924     41812
06:40:55 PM    586576   2540324    876664     22.59     74672   2082704   4250604     86.23    771880   1986900     13352    727500    259924      8544     16628     41828
06:40:56 PM    585820   2540908    876192     22.58     74672   2083900   4250620     86.24    771880   1988216     14556    727500    259956      8544     16628     41828
06:40:57 PM    580276   2536944    879984     22.68     74672   2085584   4250624     86.24    771880   1985308     16264    723216    260024      8544     16628     41812
06:40:58 PM    580780   2539340    877708     22.62     74676   2087316   4250612     86.23    771880   1987056     18036    722956    260060      8544     16628     41844
06:40:59 PM    578540   2538488    878496     22.64     74676   2088736   4250608     86.23    771884   1992948     19488    727508    260092      8544     16628     41844
06:41:00 PM    574256   2536160    879728     22.67     74676   2091700   4251680     86.26    771884   1994844     21404    727508    260180      8544     16628     41844
06:41:01 PM    572000   2535452    880348     22.69     74676   2093280   4251680     86.26    771884   1996332     23000    727512    260236      8544     16628     41828
06:41:02 PM    570132   2534752    881088     22.71     74676   2094376   4251680     86.26    771884   1993252     24096    723304    260268      8536     16572     41828
06:41:03 PM    568392   2535148    880736     22.70     74684   2096380   4251680     86.26    771884   1999760     26128    727624    260348      8576     16736     41844
06:41:04 PM    568220   2536208    879592     22.67     74684   2097668   4563648     92.59    771892   2000744     27416    727512    260376      8544     16924     41828
06:41:05 PM    563180   2532980    882844     22.75     74684   2099364   4251680     86.26    771892   1997924     29136    722948    260468      8544     16628     41844
06:41:06 PM    561416   2532840    883124     22.76     74684   2100812   4251680     86.26    771892   1999516     30604    722952    260504      8544     16628     41844
06:41:07 PM    561948   2534680    881156     22.71     74684   2102200   4251680     86.26    771892   2001024     32016    723220    260552      8544     16628     41828
06:41:08 PM    557664   2532260    883584     22.77     74684   2104024   4251680     86.26    771892   2007168     33872    727508    260584      8544     16628     41844
06:41:09 PM    557440   2533440    882352     22.74     74684   2105424   4251684     86.26    771892   2005428     35292    722944    260640      8544     16628     41844
06:41:10 PM    553156   2531008    884820     22.80     74684   2107232   4251684     86.26    771892   2005912     37120    723076    260648      8544     16628     41844
06:41:11 PM    553912   2533112    882708     22.75     74684   2108520   4251684     86.26    771892   2011632     38432    727512    260716      8544     16628     41844
06:41:12 PM    559484   2540324    875480     22.56     74684   2110084   4251684     86.26    771892   2011308     40020    725588    260808      8544     16628     41844
06:41:13 PM    558396   2541036    874724     22.54     74688   2111888   4251684     86.26    771892   2015024     41828    727540    260844      8624     16628     41828
06:41:14 PM    556016   2540096    875704     22.57     74688   2113244   4253048     86.28    771892   2016860     43332    728148    260888      8608     16632     41884
06:41:15 PM    554812   2540580    875220     22.55     74688   2114912   4251688     86.26    771896   2013720     44824    723224    260908      8544     16628     41844
06:41:16 PM    554564   2541736    874020     22.52     74688   2116280   4251688     86.26    771896   2019392     46232    727520    260988      8544     16628     41844
06:41:17 PM    554816   2543492    872244     22.48     74688   2117760   4251688     86.26    771896   2019236     47568    725896    261032      8544     16628     41844
06:41:18 PM    549020   2539464    876316     22.58     74688   2119416   4251688     86.26    771904   2018136     22392    723080    261100      8544     16628     41812
06:41:19 PM    546248   2538280    877480     22.61     74692   2120980   4251688     86.26    771916   2019560       348    722956    261140      8544     16628     41828
06:41:20 PM    543980   2537964    877776     22.62     74692   2122876   4251688     86.26    771920   2021576      2300    723104    261216      8544     16628     41844
06:41:21 PM    541992   2537316    878304     22.63     74692   2124312   4251688     86.26    771920   2027304      3764    727512    261240      8544     16628     41828
06:41:22 PM    540732   2537436    878340     22.63     74692   2125500   4251688     86.26    771920   2026980      4976    725880    261276      8544     16628     41844
06:41:23 PM    540448   2539104    876636     22.59     74700   2127404   4251688     86.26    771920   2026104      6896    723092    261352      8560     16688     41844
06:41:24 PM    548496   2548348    867416     22.35     74700   2128564   4251688     86.26    771928   2031764      8108    727464    261364      8552     16580     41796
06:41:25 PM    546984   2548732    867012     22.34     74700   2130424   4251688     86.26    771928   2029116      9900    723076    261420      8544     16628     41796
06:41:26 PM    540448   2543664    872076     22.47     74700   2131856   4251688     86.26    771928   2035004     11352    727520    261460      8544     16628     41844
06:41:27 PM    535940   2540568    875156     22.55     74700   2133216   4251688     86.26    771928   2032032     12740    723228    261528      8544     16628     41828
06:41:28 PM    537452   2544084    871748     22.46     74708   2135056   4251688     86.26    771928   2038320     14608    727524    261576      8544     16628     41844
06:41:29 PM    535944   2543948    871740     22.46     74708   2136532   4251688     86.26    771936   2039512     16116    727400    261616      8544     16628     41828
06:41:30 PM    532668   2542432    873264     22.50     74708   2138236   4251688     86.26    771936   2037040     17840    723228    261664      8544     16628     41812
06:41:31 PM    528888   2540268    875428     22.56     74708   2139780   4251688     86.26    771936   2042928     19408    727524    261736      8544     16628     41844
06:41:32 PM    539120   2552128    863564     22.25     74708   2141360   4251688     86.26    771936   2044500     21012    727524    261788      8544     16628     41828
06:41:33 PM    536348   2551088    864568     22.28     74708   2143076   4251696     86.26    771940   2041692     22756    723056    261840      8544     16748     41844
06:41:34 PM    528536   2544784    870900     22.44     74708   2144544   4251696     86.26    771936   2047664     24232    727592    261852      8544     16588     41828
06:41:35 PM    526520   2544188    871584     22.46     74708   2145788   4251696     86.26    771936   2045028     25476    723396    261940      8592     16740     41828
06:41:36 PM    526016   2545316    870328     22.43     74708   2147496   4584028     93.00    771936   2048708     27204    725760    261992      8584     16924     41940
06:41:37 PM    525792   2546392    869256     22.40     74708   2148772   4251696     86.26    771936   2051856     28504    727536    262012      8544     16628     41844
06:41:38 PM    523776   2546368    869252     22.40     74712   2150712   4251696     86.26    771936   2053816     29876    727528    262088      8544     16628     41844
06:41:39 PM    523272   2547224    868448     22.38     74712   2152004   4251696     86.26    771940   2055060     31356    727464    262104      8544     16628     41828
06:41:40 PM    521004   2546860    868784     22.39     74712   2153884   4251696     86.26    771940   2052556     33264    723092    262156      8544     16628     41812
06:41:41 PM    512688   2539924    875692     22.57     74712   2155236   4251696     86.26    771940   2058224     34640    727412    262212      8544     16628     41828
06:41:42 PM    511204   2539896    875748     22.57     74712   2156604   4251696     86.26    771940   2055324     36032    723092    262272      8544     16628     41844
06:41:43 PM    509440   2540056    875536     22.56     74712   2158504   4251696     86.26    771940   2057092     37956    723088    262348      8544     16628     41844
06:41:44 PM    509188   2540416    875212     22.55     74712   2159064   4251696     86.26    771944   2058064     38496    723288    262364      8592     16652     41828
06:41:45 PM    509188   2540936    874680     22.54     74712   2159556   4251700     86.26    771940   2058568     39032    723464    262404      8576     16744     41828
06:41:46 PM    509188   2540940    874696     22.54     74712   2159556   4584032     93.00    771940   2058720     38984    723536    262388      8664     16924     41876
06:41:47 PM    509188   2541080    874548     22.54     74712   2159692   4251700     86.26    771940   2058560     39164    723240    262400      8544     16628     41844
06:41:48 PM    509188   2541392    874188     22.53     74716   2160036   4251700     86.26    771940   2058864     39532    723240    262412      8544     16628     41828
06:41:49 PM    509188   2541444    874176     22.53     74716   2160040   4251700     86.26    771944   2058904     39588    723236    262420      8544     16628     41844
06:41:50 PM    509188   2541860    873716     22.52     74716   2160496   4251700     86.26    771944   2059312     19192    723236    262424      8544     16628     41812
06:41:51 PM    509188   2542284    873336     22.51     74716   2160864   4251700     86.26    771944   2059724       888    723236    262436      8544     16628     41812
06:41:52 PM    509188   2542444    873176     22.50     74716   2161016   4251700     86.26    771944   2059852      1060    723236    262444      8544     16628     41828
06:41:53 PM    509188   2542444    873172     22.50     74720   2161016   4251700     86.26    771944   2059860      1096    723236    262444      8544     16628     41828
06:41:54 PM    510700   2544464    872804     22.49     74720   2159852   4250044     86.22    771948   2060372      1560    723236    262464      8544     16628     41812
