Linux 4.9.253-tegra (nano-desktop) 	10/18/2023 	_aarch64_	(4 CPU)

06:07:53 PM     CPU      %usr     %nice      %sys   %iowait    %steal      %irq     %soft    %guest    %gnice     %idle
06:07:54 PM     all     24.62      0.00      1.51      0.00      0.00      0.50      0.00      0.00      0.00     73.37
06:07:55 PM     all     24.81      0.00      1.00      1.25      0.00      0.25      0.25      0.00      0.00     72.43
06:07:56 PM     all     24.87      0.00      0.75      0.00      0.00      0.50      0.00      0.00      0.00     73.87
06:07:57 PM     all     24.87      0.00      0.50      0.00      0.00      0.25      0.00      0.00      0.00     74.37
06:07:58 PM     all     24.81      0.00      1.00      0.00      0.00      0.25      0.25      0.00      0.00     73.68
06:07:59 PM     all     24.94      0.00      1.01      2.02      0.00      0.25      0.00      0.00      0.00     71.79
06:08:00 PM     all     25.13      0.00      0.50      1.51      0.00      0.50      0.00      0.00      0.00     72.36
06:08:01 PM     all     25.06      0.00      0.50      0.00      0.00      0.25      0.25      0.00      0.00     73.93
06:08:02 PM     all     24.94      0.00      0.25      0.00      0.00      0.25      0.00      0.00      0.00     74.56
06:08:03 PM     all     24.62      0.00      0.50      0.00      0.00      0.25      0.00      0.00      0.00     74.62
06:08:04 PM     all     25.75      0.00      1.75      0.00      0.00      0.50      0.25      0.00      0.00     71.75
06:08:05 PM     all     24.18      0.00      1.26      1.51      0.00      0.25      0.00      0.00      0.00     72.80
06:08:06 PM     all     19.80      0.00      0.25      0.00      0.00      0.75      0.50      0.00      0.00     78.70
06:08:07 PM     all     24.81      0.00      0.25      0.00      0.00      0.25      0.25      0.00      0.00     74.44
06:08:08 PM     all     24.81      0.00      0.50      0.00      0.00      0.50      0.00      0.00      0.00     74.19
06:08:09 PM     all     25.06      0.00      1.00      0.00      0.00      0.25      0.00      0.00      0.00     73.68
06:08:10 PM     all     24.75      0.00      0.50      0.25      0.00      0.25      0.25      0.00      0.00     74.00
06:08:11 PM     all     24.87      0.00      0.50      0.00      0.00      0.25      0.00      0.00      0.00     74.37
06:08:12 PM     all     25.00      0.00      0.50      0.00      0.00      0.50      0.00      0.00      0.00     74.00
06:08:13 PM     all     24.81      0.00      0.25      0.00      0.00      0.25      0.00      0.00      0.00     74.69
06:08:14 PM     all     24.81      0.00      0.25      0.00      0.00      0.25      0.25      0.00      0.00     74.44
06:08:15 PM     all     24.87      0.00      1.01      3.27      0.00      0.25      0.00      0.00      0.00     70.60
06:08:16 PM     all     25.12      0.00      0.50      0.25      0.00      0.50      0.25      0.00      0.00     73.38
06:08:17 PM     all     25.56      0.00      1.00      0.00      0.00      0.25      0.00      0.00      0.00     73.18
06:08:18 PM     all     25.06      0.00      0.50      0.00      0.00      0.25      0.00      0.00      0.00     74.19
06:08:19 PM     all     21.20      0.00      0.75      0.00      0.00      0.50      0.25      0.00      0.00     77.31
06:08:20 PM     all     18.00      0.00      1.00      0.00      0.00      0.75      0.25      0.00      0.00     80.00
06:08:21 PM     all     25.62      0.00      0.25      0.00      0.00      0.25      0.25      0.00      0.00     73.63
06:08:22 PM     all     24.81      0.00      1.49      0.00      0.00      0.25      0.00      0.00      0.00     73.45
06:08:23 PM     all     24.44      0.00      1.98      0.00      0.00      0.25      0.00      0.00      0.00     73.33
06:08:24 PM     all     24.75      0.00      2.23      0.00      0.00      0.50      0.25      0.00      0.00     72.28
06:08:25 PM     all     24.13      0.00      1.74      0.00      0.00      0.25      0.00      0.00      0.00     73.88
06:08:26 PM     all     23.44      0.00      2.00      0.25      0.00      0.25      0.25      0.00      0.00     73.82
06:08:27 PM     all     24.44      0.00      2.22      0.00      0.00      0.25      0.00      0.00      0.00     73.09
06:08:28 PM     all     24.01      0.00      2.23      0.00      0.00      0.50      0.00      0.00      0.00     73.27
06:08:29 PM     all     24.63      0.00      1.00      0.00      0.00      0.25      0.25      0.00      0.00     73.88
06:08:30 PM     all     25.06      0.00      1.50      0.00      0.00      0.25      0.00      0.00      0.00     73.18
06:08:31 PM     all     24.43      0.00      0.76      0.00      0.00      0.25      0.00      0.00      0.00     74.56
06:08:32 PM     all     22.06      0.00      1.50      0.00      0.00      0.50      0.25      0.00      0.00     75.69
06:08:33 PM     all     20.25      0.00      0.50      0.00      0.00      0.75      0.50      0.00      0.00     78.00
06:08:34 PM     all     24.43      0.00      0.50      0.00      0.00      0.25      0.00      0.00      0.00     74.81
06:08:35 PM     all     25.19      0.00      0.25      0.00      0.00      0.25      0.00      0.00      0.00     74.31
06:08:36 PM     all     25.13      0.00      0.25      0.50      0.00      0.25      0.00      0.00      0.00     73.87
06:08:37 PM     all     24.62      0.00      0.25      0.00      0.00      0.50      0.25      0.00      0.00     74.37
06:08:38 PM     all     24.62      0.00      0.75      0.00      0.00      0.25      0.00      0.00      0.00     74.37
06:08:39 PM     all     24.75      0.00      0.25      0.00      0.00      0.25      0.00      0.00      0.00     74.75
06:08:40 PM     all     25.06      0.00      0.00      0.00      0.00      0.25      0.25      0.00      0.00     74.44
06:08:41 PM     all     25.13      0.00      1.01      0.00      0.00      0.50      0.00      0.00      0.00     73.37
06:08:42 PM     all     24.69      0.00      0.25      0.00      0.00      0.25      0.00      0.00      0.00     74.81
06:08:43 PM     all     24.87      0.00      0.25      0.00      0.00      0.25      0.25      0.00      0.00     74.37
06:08:44 PM     all     24.62      0.00      0.50      0.00      0.00      0.25      0.00      0.00      0.00     74.62
06:08:45 PM     all     24.87      0.00      0.25      0.00      0.00      0.25      0.00      0.00      0.00     74.62
06:08:46 PM     all     17.00      0.00      0.50      0.25      0.00      1.00      0.50      0.00      0.00     80.75
06:08:47 PM     all     25.06      0.00      0.25      0.00      0.00      0.25      0.00      0.00      0.00     74.44
06:08:48 PM     all     24.62      0.00      0.50      0.00      0.00      0.25      0.00      0.00      0.00     74.62
06:08:49 PM     all     24.56      0.00      0.50      0.00      0.00      0.25      0.25      0.00      0.00     74.44
06:08:50 PM     all     24.75      0.00      0.50      0.00      0.00      0.50      0.00      0.00      0.00     74.25
06:08:51 PM     all     24.94      0.00      1.51      1.01      0.00      0.25      0.00      0.00      0.00     72.29
06:08:52 PM     all     24.81      0.00      0.25      0.00      0.00      0.25      0.25      0.00      0.00     74.44
06:08:53 PM     all     24.87      0.00      0.50      0.00      0.00      0.25      0.00      0.00      0.00     74.37
06:08:54 PM     all     24.81      0.00      0.25      0.00      0.00      0.25      0.25      0.00      0.00     74.44
06:08:55 PM     all     24.62      0.00      0.25      0.00      0.00      0.50      0.00      0.00      0.00     74.62
06:08:56 PM     all     25.19      0.00      0.25      0.00      0.00      0.25      0.00      0.00      0.00     74.31
06:08:57 PM     all     24.31      0.00      1.00      0.00      0.00      0.25      0.00      0.00      0.00     74.44
06:08:58 PM     all     25.06      0.00      1.00      0.00      0.00      0.25      0.25      0.00      0.00     73.43
06:08:59 PM     all     18.39      0.00      0.50      0.00      0.00      0.76      0.25      0.00      0.00     80.10
06:09:00 PM     all     25.56      0.00      0.50      0.00      0.00      0.25      0.00      0.00      0.00     73.68
06:09:01 PM     all     24.87      0.00      1.01      0.25      0.00      0.50      0.25      0.00      0.00     73.12
06:09:02 PM     all     25.19      0.00      0.00      0.00      0.00      0.25      0.00      0.00      0.00     74.56
06:09:03 PM     all     24.56      0.00      1.00      0.00      0.00      0.25      0.00      0.00      0.00     74.19
06:09:04 PM     all     24.87      0.00      0.25      0.00      0.00      0.25      0.25      0.00      0.00     74.37
06:09:05 PM     all     24.94      0.00      0.25      0.00      0.00      0.25      0.00      0.00      0.00     74.56
06:09:06 PM     all     24.62      0.00      0.50      0.25      0.00      0.25      0.00      0.00      0.00     74.37
06:09:07 PM     all     24.94      0.00      0.50      0.00      0.00      0.50      0.00      0.00      0.00     74.06
06:09:08 PM     all     25.19      0.00      0.50      0.00      0.00      0.25      0.25      0.00      0.00     73.80
06:09:09 PM     all     25.06      0.00      0.50      0.00      0.00      0.25      0.00      0.00      0.00     74.19
06:09:10 PM     all     24.94      0.00      0.50      0.00      0.00      0.25      0.25      0.00      0.00     74.06
06:09:11 PM     all     24.50      0.00      1.00      0.25      0.00      0.50      0.00      0.00      0.00     73.75
06:09:12 PM     all     20.70      0.00      1.00      0.00      0.00      0.75      0.25      0.00      0.00     77.31
06:09:13 PM     all     25.12      0.00      1.00      0.00      0.00      0.25      0.00      0.00      0.00     73.63
06:09:14 PM     all     24.26      0.00      1.73      0.00      0.00      0.25      0.25      0.00      0.00     73.51
06:09:15 PM     all     24.75      0.00      1.73      0.00      0.00      0.25      0.00      0.00      0.00     73.27
06:09:16 PM     all     24.20      0.00      2.47      0.00      0.00      0.25      0.25      0.00      0.00     72.84
06:09:17 PM     all     24.57      0.00      3.19      0.00      0.00      0.49      0.00      0.00      0.00     71.74
06:09:18 PM     all     24.69      0.00      1.98      0.00      0.00      0.25      0.00      0.00      0.00     73.09
06:09:19 PM     all     23.82      0.00      2.23      0.00      0.00      0.25      0.25      0.00      0.00     73.45
06:09:20 PM     all     24.44      0.00      1.75      0.00      0.00      0.25      0.00      0.00      0.00     73.57
06:09:21 PM     all     25.00      0.00      0.75      0.25      0.00      0.50      0.00      0.00      0.00     73.50
06:09:22 PM     all     24.56      0.00      0.50      0.00      0.00      0.25      0.25      0.00      0.00     74.44
06:09:23 PM     all     24.69      0.00      0.50      0.00      0.00      0.25      0.00      0.00      0.00     74.56
06:09:24 PM     all     24.62      0.00      0.50      0.00      0.00      0.25      0.00      0.00      0.00     74.62
06:09:25 PM     all      9.05      0.00      0.00      0.00      0.00      0.25      0.25      0.00      0.00     90.45
06:09:26 PM     all      0.00      0.00      0.25      0.00      0.00      0.25      0.00      0.00      0.00     99.50
06:09:27 PM     all      0.00      0.00      0.50      1.26      0.00      0.00      0.25      0.00      0.00     97.99
06:09:28 PM     all      0.00      0.00      0.25      0.00      0.00      0.25      0.00      0.00      0.00     99.50
06:09:29 PM     all      0.00      0.00      0.00      0.00      0.00      0.00      0.00      0.00      0.00    100.00
06:09:30 PM     all      0.25      0.00      0.00      0.00      0.00      0.00      0.00      0.00      0.00     99.75
06:09:31 PM     all      0.25      0.00      0.50      0.25      0.00      0.25      0.00      0.00      0.00     98.75
06:09:32 PM     all      0.00      0.00      0.25      0.00      0.00      0.00      0.25      0.00      0.00     99.50
06:09:33 PM     all      0.00      0.00      0.25      0.00      0.00      0.25      0.00      0.00      0.00     99.50
06:09:34 PM     all      0.00      0.00      0.50      0.00      0.00      0.00      0.00      0.00      0.00     99.50
