Linux 4.9.253-tegra (nano-desktop) 	10/18/2023 	_aarch64_	(4 CPU)

06:03:57 PM kbmemfree   kbavail kbmemused  %memused kbbuffers  kbcached  kbcommit   %commit  kbactive   kbinact   kbdirty  kbanonpg    kbslab  kbkstack   kbpgtbl  kbvmused
06:03:58 PM    192960   2699684   3866280     95.25     95260   2088948   4819536     79.15   1059868   1705536      1512    592228    204304      8848     13484         0
06:03:59 PM    192464   2699204   3866776     95.26     95260   2088968   4819536     79.15   1060488   1705552      1540    592956    204304      8848     13488         0
06:04:00 PM    191968   2698708   3867272     95.27     95260   2088968   4819536     79.15   1060992   1705552      1540    593508    204304      8848     13488         0
06:04:01 PM    190356   2697096   3868884     95.31     95260   2088968   4819536     79.15   1062504   1705552      1540    595136    204304      8848     13492         0
06:04:02 PM    184916   2691656   3874324     95.44     95264   2088964   4824076     79.23   1068264   1705552      2092    600692    204304      8864     13500         0
06:04:03 PM    187968   2694724   3871272     95.37     95264   2088972   4824076     79.23   1065400   1705564      2092    597712    204304      8864     13504         0
06:04:04 PM    183876   2690768   3875364     95.47     95264   2089120   4824856     79.24   1069824   1705700      2236    602248    204304      8864     13504         0
06:04:05 PM    183752   2690656   3875488     95.47     95264   2089120   4824988     79.24   1069812   1705712      2236    602248    204304      8864     13504         0
06:04:06 PM    184124   2691028   3875116     95.46     95264   2089120   4824988     79.24   1069828   1705712      2236    602232    204304      8864     13504         0
06:04:07 PM    193176   2700080   3866064     95.24     95264   2089124   4824988     79.24   1060444   1705712      2240    592864    204304      8864     13504         0
06:04:08 PM    183256   2690168   3875984     95.49     95268   2089124   4824988     79.24   1069780   1705716      2556    602172    204304      8864     13492         0
06:04:09 PM    186220   2693140   3873020     95.41     95268   2089140   4826804     79.27   1067520   1705724      2572    599920    204304      8864     13484         0
06:04:10 PM    182808   2689736   3876432     95.50     95268   2089140   4828620     79.30   1071320   1705732      2572    603732    204304      8864     13512         0
06:04:11 PM    180948   2687880   3878292     95.54     95268   2089144   4832252     79.36   1073200   1705736      2576    605608    204304      8864     13520         0
06:04:12 PM    177104   2684040   3882136     95.64     95268   2089148   4832252     79.36   1077036   1705740      2580    609452    204304      8864     13520         0
06:04:13 PM    181072   2688008   3878168     95.54     95272   2089148   4832252     79.36   1073092   1705740      2596    605612    204304      8864     13520         0
06:04:14 PM    181072   2688008   3878168     95.54     95272   2089148   4832252     79.36   1073080   1705740      2596    605512    204304      8864     13520         0
06:04:15 PM    175864   2682804   3883376     95.67     95272   2089164   4832252     79.36   1078304   1705744      2612    610620    204304      8864     13520         0
06:04:16 PM    174624   2681572   3884616     95.70     95272   2089168   4832252     79.36   1079468   1705748      2616    611892    204304      8864     13524         0
06:04:17 PM    182836   2689796   3876404     95.50     95272   2089168   4840444     79.50   1070664   1705760      2616    603100    204304      8896     13524         0
06:04:18 PM    182788   2689752   3876452     95.50     95276   2089168   4840700     79.50   1070892   1705764      2672    603308    204304      8896     13524         0
06:04:19 PM    182168   2689132   3877072     95.51     95276   2089168   4840700     79.50   1071860   1705760      2672    604308    204304      8896     13524         0
06:04:20 PM    180804   2687768   3878436     95.55     95280   2089184   4840700     79.50   1072924   1705760      2688    605340    204304      8896     13528         0
06:04:21 PM    175100   2682160   3884140     95.69     95280   2089276   4839636     79.48   1078644   1705852      2764    611096    204304      8896     13536         0
06:04:22 PM    173612   2680672   3885628     95.72     95280   2089276   4839636     79.48   1080112   1705852      2764    612636    204304      8896     13540         0
06:04:23 PM    175968   2683028   3883272     95.67     95284   2089276   4839636     79.48   1077260   1705852      2840    609708    204304      8896     13540         0
06:04:24 PM    175348   2682412   3883892     95.68     95284   2089276   4839636     79.48   1077280   1705852      2840    609676    204304      8896     13540         0
06:04:25 PM    175348   2682420   3883892     95.68     95284   2089284   4839636     79.48   1077280   1705860      2848    609676    204304      8896     13540         0
06:04:26 PM    175224   2682336   3884016     95.68     95284   2089308   4839636     79.48   1077344   1705900      2872    609708    204304      8896     13540         0
06:04:27 PM    174852   2681964   3884388     95.69     95284   2089308   4839636     79.48   1077376   1705900      2872    609688    204304      8896     13540         0
06:04:28 PM    174800   2681912   3884440     95.69     95288   2089308   4839636     79.48   1077432   1705900       320    609764    204472      8896     13540         0
06:04:29 PM    174864   2681976   3884376     95.69     95288   2089308   4839636     79.48   1077332   1705900       232    609692    204376      8896     13540         0
06:04:30 PM    174368   2681480   3884872     95.70     95288   2089312   4839636     79.48   1077348   1705900       236    609708    204376      8896     13540         0
06:04:31 PM    174292   2681416   3884948     95.71     95288   2089316   4839768     79.49   1077336   1705908       424    609692    204376      8896     13540         0
06:04:32 PM    174340   2681464   3884900     95.71     95288   2089316   4839768     79.49   1077364   1705908       408    609736    204376      8896     13540         0
06:04:33 PM    174464   2681588   3884776     95.70     95288   2089316   4839768     79.49   1077364   1705908       516    609784    204368      8896     13520         0
06:04:34 PM    180932   2688060   3878308     95.54     95288   2089320   4839768     79.49   1071204   1705912       512    603592    204368      8896     13528         0
06:04:35 PM    183596   2690724   3875644     95.48     95288   2089320   4839768     79.49   1069456   1705912       512    602012    204368      8896     13536         0
06:04:36 PM    173224   2680352   3886016     95.73     95288   2089320   4841048     79.51   1079948   1705912       512    612312    204368      8896     13516         0
06:04:37 PM    180476   2687608   3878764     95.55     95288   2089324   4850520     79.66   1072456   1705916       552    604968    204368      8912     13544         0
06:04:38 PM    179872   2687004   3879368     95.57     95296   2089324   4850520     79.66   1072828   1705916       552    605176    204368      8912     13544         0
06:04:39 PM    179936   2687072   3879304     95.57     95296   2089332   4850520     79.66   1073112   1705916       444    605472    204304      8912     13544         0
06:04:40 PM    179440   2686588   3879800     95.58     95296   2089332   4850520     79.66   1073592   1705924       444    606032    204304      8912     13544         0
06:04:41 PM    179068   2686216   3880172     95.59     95296   2089332   4850520     79.66   1074164   1705924       444    606572    204304      8912     13544         0
06:04:42 PM    173240   2680388   3886000     95.73     95296   2089332   4850520     79.66   1079712   1705924       444    612144    204304      8912     13552         0
06:04:43 PM    174232   2681404   3885008     95.71     95300   2089352   4850520     79.66   1078384   1705944       608    610760    204304      8912     13556         0
06:04:44 PM    174232   2681404   3885008     95.71     95300   2089352   4848216     79.62   1078416   1705944       604    610744    204304      8912     13556         0
06:04:45 PM    174852   2682028   3884388     95.69     95300   2089356   4848216     79.62   1078416   1705948       608    610744    204304      8912     13556         0
06:04:46 PM    173612   2680788   3885628     95.72     95300   2089356   4848348     79.63   1078416   1705948       608    610744    204304      8912     13556         0
06:04:47 PM    173612   2680788   3885628     95.72     95300   2089360   4848348     79.63   1078400   1705948       612    610760    204304      8912     13556         0
06:04:48 PM    173612   2680792   3885628     95.72     95304   2089364   4848348     79.63   1078424   1705952       668    610788    204304      8912     13556         0
06:04:49 PM    173612   2680796   3885628     95.72     95304   2089364   4848348     79.63   1078428   1705952       656    610788    204304      8912     13556         0
06:04:50 PM    173116   2680304   3886124     95.74     95304   2089364   4848348     79.63   1078448   1705956       656    610788    204304      8912     13556         0
06:04:51 PM    173116   2680304   3886124     95.74     95304   2089364   4848348     79.63   1078432   1705956       656    610788    204304      8912     13556         0
06:04:52 PM    173116   2680308   3886124     95.74     95304   2089372   4848348     79.63   1078448   1705960       664    610788    204304      8912     13556         0
06:04:53 PM    173116   2680308   3886124     95.74     95304   2089372   4848092     79.62   1078532   1705960       668    610844    204304      8912     13556         0
06:04:54 PM    173020   2680224   3886220     95.74     95304   2089396   4848092     79.62   1078464   1705972         0    610848    204400      8912     13556         0
06:04:55 PM    172400   2679620   3886840     95.75     95304   2089396   4848092     79.62   1079988   1705988        16    612360    204400      8912     13556         0
06:04:56 PM    174460   2681684   3884780     95.70     95304   2089400   4848092     79.62   1078348   1705992        20    610744    204400      8912     13556         0
06:04:57 PM    174660   2681884   3884580     95.70     95304   2089400   4858844     79.80   1077504   1705992        20    609852    204400      8912     13564         0
06:04:58 PM    175108   2682336   3884132     95.69     95308   2089400   4855004     79.74   1077540   1705992       124    609944    204400      8912     13564         0
06:04:59 PM    174984   2682244   3884256     95.69     95308   2089432   4855004     79.74   1077808   1706024       424    610196    204400      8912     13564         0
06:05:00 PM    180316   2687576   3878924     95.56     95308   2089432   4855260     79.74   1070208   1706024       424    596380    204400      8912     13552         0
06:05:01 PM    172924   2680188   3886316     95.74     95308   2089444   4855964     79.75   1078876   1706036       436    611252    204400      8912     13532         0
06:05:02 PM    168708   2675972   3890532     95.84     95308   2089444   4856496     79.76   1083152   1706036       436    615516    204400      8912     13564         0
06:05:03 PM    172412   2679680   3886828     95.75     95316   2089444   4856496     79.76   1079488   1706036       624    611860    204400      8928     13568         0
06:05:04 PM    172784   2680056   3886456     95.74     95316   2089444   4856496     79.76   1078864   1706036       624    611224    204400      8928     13568         0
06:05:05 PM    172724   2680088   3886516     95.74     95316   2089536   4856760     79.76   1078892   1706124       368    611132    204340      8928     13568         0
06:05:06 PM    168260   2675624   3890980     95.85     95316   2089540   4856760     79.76   1084104   1706124       388    616468    204340      8928     13568         0
06:05:07 PM    168260   2675628   3890980     95.85     95316   2089540   4856760     79.76   1084120   1706128       388    616468    204340      8928     13568         0
06:05:08 PM    172476   2679844   3886764     95.75     95316   2089540   4856760     79.76   1079844   1706128       728    612220    204340      8928     13568         0
06:05:09 PM    168460   2675836   3890780     95.85     95316   2089544   4857184     79.77   1084132   1706136       732    616468    204340      8928     13568         0
06:05:10 PM    173172   2680548   3886068     95.73     95316   2089552   4857184     79.77   1078928   1706136       800    611148    204340      8928     13568         0
06:05:11 PM    173156   2680556   3886084     95.73     95316   2089552   4857184     79.77   1078904   1706144       800    611160    204356      8928     13568         0
06:05:12 PM    173232   2680632   3886008     95.73     95316   2089552   4856548     79.76   1078924   1706144       800    611284    204356      8928     13568         0
06:05:13 PM    173232   2680632   3886008     95.73     95316   2089552   4856548     79.76   1079048   1706144       824    611408    204356      8928     13568         0
06:05:14 PM    173232   2680632   3886008     95.73     95316   2089556   4856548     79.76   1079420   1706144       828    611764    204356      8928     13568         0
06:05:15 PM    171000   2678400   3888240     95.79     95316   2089556   4856548     79.76   1081132   1706144       828    613512    204356      8928     13572         0
06:05:16 PM    170008   2677412   3889232     95.81     95316   2089564   4856548     79.76   1082608   1706148       860    614976    204356      8928     13568         0
06:05:17 PM    174456   2681868   3884784     95.70     95316   2089564   4864740     79.90   1077660   1706156       860    609956    204356      8928     13568         0
06:05:18 PM    174456   2681868   3884784     95.70     95324   2089564   4863716     79.88   1077664   1706156       868    609996    204356      8944     13576         0
06:05:19 PM    186744   2694156   3872496     95.40     95324   2089568   4863716     79.88   1065376   1706156       872    597708    204356      8944     13576         0
06:05:20 PM    173388   2680820   3885852     95.73     95324   2089572   4864228     79.89   1078280   1706164         0    610616    204360      8944     13568         0
06:05:21 PM    172892   2680324   3886348     95.74     95324   2089576   4864228     79.89   1079480   1706164       184    611996    204360      8944     13576         0
06:05:22 PM    166368   2673808   3892872     95.90     95324   2089580   4864228     79.89   1085812   1706172       300    618176    204360      8944     13584         0
06:05:23 PM    166492   2673936   3892748     95.90     95332   2089584   4864228     79.89   1085816   1706176       476    618212    204360      8944     13588         0
06:05:24 PM    166492   2673936   3892748     95.90     95332   2089584   4864228     79.89   1085816   1706176       476    618196    204360      8944     13588         0
06:05:25 PM    172508   2679956   3886732     95.75     95332   2089584   4864228     79.89   1079872   1706176       476    612224    204360      8944     13572         0
06:05:26 PM    170708   2678160   3888532     95.79     95332   2089584   4864740     79.90   1081992   1706176       476    614344    204360      8944     13588         0
06:05:27 PM    176608   2684068   3882632     95.65     95332   2089592   4864740     79.90   1075664   1706184       532    608036    204360      8944     13588         0
06:05:28 PM    176980   2684448   3882260     95.64     95340   2089596   4864740     79.90   1075708   1706184       600    608020    204360      8944     13588         0
06:05:29 PM    170660   2678132   3888580     95.80     95340   2089596   4864740     79.90   1081928   1706188       600    614384    204360      8944     13588         0
06:05:30 PM    167188   2674660   3892052     95.88     95340   2089596   4864740     79.90   1085500   1706188       600    617864    204360      8944     13588         0
06:05:31 PM    170660   2678132   3888580     95.80     95340   2089596   4864740     79.90   1081608   1706188       600    613940    204360      8944     13588         0
06:05:32 PM    166444   2673920   3892796     95.90     95340   2089604   4864740     79.90   1085876   1706192       608    618292    204360      8944     13588         0
06:05:33 PM    166940   2674444   3892300     95.89     95348   2089628   4864740     79.90   1085972   1706216       676    618320    204360      8944     13588         0
06:05:34 PM    166940   2674444   3892300     95.89     95348   2089628   4864740     79.90   1085972   1706216       676    618320    204360      8944     13588         0
06:05:35 PM    166940   2674444   3892300     95.89     95348   2089628   4864740     79.90   1085972   1706216       676    618320    204360      8944     13588         0
06:05:36 PM    168008   2675520   3891232     95.86     95348   2089632   4864872     79.90   1084700   1706220         0    616940    204364      8944     13588         0
06:05:37 PM    166768   2674280   3892472     95.89     95348   2089632   4864872     79.90   1085840   1706220        16    618208    204364      8944     13588         0
06:05:38 PM    173680   2681208   3885560     95.72     95356   2089640   4864872     79.90   1078460   1706232       408    610784    204364      8944     13588         0
06:05:39 PM    173604   2681132   3885636     95.72     95356   2089644   4865128     79.90   1078472   1706232       412    610784    204364      8944     13588         0
06:05:40 PM    173032   2680560   3886208     95.74     95356   2089644   4867176     79.94   1078456   1706232       412    610768    204364      8944     13588         0
06:05:41 PM    173032   2680568   3886208     95.74     95356   2089648   4867176     79.94   1078464   1706232       416    610768    204364      8944     13588         0
06:05:42 PM    185320   2692856   3873920     95.43     95356   2089648   4867176     79.94   1066176   1706232       416    598480    204364      8944     13588         0
06:05:43 PM    173032   2680568   3886208     95.74     95360   2089648   4867176     79.94   1078464   1706232       544    610784    204364      8944     13588         0
06:05:44 PM    173032   2680592   3886208     95.74     95360   2089664   4863592     79.88   1078476   1706256       600    610812    204364      8944     13588         0
06:05:45 PM    173032   2680592   3886208     95.74     95360   2089668   4863592     79.88   1078476   1706256       604    610812    204364      8944     13588         0
06:05:46 PM    173156   2680720   3886084     95.73     95360   2089668   4863592     79.88   1078476   1706260       604    610796    204364      8944     13588         0
06:05:47 PM    173156   2680724   3886084     95.73     95360   2089672   4863592     79.88   1078476   1706260         0    610780    204368      8944     13588         0
