Linux 4.9.253-tegra (nano-desktop) 	10/18/2023 	_aarch64_	(4 CPU)

06:07:53 PM kbmemfree   kbavail kbmemused  %memused kbbuffers  kbcached  kbcommit   %commit  kbactive   kbinact   kbdirty  kbanonpg    kbslab  kbkstack   kbpgtbl  kbvmused
06:07:54 PM    256432   2760224   3802808     93.68     95568   2084844   4707236     77.31   1005396   1699212       108    535296    202944      8720     13060         0
06:07:55 PM    254572   2758368   3804668     93.73     95572   2084844   4707236     77.31   1007596   1699212      1232    537524    202944      8720     13068         0
06:07:56 PM    249008   2752804   3810232     93.87     95572   2084844   4711400     77.38   1012828   1699212      1232    542732    202944      8720     13076         0
06:07:57 PM    248000   2751796   3811240     93.89     95572   2084844   4711400     77.38   1014368   1699212      1232    544296    202944      8720     13080         0
06:07:58 PM    251968   2755764   3807272     93.79     95572   2084844   4711400     77.38   1010056   1699212      1232    539848    202944      8720     13080         0
06:07:59 PM    251704   2755504   3807536     93.80     95572   2084848   4711400     77.38   1010544   1699212       132    540392    202944      8720     13080         0
06:08:00 PM    248248   2752048   3810992     93.88     95580   2084848   4711400     77.38   1014468   1699212       104    544296    202944      8720     13080         0
06:08:01 PM    252216   2756020   3807024     93.79     95580   2084848   4711400     77.38   1009936   1699212       104    539864    202944      8720     13080         0
06:08:02 PM    252216   2756020   3807024     93.79     95580   2084848   4711400     77.38   1010552   1699212       104    540392    202944      8720     13080         0
06:08:03 PM    248124   2751928   3811116     93.89     95580   2084852   4711400     77.38   1014472   1699212       108    544296    202944      8720     13080         0
06:08:04 PM    250728   2754864   3808512     93.82     95580   2085184   4711400     77.38   1010848   1699516       436    540676    202976      8720     13084         0
06:08:05 PM    245460   2749640   3813780     93.95     95588   2085184   4711400     77.38   1016620   1699548      1536    546556    202912      8720     13084         0
06:08:06 PM    252336   2756516   3806904     93.78     95588   2085184   4711400     77.38   1008792   1699548      1536    538740    202912      8720     13088         0
06:08:07 PM    251332   2755512   3807908     93.81     95588   2085188   4711400     77.38   1010016   1699548      1472    539884    202912      8736     13088         0
06:08:08 PM    249100   2753284   3810140     93.86     95588   2085192   4711400     77.38   1012116   1699552      1476    541972    202912      8736     13092         0
06:08:09 PM    246992   2751180   3812248     93.92     95588   2085196   4711400     77.38   1013984   1699556      1512    543728    202912      8736     13104         0
06:08:10 PM    246992   2751180   3812248     93.92     95588   2085196   4711400     77.38   1014480   1699556      1568    544336    202912      8736     13104         0
06:08:11 PM    243024   2747212   3816216     94.01     95588   2085196   4711400     77.38   1018480   1699556      1568    548328    202912      8736     13104         0
06:08:12 PM    243148   2747340   3816092     94.01     95588   2085200   4711400     77.38   1018480   1699560      1572    548328    202912      8736     13104         0
06:08:13 PM    247116   2751308   3812124     93.91     95588   2085200   4711400     77.38   1014528   1699560      1572    544388    202912      8736     13104         0
06:08:14 PM    247116   2751312   3812124     93.91     95588   2085200   4711400     77.38   1014556   1699564      1572    544424    202912      8736     13104         0
06:08:15 PM    243272   2747468   3815968     94.01     95592   2085196   4711400     77.38   1018516   1699564       392    548328    202912      8736     13104         0
06:08:16 PM    246992   2751188   3812248     93.92     95592   2085196   4711400     77.38   1014052   1699564       392    543728    202912      8736     13104         0
06:08:17 PM    246868   2751096   3812372     93.92     95592   2085240   4711400     77.38   1014628   1699596       448    544456    202912      8736     13104         0
06:08:18 PM    244264   2748492   3814976     93.98     95592   2085240   4715500     77.44   1017032   1699596       448    546820    202912      8736     13104         0
06:08:19 PM    248752   2752992   3810488     93.87     95592   2085240   4715500     77.44   1012576   1699604       448    542360    202912      8736     13104         0
06:08:20 PM    248616   2752856   3810624     93.88     95592   2085240   4715500     77.44   1012792   1699604        48    542596    202976      8752     13108         0
06:08:21 PM    247624   2751864   3811616     93.90     95592   2085248   4715500     77.44   1013744   1699604       312    543564    202976      8752     13108         0
06:08:22 PM    243284   2747532   3815956     94.01     95592   2085248   4715500     77.44   1018084   1699612       312    547844    202976      8752     13116         0
06:08:23 PM    242788   2747036   3816452     94.02     95592   2085248   4715500     77.44   1018040   1699608       312    547864    202976      8752     13120         0
06:08:24 PM    242044   2746344   3817196     94.04     95592   2085308   4715500     77.44   1018108   1699660       508    547908    202976      8752     13120         0
06:08:25 PM    241672   2745980   3817568     94.05     95600   2085300   4715500     77.44   1018128   1699668       508    547940    202976      8752     13120         0
06:08:26 PM    241672   2745980   3817568     94.05     95600   2085316   4715500     77.44   1018128   1699668       572    547880    202976      8752     13120         0
06:08:27 PM    241548   2745856   3817692     94.05     95600   2085316   4715500     77.44   1018128   1699668       572    547852    202976      8752     13120         0
06:08:28 PM    241548   2745856   3817692     94.05     95600   2085316   4715500     77.44   1018128   1699668       572    547824    202976      8752     13120         0
06:08:29 PM    241548   2745856   3817692     94.05     95600   2085316   4715500     77.44   1018128   1699668       572    547888    202976      8752     13120         0
06:08:30 PM    241504   2745792   3817736     94.05     95608   2085236   4723212     77.57   1018136   1699604       576    547908    203044      8704     13120         0
06:08:31 PM    240636   2744932   3818604     94.07     95608   2085244   4723212     77.57   1019604   1699604       576    549456    203044      8704     13120         0
06:08:32 PM    245000   2749416   3814240     93.96     95608   2085292   4719256     77.51   1015660   1699652       640    545476    203116      8704     13120         0
06:08:33 PM    245112   2749528   3814128     93.96     95608   2085292   4719256     77.51   1015892   1699652       640    545708    203116      8720     13124         0
06:08:34 PM    244368   2748784   3814872     93.98     95608   2085292   4719256     77.51   1016404   1699652       640    546188    203116      8720     13124         0
06:08:35 PM    238788   2743212   3820452     94.12     95612   2085296   4719256     77.51   1022284   1699660       656    552180    203116      8720     13128         0
06:08:36 PM    239656   2744080   3819584     94.10     95616   2085300   4719256     77.51   1021560   1699660       916    551400    203116      8720     13128         0
06:08:37 PM    244244   2748668   3814996     93.98     95616   2085300   4719256     77.51   1016856   1699660       916    546716    203116      8720     13128         0
06:08:38 PM    239532   2743960   3819708     94.10     95616   2085300   4719256     77.51   1021536   1699660       916    551344    203116      8720     13128         0
06:08:39 PM    239532   2743960   3819708     94.10     95616   2085304   4719256     77.51   1021612   1699660       920    551400    203116      8720     13128         0
06:08:40 PM    244244   2748672   3814996     93.98     95624   2085296   4719256     77.51   1016796   1699660       920    546596    203116      8720     13128         0
06:08:41 PM    243500   2747944   3815740     94.00     95624   2085312   4719256     77.51   1017464   1699676       956    547300    203116      8720     13128         0
06:08:42 PM    239408   2743852   3819832     94.10     95624   2085312   4719256     77.51   1021636   1699676       956    551424    203116      8720     13128         0
06:08:43 PM    244120   2748564   3815120     93.99     95624   2085316   4719256     77.51   1016428   1699676       960    546084    203116      8720     13128         0
06:08:44 PM    241888   2746332   3817352     94.04     95624   2085316   4719256     77.51   1018864   1699676       960    548648    203116      8720     13128         0
06:08:45 PM    239408   2743852   3819832     94.10     95628   2085312   4719256     77.51   1021708   1699676       960    551480    203116      8720     13128         0
06:08:46 PM    245344   2749812   3813896     93.96     95628   2085324   4723872     77.58   1015664   1699684       384    545424    203116      8736     13132         0
06:08:47 PM    245468   2749936   3813772     93.95     95628   2085324   4723872     77.58   1015832   1699684       384    545636    203116      8736     13132         0
06:08:48 PM    239640   2744108   3819600     94.10     95628   2085332   4723872     77.58   1021820   1699684       392    551588    203116      8736     13140         0
06:08:49 PM    238648   2743116   3820592     94.12     95628   2085332   4723872     77.58   1023384   1699684       392    553148    203116      8736     13144         0
06:08:50 PM    238648   2743116   3820592     94.12     95632   2085328   4723872     77.58   1023384   1699684       392    553148    203116      8736     13144         0
06:08:51 PM    242368   2746852   3816872     94.03     95636   2085340   4723872     77.58   1019472   1699696       336    549288    203116      8736     13144         0
06:08:52 PM    238524   2743008   3820716     94.12     95636   2085344   4723872     77.58   1023316   1699696       352    553132    203116      8736     13144         0
06:08:53 PM    238524   2743008   3820716     94.12     95636   2085344   4723872     77.58   1023392   1699696       356    553196    203116      8736     13144         0
06:08:54 PM    242492   2746976   3816748     94.03     95636   2085344   4723872     77.58   1019424   1699696       356    549216    203116      8736     13144         0
06:08:55 PM    240136   2744620   3819104     94.08     95644   2085340   4723872     77.58   1021656   1699696       448    551436    203116      8736     13144         0
06:08:56 PM    238836   2743336   3820404     94.12     95644   2085344   4723872     77.58   1023444   1699704       264    553196    203052      8736     13144         0
06:08:57 PM    240572   2745072   3818668     94.07     95644   2085348   4723872     77.58   1021156   1699704       268    550888    203052      8736     13144         0
06:08:58 PM    238712   2743212   3820528     94.12     95644   2085348   4723872     77.58   1023384   1699704       268    553156    203052      8736     13144         0
06:08:59 PM    244740   2749240   3814500     93.97     95644   2085348   4731552     77.71   1016664   1699704       244    546416    203052      8752     13152         0
06:09:00 PM    244724   2749224   3814516     93.97     95644   2085352   4731552     77.71   1016832   1699704       328    546620    203052      8768     13152         0
06:09:01 PM    240476   2745044   3818764     94.08     95644   2085392   4731552     77.71   1022020   1699740       540    551800    203084      8768     13152         0
06:09:02 PM    238864   2743452   3820376     94.12     95644   2085396   4731552     77.71   1023512   1699756       544    553292    203084      8768     13156         0
06:09:03 PM    238244   2742832   3820996     94.13     95644   2085400   4731552     77.71   1023592   1699756       552    553368    203084      8768     13160         0
06:09:04 PM    242956   2747548   3816284     94.01     95644   2085400   4731552     77.71   1019124   1699760       552    548768    203084      8768     13160         0
06:09:05 PM    242956   2747548   3816284     94.01     95648   2085396   4731552     77.71   1019084   1699760       552    548812    203084      8768     13160         0
06:09:06 PM    238988   2743580   3820252     94.11     95648   2085408   4731552     77.71   1023620   1699760       736    553368    203084      8768     13160         0
06:09:07 PM    238988   2743580   3820252     94.11     95648   2085408   4731552     77.71   1023620   1699760       736    553368    203084      8768     13160         0
06:09:08 PM    242832   2747424   3816408     94.02     95648   2085408   4731552     77.71   1019156   1699760       736    548756    203084      8768     13160         0
06:09:09 PM    242832   2747424   3816408     94.02     95648   2085412   4731552     77.71   1019456   1699760       756    549204    203084      8768     13160         0
06:09:10 PM    238988   2743580   3820252     94.11     95652   2085412   4731552     77.71   1023620   1699760       796    553388    203084      8768     13160         0
06:09:11 PM    240476   2745072   3818764     94.08     95652   2085412   4731552     77.71   1022112   1699764       796    551884    203084      8768     13160         0
06:09:12 PM    245280   2749896   3813960     93.96     95652   2085416   4749348     78.00   1016608   1699776       704    546360    203084      8800     13176         0
06:09:13 PM    245156   2749772   3814084     93.96     95652   2085416   4749348     78.00   1016768   1699776       704    546564    203084      8800     13176         0
06:09:14 PM    238832   2743448   3820408     94.12     95652   2085416   4749348     78.00   1022976   1699776       704    552756    203084      8800     13176         0
06:09:15 PM    239576   2744192   3819664     94.10     95656   2085416   4749348     78.00   1021596   1699776       708    551340    203084      8800     13188         0
06:09:16 PM    239576   2744192   3819664     94.10     95656   2085420   4749348     78.00   1021596   1699776       712    551340    203084      8800     13188         0
06:09:17 PM    239576   2744212   3819664     94.10     95656   2085440   4749348     78.00   1021636   1699792       748    551408    203084      8800     13188         0
06:09:18 PM    239576   2744212   3819664     94.10     95656   2085440   4749348     78.00   1021636   1699792       748    551376    203084      8800     13188         0
06:09:19 PM    238336   2742980   3820904     94.13     95656   2085444   4749348     78.00   1021660   1699800       752    551376    203084      8800     13188         0
06:09:20 PM    235824   2740500   3823416     94.19     95660   2085452   4749348     78.00   1024628   1699800       772    554392    203116      8800     13188         0
06:09:21 PM    238180   2742876   3821060     94.13     95660   2085456   4749348     78.00   1021680   1699816       868    551392    203116      8800     13188         0
06:09:22 PM    238180   2742876   3821060     94.13     95660   2085456   4749348     78.00   1021680   1699816       776    551392    203116      8800     13188         0
06:09:23 PM    238304   2743000   3820936     94.13     95660   2085456   4749348     78.00   1021680   1699816       792    551392    203116      8800     13188         0
06:09:24 PM    236072   2740768   3823168     94.18     95660   2085460   4753444     78.07   1024488   1699816       796    554204    203116      8800     13188         0
06:09:25 PM    240380   2745076   3818860     94.08     95664   2085460   4749348     78.00   1019184   1699816       800    548896    203116      8800     13188         0
06:09:26 PM    240504   2745200   3818736     94.08     95664   2085460   4749348     78.00   1019184   1699816       800    548896    203116      8800     13188         0
06:09:27 PM    240496   2745192   3818744     94.08     95664   2085460   4749348     78.00   1019184   1699816         0    548896    203124      8800     13188         0
06:09:28 PM    240496   2745192   3818744     94.08     95664   2085468   4749348     78.00   1019184   1699816        24    548896    203124      8800     13188         0
06:09:29 PM    240496   2745192   3818744     94.08     95664   2085472   4749348     78.00   1019184   1699816        28    548896    203124      8800     13188         0
06:09:30 PM    240496   2745192   3818744     94.08     95672   2085464   4749348     78.00   1019184   1699816        28    548896    203124      8800     13188         0
06:09:31 PM    240496   2745192   3818744     94.08     95672   2085472   4749348     78.00   1019184   1699816        80    548896    203124      8800     13188         0
06:09:32 PM    240496   2745192   3818744     94.08     95672   2085476   4749348     78.00   1019184   1699816        84    548896    203124      8800     13188         0
06:09:33 PM    240496   2745192   3818744     94.08     95672   2085476   4749348     78.00   1019184   1699816        84    548896    203124      8800     13188         0
06:09:34 PM    240496   2745192   3818744     94.08     95672   2085476   4749348     78.00   1019184   1699816        84    548896    203124      8800     13188         0
