Linux 4.9.253-tegra (nano-desktop) 	10/18/2023 	_aarch64_	(4 CPU)

06:11:07 PM kbmemfree   kbavail kbmemused  %memused kbbuffers  kbcached  kbcommit   %commit  kbactive   kbinact   kbdirty  kbanonpg    kbslab  kbkstack   kbpgtbl  kbvmused
06:11:08 PM    231816   2736508   3827424     94.29     96200   2086820   5418292     88.99   1017692   1701100         0    544940    205732     10304     16716         0
06:11:09 PM    230312   2735292   3828928     94.33     96312   2087012   5418292     88.99   1018948   1701272       508    546080    205732     10320     16720         0
06:11:10 PM    228700   2733788   3830540     94.37     96372   2087044   5418292     88.99   1020688   1701324         0    547712    205732     10320     16728         0
06:11:11 PM    228452   2733608   3830788     94.37     96428   2087056   5418292     88.99   1021016   1701324         0    547996    205732     10320     16728         0
06:11:12 PM    227832   2733044   3831408     94.39     96496   2087044   5418292     88.99   1021616   1701324         0    548652    205732     10320     16728         0
06:11:13 PM    226964   2732228   3832276     94.41     96532   2087060   5418292     88.99   1022556   1701328         0    549408    205732     10320     16728         0
06:11:14 PM    226716   2732044   3832524     94.41     96596   2087060   5418292     88.99   1022672   1701328         4    549528    205732     10320     16728         0
06:11:15 PM    221392   2726832   3837848     94.55     96684   2087092   5422748     89.06   1027648   1701376        88    554392    205728     10320     16736         0
06:11:16 PM    222788   2728332   3836452     94.51     96760   2087112   5422748     89.06   1026280   1701380        48    552904    205696     10320     16740         0
06:11:17 PM    222788   2728364   3836452     94.51     96816   2087096   5422748     89.06   1026308   1701384         0    552904    205696     10320     16740         0
06:11:18 PM    222632   2728288   3836608     94.52     96864   2087100   5422748     89.06   1026368   1701384         4    552904    205716     10336     16740         0
06:11:19 PM    222508   2728208   3836732     94.52     96896   2087112   5422748     89.06   1026412   1701384         0    552904    205716     10336     16740         0
06:11:20 PM    222508   2728232   3836732     94.52     96928   2087108   5422748     89.06   1026436   1701384        12    552904    205716     10336     16740         0
06:11:21 PM    221888   2727696   3837352     94.53     97008   2087108   5422748     89.06   1026520   1701388        28    552940    205716     10336     16740         0
06:11:22 PM    221888   2727876   3837352     94.53     97116   2087184   5422748     89.06   1026676   1701476        44    553004    205716     10336     16740         0
06:11:23 PM    221888   2727956   3837352     94.53     97176   2087200   5422748     89.06   1026756   1701476         8    552972    205716     10336     16740         0
06:11:24 PM    221888   2728024   3837352     94.53     97236   2087208   5422748     89.06   1026824   1701476         0    552972    205716     10336     16740         0
06:11:25 PM    219284   2725472   3839956     94.60     97288   2087208   5422748     89.06   1029728   1701476         4    555948    205716     10336     16740         0
06:11:26 PM    221764   2727992   3837476     94.54     97332   2087204   5422748     89.06   1026912   1701480        16    553004    205716     10336     16740         0
06:11:27 PM    221764   2728060   3837476     94.54     97400   2087204   5422748     89.06   1026980   1701480         0    552972    205716     10336     16740         0
06:11:28 PM    221160   2727612   3838080     94.55     97528   2087224   5422748     89.06   1027168   1701492         0    553024    205724     10320     16744         0
06:11:29 PM    221160   2727660   3838080     94.55     97584   2087216   5422748     89.06   1027220   1701492         0    553028    205724     10320     16744         0
06:11:30 PM    218680   2725216   3840560     94.61     97620   2087216   5422748     89.06   1030108   1701492         0    556004    205724     10320     16744         0
06:11:31 PM    221160   2727760   3838080     94.55     97680   2087232   5422748     89.06   1027312   1701500         4    553028    205724     10320     16744         0
06:11:32 PM    221036   2727688   3838204     94.55     97728   2087224   5422748     89.06   1027364   1701500         0    553060    205724     10320     16744         0
06:11:33 PM    221036   2727724   3838204     94.55     97760   2087228   5422748     89.06   1027400   1701500         0    553028    205724     10320     16744         0
06:11:34 PM    220664   2727484   3838576     94.56     97912   2087208   5422748     89.06   1027560   1701516         0    553104    205724     10320     16744         0
06:11:35 PM    220540   2727456   3838700     94.57     97976   2087252   5422748     89.06   1027644   1701524         4    553108    205728     10320     16744         0
06:11:36 PM    220540   2727532   3838700     94.57     98032   2087256   5422748     89.06   1027724   1701524         8    553076    205728     10320     16744         0
06:11:37 PM    220540   2727568   3838700     94.57     98076   2087252   5422748     89.06   1027760   1701524         0    553076    205728     10320     16744         0
06:11:38 PM    220540   2727600   3838700     94.57     98108   2087248   5422748     89.06   1027792   1701524         0    553076    205728     10320     16744         0
06:11:39 PM    220416   2727532   3838824     94.57     98160   2087252   5422748     89.06   1027848   1701524         0    553076    205728     10320     16744         0
06:11:40 PM    217812   2725008   3841428     94.63     98240   2087260   5422748     89.06   1030892   1701544        24    556196    205728     10320     16744         0
06:11:41 PM    220168   2727444   3839072     94.58     98284   2087288   5422748     89.06   1028128   1701556         4    553228    205728     10320     16744         0
06:11:42 PM    220168   2727464   3839072     94.58     98316   2087284   5422748     89.06   1028148   1701556         0    553228    205728     10320     16744         0
06:11:43 PM    217440   2724776   3841800     94.64     98348   2087284   5422748     89.06   1031040   1701556         0    556204    205728     10320     16744         0
06:11:44 PM    220044   2727436   3839196     94.58     98408   2087280   5422748     89.06   1028240   1701560         4    553228    205728     10320     16744         0
06:11:45 PM    220044   2727508   3839196     94.58     98472   2087288   5422748     89.06   1028312   1701560         4    553228    205728     10320     16744         0
06:11:46 PM    218276   2725840   3840964     94.62     98564   2087296   5426872     89.13   1030272   1701592       104    555268    205760     10320     16744         0
06:11:47 PM    217532   2725216   3841708     94.64     98668   2087316   5426872     89.13   1031328   1701592         0    556056    205760     10320     16748         0
06:11:48 PM    217408   2725168   3841832     94.64     98736   2087320   5426872     89.13   1031904   1701592         4    556572    205760     10320     16748         0
06:11:49 PM    217284   2725112   3841956     94.65     98804   2087324   5426872     89.13   1032404   1701600         8    556996    205760     10320     16748         0
06:11:50 PM    216788   2724676   3842452     94.66     98864   2087324   5426872     89.13   1033340   1701600         4    557888    205760     10320     16748         0
06:11:51 PM    223264   2731216   3835976     94.50     98928   2087320   5434500     89.25   1026392   1701600         0    550860    205760     10352     16748         0
06:11:52 PM    223000   2731016   3836240     94.51     99020   2087292   5434500     89.25   1026488   1701616        76    550908    205760     10368     16748         0
06:11:53 PM    222288   2730456   3836952     94.52     99124   2087352   5434500     89.25   1027172   1701620         4    551484    205728     10368     16748         0
06:11:54 PM    221280   2729540   3837960     94.55     99192   2087336   5434500     89.25   1027932   1701620         0    552264    205756     10368     16748         0
06:11:55 PM    221032   2729368   3838208     94.55     99248   2087356   5434500     89.25   1028376   1701624         4    552512    205756     10368     16748         0
06:11:56 PM    220908   2729256   3838332     94.56     99268   2087348   5434500     89.25   1028532   1701620         8    552704    205756     10368     16748         0
06:11:57 PM    219916   2728304   3839324     94.58     99296   2087360   5434500     89.25   1029556   1701604         4    553624    205756     10368     16748         0
06:11:58 PM    215700   2724124   3843540     94.69     99340   2087352   5434500     89.25   1034052   1701604       176    558208    205756     10368     16748         0
06:11:59 PM    216320   2724864   3842920     94.67     99420   2087396   5434500     89.25   1032968   1701644         0    556948    205756     10368     16760         0
06:12:00 PM    216320   2724896   3842920     94.67     99452   2087400   5434500     89.25   1033000   1701644         0    556916    205756     10368     16760         0
06:12:01 PM    215948   2724560   3843292     94.68     99492   2087388   5434500     89.25   1033036   1701644         4    556916    205756     10368     16760         0
06:12:02 PM    215948   2724644   3843292     94.68     99556   2087408   5434500     89.25   1033112   1701652         0    556916    205756     10368     16760         0
06:12:03 PM    215700   2724448   3843540     94.69     99620   2087396   5434500     89.25   1033164   1701652         0    556916    205756     10368     16760         0
06:12:04 PM    215716   2724540   3843524     94.69     99688   2087404   5434500     89.25   1033240   1701652         4    556916    205756     10352     16760         0
06:12:05 PM    215468   2724452   3843772     94.69     99820   2087424   5434500     89.25   1033416   1701684        40    556972    205764     10352     16760         0
06:12:06 PM    214848   2723908   3844392     94.71     99880   2087440   5434500     89.25   1033488   1701688         4    556972    205764     10352     16760         0
06:12:07 PM    214724   2723836   3844516     94.71     99928   2087444   5434500     89.25   1033540   1701688         0    556972    205764     10352     16760         0
06:12:08 PM    214724   2723860   3844516     94.71     99960   2087436   5434500     89.25   1033564   1701688         8    556972    205764     10352     16760         0
06:12:09 PM    214724   2723884   3844516     94.71     99988   2087432   5434500     89.25   1033704   1701688         4    557028    205764     10352     16760         0
06:12:10 PM    214724   2723912   3844516     94.71    100012   2087436   5434500     89.25   1033616   1701688         0    556972    205764     10352     16760         0
06:12:11 PM    212244   2721496   3846996     94.77    100068   2087448   5434500     89.25   1036564   1701692         4    559984    205764     10352     16760         0
06:12:12 PM    214600   2723888   3844640     94.71    100104   2087444   5434500     89.25   1033756   1701692         4    557016    205764     10352     16760         0
06:12:13 PM    214104   2723432   3845136     94.73    100144   2087444   5434500     89.25   1033796   1701692         0    557048    205764     10352     16760         0
06:12:14 PM    214104   2723472   3845136     94.73    100184   2087444   5434500     89.25   1033832   1701696         4    557016    205764     10352     16760         0
06:12:15 PM    214104   2723524   3845136     94.73    100232   2087448   5434500     89.25   1033880   1701700         0    557016    205764     10352     16760         0
06:12:16 PM    213980   2723444   3845260     94.73    100288   2087440   5434500     89.25   1033920   1701704         4    557016    205764     10352     16760         0
06:12:17 PM    213856   2723448   3845384     94.73    100420   2087444   5434500     89.25   1034080   1701708         0    557052    205764     10352     16760         0
06:12:18 PM    213856   2723516   3845384     94.73    100464   2087460   5434500     89.25   1034152   1701708         0    557088    205764     10352     16760         0
06:12:19 PM    213856   2723560   3845384     94.73    100500   2087464   5434500     89.25   1034192   1701712         4    557056    205764     10352     16760         0
06:12:20 PM    213856   2723588   3845384     94.73    100520   2087472   5434500     89.25   1034216   1701716         4    557056    205764     10352     16760         0
06:12:21 PM    213856   2723612   3845384     94.73    100544   2087472   5434500     89.25   1034240   1701716         4    557056    205764     10352     16760         0
06:12:22 PM    213856   2723620   3845384     94.73    100560   2087464   5434500     89.25   1034248   1701716         0    557056    205764     10352     16760         0
06:12:23 PM    213608   2723408   3845632     94.74    100612   2087452   5434500     89.25   1034316   1701720         0    557092    205764     10352     16760         0
06:12:24 PM    213732   2723600   3845508     94.73    100636   2087480   5434500     89.25   1034368   1701724         8    557092    205776     10352     16760         0
06:12:25 PM    213732   2723636   3845508     94.73    100692   2087460   5434500     89.25   1034404   1701724         0    557092    205776     10352     16760         0
06:12:26 PM    213732   2723688   3845508     94.73    100728   2087476   5434500     89.25   1034456   1701724         0    557092    205776     10352     16760         0
06:12:27 PM    213732   2723720   3845508     94.73    100772   2087472   5434500     89.25   1034488   1701724         0    557092    205776     10352     16760         0
06:12:28 PM    213732   2723756   3845508     94.73    100808   2087464   5434500     89.25   1034524   1701724         0    557092    205776     10352     16760         0
06:12:29 PM    213608   2723724   3845632     94.74    100888   2087476   5434500     89.25   1034636   1701736       100    557156    205776     10352     16760         0
06:12:30 PM    212120   2722324   3847120     94.77    100964   2087488   5434500     89.25   1036592   1701740         0    559060    205776     10352     16760         0
06:12:31 PM    212368   2722592   3846872     94.77    100984   2087488   5434500     89.25   1036284   1701740        12    558800    205776     10352     16760         0
06:12:32 PM    212368   2722644   3846872     94.77    101024   2087500   5438628     89.32   1036644   1701744        16    559012    205776     10352     16760         0
06:12:33 PM    212244   2722536   3846996     94.77    101044   2087496   5438628     89.32   1037040   1701744         8    559392    205776     10352     16760         0
06:12:34 PM    211872   2722184   3847368     94.78    101072   2087488   5438628     89.32   1037464   1701744         0    559776    205776     10352     16760         0
06:12:35 PM    218092   2728464   3841148     94.63    101128   2087492   5438628     89.32   1030328   1701748       176    552580    205776     10352     16760         0
06:12:36 PM    218272   2728752   3840968     94.62    101212   2087516   5448232     89.48   1030492   1701768         0    552648    205776     10368     16768         0
06:12:37 PM    218148   2728660   3841092     94.63    101240   2087520   5448232     89.48   1030668   1701768         4    552828    205776     10368     16768         0
06:12:38 PM    218148   2728692   3841092     94.63    101264   2087528   5448232     89.48   1030772   1701772         4    552868    205776     10368     16768         0
06:12:39 PM    218148   2728708   3841092     94.63    101284   2087524   5448232     89.48   1030788   1701772         0    552868    205776     10368     16768         0
06:12:40 PM    218024   2728596   3841216     94.63    101296   2087524   5448232     89.48   1030856   1701772         0    552932    205776     10368     16768         0
06:12:41 PM    218024   2728620   3841216     94.63    101328   2087516   5448232     89.48   1031080   1701772         0    553164    205776     10368     16768         0
06:12:42 PM    217032   2727784   3842208     94.65    101468   2087536   5448232     89.48   1032192   1701772         0    554124    205776     10368     16768         0
06:12:43 PM    216164   2726968   3843076     94.67    101516   2087536   5448232     89.48   1033096   1701776         4    554936    205776     10368     16768         0
06:12:44 PM    211452   2722316   3847788     94.79    101568   2087544   5448232     89.48   1037832   1701776         8    559620    205776     10368     16776         0
06:12:45 PM    209964   2720872   3849276     94.83    101620   2087536   5448232     89.48   1039372   1701776         4    561108    205776     10368     16776         0
06:12:46 PM    212320   2723304   3846920     94.77    101696   2087544   5448232     89.48   1036520   1701780         4    558184    205776     10368     16780         0
06:12:47 PM    212196   2723252   3847044     94.77    101764   2087544   5448232     89.48   1036596   1701780         0    558188    205776     10368     16780         0
06:12:48 PM    211204   2722340   3848036     94.80    101836   2087548   5448232     89.48   1036700   1701788        64    558220    205776     10368     16780         0
06:12:49 PM    211328   2722524   3847912     94.79    101880   2087564   5448232     89.48   1036768   1701792         4    558264    205776     10368     16780         0
06:12:50 PM    211328   2722552   3847912     94.79    101912   2087560   5448232     89.48   1036796   1701792         0    558264    205776     10368     16780         0
06:12:51 PM    211204   2722488   3848036     94.80    101960   2087568   5448232     89.48   1036848   1701796         4    558264    205780     10368     16780         0
06:12:52 PM    211204   2722516   3848036     94.80    101992   2087564   5448232     89.48   1036876   1701796         0    558232    205780     10368     16780         0
06:12:53 PM    211080   2722444   3848160     94.80    102048   2087560   5448232     89.48   1036932   1701792         8    558232    205780     10368     16780         0
06:12:54 PM    211576   2723036   3847664     94.79    102144   2087564   5448232     89.48   1037052   1701796         0    558260    205780     10368     16780         0
06:12:55 PM    211204   2722792   3848036     94.80    102256   2087576   5448232     89.48   1037188   1701800         8    558272    205780     10368     16780         0
06:12:56 PM    210832   2722448   3848408     94.81    102296   2087564   5448232     89.48   1037216   1701800         0    558304    205780     10368     16780         0
06:12:57 PM    210832   2722512   3848408     94.81    102348   2087576   5448232     89.48   1037276   1701804         4    558272    205780     10368     16780         0
06:12:58 PM    210832   2722556   3848408     94.81    102392   2087580   5448232     89.48   1037320   1701804         4    558272    205780     10368     16780         0
06:12:59 PM    210708   2722484   3848532     94.81    102448   2087580   5448232     89.48   1037372   1701804         8    558272    205780     10368     16780         0
06:13:00 PM    210584   2722508   3848656     94.81    102588   2087580   5448232     89.48   1037544   1701816         0    558308    205780     10368     16780         0
06:13:01 PM    208104   2720136   3851136     94.87    102692   2087584   5448232     89.48   1040512   1701824        48    561300    205780     10368     16780         0
06:13:02 PM    210460   2722532   3848780     94.82    102720   2087596   5448232     89.48   1037700   1701824        16    558324    205780     10368     16780         0
06:13:03 PM    210460   2722556   3848780     94.82    102748   2087604   5448232     89.48   1037724   1701824         0    558324    205780     10368     16780         0
06:13:04 PM    210336   2722480   3848904     94.82    102780   2087608   5448232     89.48   1037768   1701828         0    558356    205780     10368     16780         0
06:13:05 PM    210336   2722512   3848904     94.82    102816   2087608   5448232     89.48   1037808   1701820         8    558324    205780     10368     16780         0
06:13:06 PM    210088   2722320   3849152     94.82    102936   2087544   5448232     89.48   1037884   1701816       104    558372    205780     10368     16780         0
06:13:07 PM    210088   2722476   3849152     94.82    103024   2087608   5448232     89.48   1038068   1701808         0    558360    205780     10368     16780         0
06:13:08 PM    209964   2722404   3849276     94.83    103096   2087588   5448232     89.48   1038128   1701804         0    558364    205780     10368     16780         0
06:13:09 PM    209964   2722464   3849276     94.83    103140   2087604   5448232     89.48   1038184   1701808         0    558364    205780     10368     16780         0
06:13:10 PM    209964   2722516   3849276     94.83    103192   2087604   5448232     89.48   1038240   1701804        16    558364    205780     10368     16780         0
06:13:11 PM    209964   2722576   3849276     94.83    103236   2087620   5448232     89.48   1038296   1701808         4    558364    205780     10368     16780         0
06:13:12 PM    209840   2722516   3849400     94.83    103320   2087600   5448232     89.48   1038368   1701808       140    558404    205780     10368     16780         0
06:13:13 PM    208724   2721536   3850516     94.86    103440   2087624   5448232     89.48   1039468   1701816         0    559344    205780     10368     16780         0
06:13:14 PM    208352   2721232   3850888     94.87    103504   2087620   5448232     89.48   1040280   1701816         8    560000    205780     10368     16780         0
06:13:15 PM    207856   2720784   3851384     94.88    103556   2087616   5448232     89.48   1040672   1701808         0    560460    205780     10368     16780         0
06:13:16 PM    207360   2720356   3851880     94.89    103624   2087616   5448232     89.48   1041308   1701808         0    560996    205780     10368     16780         0
06:13:17 PM    207236   2720304   3852004     94.89    103692   2087628   5448232     89.48   1041572   1701808        12    561220    205780     10368     16780         0
06:13:18 PM    206368   2719496   3852872     94.92    103764   2087612   5448232     89.48   1042776   1701812         4    562344    205780     10368     16780         0
06:13:19 PM    212040   2725320   3847200     94.78    103892   2087632   5444144     89.41   1036544   1701820         8    555956    205780     10368     16780         0
06:13:20 PM    211916   2725264   3847324     94.78    103984   2087608   5444144     89.41   1036620   1701820        56    555964    205780     10368     16780         0
06:13:21 PM    211792   2725200   3847448     94.78    104024   2087640   5444144     89.41   1036684   1701816         4    555964    205780     10368     16780         0
06:13:22 PM    211792   2725252   3847448     94.78    104060   2087644   5444144     89.41   1036728   1701824         0    555964    205780     10368     16780         0
06:13:23 PM    211792   2725312   3847448     94.78    104128   2087636   5444144     89.41   1036792   1701820         4    555964    205780     10368     16780         0
06:13:24 PM    211792   2725368   3847448     94.78    104184   2087636   5444144     89.41   1036848   1701820         4    555964    205780     10368     16780         0
06:13:25 PM    211792   2725468   3847448     94.78    104288   2087636   5444144     89.41   1036948   1701828         0    556004    205780     10368     16780         0
06:13:26 PM    211544   2725320   3847696     94.79    104392   2087628   5444144     89.41   1037084   1701824        32    556004    205780     10368     16780         0
06:13:27 PM    211544   2725392   3847696     94.79    104452   2087644   5444144     89.41   1037160   1701824         4    556008    205780     10368     16780         0
06:13:28 PM    211544   2725460   3847696     94.79    104496   2087664   5444144     89.41   1037228   1701824         0    556008    205780     10368     16780         0
